0 0.611328125 0.7965277777777777 0.04453125 0.14305555555555555
0 0.191015625 0.9111111111111111 0.06796875 0.15
0 0.602734375 0.5215277777777778 0.02734375 0.0875
0 0.44375 0.7715277777777778 0.0515625 0.14027777777777778
0 0.697265625 0.44583333333333336 0.02265625 0.06388888888888888
0 0.780078125 0.45208333333333334 0.02109375 0.0625
0 0.759375 0.43680555555555556 0.0203125 0.05416666666666667
0 0.746875 0.4736111111111111 0.0234375 0.06388888888888888
0 0.492578125 0.6826388888888889 0.04140625 0.11805555555555555
0 0.63125 0.5368055555555555 0.0296875 0.09027777777777778
0 0.837109375 0.47638888888888886 0.02265625 0.058333333333333334
0 0.83828125 0.5361111111111111 0.028125 0.075
0 0.041796875 0.9201388888888888 0.07734375 0.13472222222222222
0 0.599609375 0.6069444444444444 0.03359375 0.1
0 0.734375 0.4083333333333333 0.01875 0.05277777777777778
0 0.83046875 0.4340277777777778 0.0203125 0.05138888888888889
0 0.70390625 0.39375 0.0203125 0.05416666666666667
0 0.860546875 0.50625 0.02421875 0.06805555555555555
0 0.9578125 0.8798611111111111 0.0484375 0.18194444444444444
0 0.70390625 0.5375 0.0296875 0.08888888888888889
0 0.8078125 0.4395833333333333 0.0203125 0.05694444444444444
0 0.2296875 0.9388888888888889 0.0734375 0.10833333333333334
0 0.855859375 0.38333333333333336 0.01796875 0.04722222222222222
0 0.865234375 0.4131944444444444 0.02109375 0.05694444444444444
0 0.769140625 0.39444444444444443 0.01171875 0.04722222222222222
0 0.737109375 0.3680555555555556 0.01484375 0.041666666666666664
0 0.901953125 0.5861111111111111 0.03984375 0.09166666666666666
0 0.395703125 0.9354166666666667 0.06484375 0.09861111111111111
0 0.833203125 0.39305555555555555 0.01640625 0.044444444444444446
1 0.317578125 0.75625 0.11796875 0.15138888888888888
1 0.1046875 0.7798611111111111 0.16875 0.16805555555555557
1 0.609765625 0.3659722222222222 0.03359375 0.05138888888888889
1 0.6984375 0.33125 0.028125 0.043055555555555555
1 0.66953125 0.3090277777777778 0.025 0.04027777777777778
2 0.448046875 0.5305555555555556 0.14921875 0.17777777777777778
