0 0.09609375 0.8923611111111112 0.0546875 0.2152777777777778
0 0.27890625 0.4486111111111111 0.03125 0.13055555555555556
0 0.298828125 0.3486111111111111 0.02109375 0.09444444444444444
0 0.35 0.28055555555555556 0.015625 0.075
0 0.38125 0.2951388888888889 0.015625 0.07361111111111111
0 0.375 0.21388888888888888 0.0125 0.058333333333333334
0 0.970703125 0.8638888888888889 0.05859375 0.18055555555555555
3 0.594921875 0.39305555555555555 0.12734375 0.3055555555555556
3 0.425390625 0.33541666666666664 0.06015625 0.14583333333333334
3 0.478515625 0.17083333333333334 0.03203125 0.08055555555555556
3 0.42578125 0.17916666666666667 0.046875 0.10277777777777777
3 0.51953125 0.23958333333333334 0.0421875 0.09305555555555556
3 0.679296875 0.25625 0.11328125 0.09583333333333334
