0 0.682421875 0.5041666666666667 0.02421875 0.06944444444444445
0 0.594921875 0.5027777777777778 0.02890625 0.08611111111111111
0 0.5734375 0.7590277777777777 0.0453125 0.1375
0 0.25859375 0.8819444444444444 0.0671875 0.1638888888888889
0 0.516796875 0.5763888888888888 0.03359375 0.09722222222222222
0 0.735546875 0.4756944444444444 0.02421875 0.0625
0 0.727734375 0.43472222222222223 0.02109375 0.05555555555555555
0 0.66875 0.46875 0.021875 0.06527777777777778
0 0.2984375 0.9256944444444445 0.0625 0.1375
0 0.837890625 0.39375 0.01953125 0.05416666666666667
0 0.82421875 0.38263888888888886 0.0171875 0.05416666666666667
0 0.799609375 0.3902777777777778 0.01796875 0.05
0 0.770703125 0.3506944444444444 0.01640625 0.04583333333333333
0 0.764453125 0.44027777777777777 0.01484375 0.05277777777777778
0 0.771484375 0.48125 0.02265625 0.06527777777777778
0 0.6390625 0.6409722222222223 0.0390625 0.10972222222222222
0 0.787890625 0.36875 0.01484375 0.043055555555555555
0 0.6796875 0.4395833333333333 0.0203125 0.05416666666666667
0 0.81796875 0.3125 0.0171875 0.03888888888888889
1 0.574609375 0.3958333333333333 0.04296875 0.06388888888888888
1 0.455859375 0.48125 0.06640625 0.0875
1 0.74453125 0.5423611111111111 0.06875 0.09583333333333334
1 0.665234375 0.39861111111111114 0.03828125 0.058333333333333334
1 0.703125 0.35347222222222224 0.0296875 0.04861111111111111
