5 0.730078125 0.66875 0.15234375 0.23506944444444444
5 0.533984375 0.4236111111111111 0.0708984375 0.12465277777777778
5 0.51796875 0.22777777777777777 0.0560546875 0.05
5 0.595703125 0.3111111111111111 0.0384765625 0.06041666666666667
5 0.61015625 0.28055555555555556 0.0453125 0.06041666666666667
5 0.595703125 0.3506944444444444 0.04609375 0.07083333333333333
5 0.665625 0.2638888888888889 0.044140625 0.05520833333333333
5 0.598046875 0.2423611111111111 0.05390625 0.05659722222222222
6 0.648828125 0.4375 0.0990234375 0.16944444444444445
5 0.521875 0.33402777777777776 0.0453125 0.07083333333333333
5 0.53046875 0.2833333333333333 0.046875 0.05243055555555556
5 0.26484375 0.2916666666666667 0.053125 0.08020833333333334
