2 0.542578125 0.37777777777777777 0.06796875 0.19166666666666668
2 0.39140625 0.2152777777777778 0.128125 0.08888888888888889
3 0.744921875 0.6111111111111112 0.17890625 0.3472222222222222
3 0.53515625 0.24444444444444444 0.059375 0.1111111111111111
1 0.6125 0.35694444444444445 0.0453125 0.08611111111111111
1 0.61328125 0.2916666666666667 0.04375 0.075
0 0.6984375 0.29305555555555557 0.0125 0.06111111111111111
0 0.301953125 0.2125 0.01953125 0.041666666666666664
0 0.263671875 0.21597222222222223 0.02109375 0.043055555555555555
0 0.483203125 0.22291666666666668 0.02265625 0.05694444444444444
1 0.67578125 0.2361111111111111 0.046875 0.041666666666666664
