4 0.469921875 0.25625 0.03984375 0.0625
4 0.72265625 0.4166666666666667 0.0328125 0.09930555555555555
4 0.72265625 0.3402777777777778 0.0294921875 0.08333333333333333
4 0.75625 0.8201388888888889 0.075390625 0.20833333333333334
4 0.16484375 0.7104166666666667 0.0560546875 0.20729166666666668
4 0.113671875 0.6256944444444444 0.0494140625 0.15104166666666666
4 0.08125 0.39375 0.055859375 0.059375
4 0.205859375 0.27708333333333335 0.0396484375 0.04895833333333333
4 0.211328125 0.49722222222222223 0.0431640625 0.11423611111111111
4 0.2921875 0.40694444444444444 0.0375 0.06944444444444445
4 0.312109375 0.48194444444444445 0.0416015625 0.08611111111111111
6 0.405078125 0.42291666666666666 0.1150390625 0.3013888888888889
4 0.305859375 0.3125 0.028125 0.08055555555555556
4 0.22109375 0.4152777777777778 0.0298828125 0.10555555555555556
4 0.33125 0.2791666666666667 0.0189453125 0.07430555555555556
4 0.34921875 0.31805555555555554 0.023046875 0.07743055555555556
4 0.391015625 0.2375 0.021875 0.06666666666666667
4 0.365234375 0.2111111111111111 0.015625 0.049305555555555554
4 0.35546875 0.23194444444444445 0.019921875 0.058680555555555555
