0 0.25859375 0.86875 0.0625 0.1625
0 0.35234375 0.7277777777777777 0.046875 0.12777777777777777
0 0.53359375 0.5729166666666666 0.0328125 0.09861111111111111
0 0.752734375 0.41944444444444445 0.02265625 0.058333333333333334
0 0.32421875 0.8986111111111111 0.0609375 0.14722222222222223
0 0.61953125 0.5875 0.0328125 0.09444444444444444
0 0.58125 0.7111111111111111 0.0421875 0.12222222222222222
0 0.7375 0.6618055555555555 0.0375 0.10416666666666667
0 0.646875 0.4791666666666667 0.0265625 0.07222222222222222
0 0.6765625 0.6416666666666667 0.0359375 0.10277777777777777
0 0.8421875 0.4263888888888889 0.01875 0.058333333333333334
0 0.7125 0.4326388888888889 0.015625 0.059722222222222225
0 0.803125 0.3951388888888889 0.01875 0.05416666666666667
0 0.4921875 0.7527777777777778 0.0453125 0.13055555555555556
0 0.719921875 0.39444444444444443 0.01953125 0.04722222222222222
0 0.670703125 0.4625 0.01328125 0.05555555555555555
0 0.576171875 0.6 0.03046875 0.09166666666666666
0 0.77734375 0.3902777777777778 0.01875 0.05
0 0.7375 0.37777777777777777 0.015625 0.044444444444444446
1 0.668359375 0.5625 0.09609375 0.11666666666666667
1 0.791796875 0.5638888888888889 0.10078125 0.11666666666666667
1 0.44765625 0.5854166666666667 0.0796875 0.10416666666666667
1 0.637109375 0.36736111111111114 0.03515625 0.05416666666666667
0 0.663671875 0.43472222222222223 0.01328125 0.05555555555555555
