0 0.722265625 0.38125 0.03046875 0.09583333333333334
0 0.7859375 0.5451388888888888 0.0625 0.1125
0 0.15078125 0.3784722222222222 0.0546875 0.0875
0 0.602734375 0.4527777777777778 0.03046875 0.1111111111111111
0 0.28203125 0.35208333333333336 0.0296875 0.08194444444444444
0 0.337890625 0.31527777777777777 0.02265625 0.07777777777777778
0 0.6046875 0.33611111111111114 0.021875 0.09166666666666666
0 0.302734375 0.2986111111111111 0.01953125 0.075
0 0.605859375 0.2673611111111111 0.01640625 0.06527777777777778
0 0.416796875 0.28680555555555554 0.01796875 0.07361111111111111
0 0.644140625 0.27361111111111114 0.01484375 0.075
0 0.583203125 0.24097222222222223 0.01640625 0.0625
0 0.260546875 0.4340277777777778 0.03203125 0.09027777777777778
0 0.354296875 0.2986111111111111 0.01796875 0.07222222222222222
0 0.4015625 0.2972222222222222 0.0234375 0.06388888888888888
1 0.331640625 0.4638888888888889 0.13046875 0.11666666666666667
1 0.4640625 0.5243055555555556 0.115625 0.12083333333333333
1 0.542578125 0.3 0.04609375 0.075
1 0.894921875 0.51875 0.16015625 0.11527777777777778
1 0.525 0.20208333333333334 0.025 0.05416666666666667
1 0.558203125 0.18888888888888888 0.02421875 0.04722222222222222
3 0.462890625 0.25555555555555554 0.04140625 0.11388888888888889
