0 0.713671875 0.4618055555555556 0.02265625 0.06805555555555555
0 0.791796875 0.4375 0.02421875 0.06111111111111111
0 0.66015625 0.4513888888888889 0.015625 0.05555555555555555
0 0.82421875 0.4652777777777778 0.025 0.06944444444444445
0 0.42578125 0.7840277777777778 0.05 0.13194444444444445
0 0.623046875 0.6020833333333333 0.03359375 0.09027777777777778
0 0.754296875 0.41180555555555554 0.02109375 0.05416666666666667
0 0.746484375 0.54375 0.03046875 0.08472222222222223
0 0.894140625 0.5763888888888888 0.03671875 0.09444444444444444
0 0.714453125 0.42083333333333334 0.02109375 0.05277777777777778
0 0.645703125 0.54375 0.02890625 0.07916666666666666
0 0.865625 0.42569444444444443 0.0234375 0.0625
0 0.36484375 0.7006944444444444 0.0390625 0.1125
0 0.598828125 0.6881944444444444 0.03671875 0.10972222222222222
0 0.55234375 0.66875 0.040625 0.1125
0 0.867578125 0.6875 0.04453125 0.13055555555555556
0 0.70625 0.7381944444444445 0.0375 0.10694444444444444
0 0.6859375 0.5506944444444445 0.028125 0.0763888888888889
0 0.82890625 0.39375 0.0203125 0.05138888888888889
0 0.68515625 0.46944444444444444 0.0234375 0.06666666666666667
0 0.685546875 0.6416666666666667 0.03203125 0.09444444444444444
0 0.386328125 0.76875 0.04140625 0.12916666666666668
0 0.7375 0.3923611111111111 0.0171875 0.05138888888888889
0 0.752734375 0.4701388888888889 0.01328125 0.05416666666666667
0 0.86796875 0.37916666666666665 0.01875 0.05
0 0.760546875 0.3680555555555556 0.01484375 0.041666666666666664
0 0.78359375 0.37083333333333335 0.015625 0.044444444444444446
0 0.7390625 0.49375 0.021875 0.059722222222222225
1 0.4734375 0.47638888888888886 0.05625 0.075
1 0.595703125 0.37569444444444444 0.03671875 0.05138888888888889
1 0.583203125 0.4395833333333333 0.05078125 0.07083333333333333
2 0.66015625 0.3527777777777778 0.05 0.08888888888888889
0 0.742578125 0.4618055555555556 0.01328125 0.05416666666666667
1 0.666796875 0.40902777777777777 0.03671875 0.04861111111111111
