0 0.651171875 0.325 0.01796875 0.08333333333333333
0 0.62109375 0.26875 0.0140625 0.06527777777777778
0 0.3140625 0.32222222222222224 0.0203125 0.08055555555555556
0 0.187890625 0.5465277777777777 0.03359375 0.14027777777777778
0 0.455078125 0.17291666666666666 0.01328125 0.04861111111111111
0 0.603515625 0.2152777777777778 0.01171875 0.05277777777777778
1 0.4265625 0.3333333333333333 0.05 0.1111111111111111
3 0.551171875 0.34375 0.07109375 0.15694444444444444
3 0.426953125 0.325 0.04453125 0.10277777777777777
2 0.5171875 0.1763888888888889 0.0296875 0.05555555555555555
