0 0.73046875 0.44722222222222224 0.0234375 0.10277777777777777
0 0.652734375 0.3229166666666667 0.01640625 0.08194444444444444
0 0.4046875 0.19444444444444445 0.0125 0.05277777777777778
0 0.542578125 0.18541666666666667 0.01328125 0.04583333333333333
1 0.4484375 0.28194444444444444 0.0390625 0.08611111111111111
3 0.378125 0.49444444444444446 0.1078125 0.30833333333333335
3 0.4484375 0.28194444444444444 0.0390625 0.08611111111111111
3 0.5109375 0.15902777777777777 0.0328125 0.08194444444444444
0 0.606640625 0.21180555555555555 0.01015625 0.0375
1 0.5828125 0.20069444444444445 0.03125 0.04027777777777778
