0 0.783984375 0.4083333333333333 0.01484375 0.05
0 0.651171875 0.5041666666666667 0.02109375 0.06388888888888888
0 0.55703125 0.7263888888888889 0.0421875 0.11666666666666667
0 0.831640625 0.36319444444444443 0.01328125 0.043055555555555555
0 0.5734375 0.5625 0.028125 0.08055555555555556
0 0.79140625 0.36944444444444446 0.0125 0.03888888888888889
0 0.681640625 0.4777777777777778 0.01953125 0.05277777777777778
0 0.73828125 0.7131944444444445 0.0421875 0.10694444444444444
0 0.66015625 0.4638888888888889 0.0203125 0.05277777777777778
0 0.762890625 0.4201388888888889 0.01484375 0.04861111111111111
0 0.8171875 0.47638888888888886 0.021875 0.06666666666666667
0 0.76796875 0.34791666666666665 0.0125 0.04027777777777778
0 0.48671875 0.7118055555555556 0.0453125 0.11527777777777778
0 0.68203125 0.5354166666666667 0.025 0.07083333333333333
0 0.762109375 0.4736111111111111 0.01953125 0.06388888888888888
0 0.727734375 0.5159722222222223 0.02265625 0.07361111111111111
0 0.743359375 0.43125 0.01796875 0.05416666666666667
0 0.84765625 0.5145833333333333 0.025 0.0763888888888889
0 0.621875 0.6013888888888889 0.0328125 0.09166666666666666
0 0.809765625 0.3701388888888889 0.01328125 0.043055555555555555
0 0.829296875 0.46111111111111114 0.01640625 0.05
0 0.151953125 0.9486111111111111 0.06796875 0.10277777777777777
0 0.782421875 0.31319444444444444 0.01015625 0.03194444444444444
0 0.73125 0.4652777777777778 0.0171875 0.04722222222222222
1 0.07421875 0.7375 0.1359375 0.13333333333333333
1 0.466796875 0.5159722222222223 0.07421875 0.09305555555555556
1 0.630078125 0.4479166666666667 0.03984375 0.06805555555555555
1 0.63046875 0.39166666666666666 0.034375 0.05277777777777778
1 0.501953125 0.44722222222222224 0.05078125 0.07222222222222222
1 0.591015625 0.4166666666666667 0.03671875 0.05555555555555555
1 0.691015625 0.38263888888888886 0.03359375 0.05416666666666667
1 0.698046875 0.33819444444444446 0.02109375 0.04583333333333333
1 0.666015625 0.30069444444444443 0.02109375 0.034722222222222224
1 0.6296875 0.32222222222222224 0.0265625 0.041666666666666664
1 0.699609375 0.3090277777777778 0.02109375 0.0375
