3 0.54140625 0.39791666666666664 0.1 0.24305555555555555
1 0.80390625 0.7861111111111111 0.190625 0.275
1 0.65390625 0.44722222222222224 0.078125 0.125
1 0.609765625 0.3506944444444444 0.04453125 0.0763888888888889
1 0.657421875 0.25277777777777777 0.03984375 0.041666666666666664
1 0.715625 0.2388888888888889 0.0390625 0.041666666666666664
1 0.501953125 0.23055555555555557 0.06328125 0.041666666666666664
1 0.31328125 0.21041666666666667 0.0515625 0.034722222222222224
0 0.373046875 0.21736111111111112 0.02265625 0.04027777777777778
0 0.40625 0.22361111111111112 0.028125 0.041666666666666664
0 0.71171875 0.34791666666666665 0.01875 0.06805555555555555
0 0.71171875 0.2847222222222222 0.015625 0.058333333333333334
3 0.629296875 0.20555555555555555 0.06640625 0.075
2 0.598046875 0.24305555555555555 0.04140625 0.06666666666666667
