1 0.525390625 0.3215277777777778 0.04140625 0.07083333333333333
1 0.239453125 0.2465277777777778 0.03984375 0.05694444444444444
1 0.60390625 0.2881944444444444 0.0359375 0.05694444444444444
0 0.16796875 0.34930555555555554 0.0171875 0.06527777777777778
0 0.17109375 0.3 0.0234375 0.044444444444444446
0 0.884765625 0.5770833333333333 0.03984375 0.12638888888888888
0 0.72265625 0.32916666666666666 0.0265625 0.05555555555555555
0 0.627734375 0.2298611111111111 0.02265625 0.02638888888888889
2 0.672265625 0.2465277777777778 0.04140625 0.07083333333333333
2 0.72734375 0.5402777777777777 0.184375 0.33611111111111114
