6 0.576171875 0.38472222222222224 0.115625 0.253125
4 0.86171875 0.7965277777777777 0.083203125 0.1986111111111111
4 0.263671875 0.7694444444444445 0.0541015625 0.1857638888888889
4 0.153125 0.83125 0.0578125 0.1597222222222222
4 0.0765625 0.40208333333333335 0.046875 0.08194444444444444
4 0.20703125 0.50625 0.04375 0.09826388888888889
4 0.3359375 0.46944444444444444 0.041015625 0.13576388888888888
4 0.40703125 0.4305555555555556 0.036328125 0.1284722222222222
4 0.285546875 0.4263888888888889 0.0322265625 0.1111111111111111
4 0.2703125 0.3840277777777778 0.0326171875 0.10729166666666666
4 0.207421875 0.4270833333333333 0.0380859375 0.11840277777777777
4 0.33125 0.3659722222222222 0.019140625 0.09583333333333334
4 0.30234375 0.31319444444444444 0.0314453125 0.07673611111111112
5 0.44921875 0.2604166666666667 0.04375 0.07361111111111111
5 0.613671875 0.25069444444444444 0.0556640625 0.07777777777777778
5 0.5234375 0.2298611111111111 0.0498046875 0.0763888888888889
4 0.399609375 0.23125 0.0134765625 0.059722222222222225
4 0.373046875 0.22291666666666668 0.02734375 0.08055555555555556
4 0.19921875 0.6361111111111111 0.0421875 0.1753472222222222
4 0.147265625 0.6215277777777778 0.0412109375 0.18715277777777778
4 0.34921875 0.2743055555555556 0.015625 0.06805555555555555
4 0.334765625 0.29097222222222224 0.01875 0.06770833333333333
4 0.321484375 0.25833333333333336 0.0166015625 0.06701388888888889
4 0.349609375 0.21944444444444444 0.015625 0.06111111111111111
4 0.55390625 0.22569444444444445 0.0125 0.05416666666666667
4 0.665625 0.23680555555555555 0.015625 0.059722222222222225
