0 0.52578125 0.7833333333333333 0.04375 0.1361111111111111
0 0.454296875 0.7701388888888889 0.04609375 0.1375
0 0.73125 0.4756944444444444 0.0234375 0.06527777777777778
0 0.817578125 0.5208333333333334 0.02421875 0.07222222222222222
0 0.775390625 0.6590277777777778 0.03828125 0.10972222222222222
0 0.66484375 0.7423611111111111 0.0390625 0.12361111111111112
0 0.787890625 0.4986111111111111 0.01640625 0.06944444444444445
0 0.8390625 0.49444444444444446 0.021875 0.06111111111111111
0 0.6375 0.49375 0.025 0.0763888888888889
0 0.81015625 0.46111111111111114 0.0203125 0.058333333333333334
0 0.61328125 0.6694444444444444 0.034375 0.10555555555555556
0 0.846875 0.5611111111111111 0.0359375 0.09166666666666666
0 0.684375 0.5875 0.03125 0.09444444444444444
0 0.658203125 0.4465277777777778 0.02265625 0.0625
0 0.877734375 0.4736111111111111 0.02421875 0.06666666666666667
0 0.68359375 0.5180555555555556 0.0265625 0.06944444444444445
0 0.61796875 0.5298611111111111 0.028125 0.0875
0 0.852734375 0.4618055555555556 0.02109375 0.059722222222222225
0 0.492578125 0.6625 0.03984375 0.11666666666666667
0 0.871484375 0.5611111111111111 0.03671875 0.08888888888888889
0 0.583984375 0.7527777777777778 0.04140625 0.125
0 0.716015625 0.4465277777777778 0.01953125 0.05694444444444444
0 0.832421875 0.4173611111111111 0.02109375 0.05416666666666667
0 0.816796875 0.3993055555555556 0.02109375 0.04861111111111111
0 0.77578125 0.425 0.0203125 0.05555555555555555
0 0.73984375 0.4444444444444444 0.015625 0.05
0 0.77890625 0.34305555555555556 0.015625 0.044444444444444446
0 0.790625 0.4395833333333333 0.0171875 0.05416666666666667
0 0.80703125 0.32708333333333334 0.015625 0.0375
1 0.737890625 0.41041666666666665 0.03671875 0.05416666666666667
1 0.716015625 0.3701388888888889 0.03359375 0.05416666666666667
1 0.643359375 0.37083333333333335 0.03046875 0.05277777777777778
1 0.02734375 0.9104166666666667 0.053125 0.16805555555555557
0 0.77421875 0.4791666666666667 0.0140625 0.07222222222222222
0 0.650390625 0.3840277777777778 0.01484375 0.043055555555555555
