0 0.097265625 0.46805555555555556 0.04296875 0.1111111111111111
0 0.166015625 0.35625 0.02109375 0.07916666666666666
0 0.797265625 0.45 0.02578125 0.09722222222222222
0 0.699609375 0.2652777777777778 0.02578125 0.05
1 0.758984375 0.6902777777777778 0.14296875 0.2
3 0.17109375 0.18958333333333333 0.0515625 0.09027777777777778
3 0.231640625 0.19166666666666668 0.05078125 0.06666666666666667
3 0.548828125 0.3770833333333333 0.11640625 0.3263888888888889
3 0.6046875 0.22569444444444445 0.1078125 0.11805555555555555
1 0.72421875 0.22361111111111112 0.0375 0.044444444444444446
