0 0.161328125 0.8986111111111111 0.05546875 0.20277777777777778
0 0.383984375 0.37430555555555556 0.01953125 0.0763888888888889
0 0.471484375 0.5159722222222223 0.02734375 0.12083333333333333
0 0.5296875 0.4375 0.01875 0.09444444444444444
0 0.51796875 0.35138888888888886 0.0171875 0.07777777777777778
0 0.437109375 0.26319444444444445 0.01796875 0.0625
0 0.4921875 0.2611111111111111 0.0125 0.05555555555555555
0 0.523046875 0.26319444444444445 0.01015625 0.04583333333333333
0 0.534765625 0.24375 0.01015625 0.04583333333333333
0 0.508203125 0.25763888888888886 0.01171875 0.04861111111111111
1 0.5015625 0.22152777777777777 0.028125 0.05138888888888889
