0 0.9484375 0.7986111111111112 0.05625 0.15833333333333333
0 0.5890625 0.4340277777777778 0.0515625 0.10138888888888889
0 0.7296875 0.6430555555555556 0.0390625 0.14444444444444443
0 0.30859375 0.5076388888888889 0.0328125 0.12361111111111112
0 0.758984375 0.7722222222222223 0.04140625 0.17222222222222222
0 0.094921875 0.6604166666666667 0.04609375 0.14583333333333334
0 0.39921875 0.3402777777777778 0.021875 0.09166666666666666
0 0.11953125 0.5201388888888889 0.040625 0.1125
0 0.22734375 0.6159722222222223 0.0359375 0.14583333333333334
0 0.736328125 0.5069444444444444 0.03046875 0.11944444444444445
0 0.26171875 0.6881944444444444 0.034375 0.1625
0 0.8546875 0.9083333333333333 0.0796875 0.17777777777777778
0 0.798046875 0.5895833333333333 0.03828125 0.14583333333333334
0 0.58203125 0.3 0.0203125 0.07777777777777778
0 0.01953125 0.5180555555555556 0.0390625 0.1
0 0.380859375 0.5180555555555556 0.02890625 0.1361111111111111
0 0.360546875 0.42430555555555555 0.02421875 0.10694444444444444
0 0.33671875 0.7555555555555555 0.0421875 0.17777777777777778
0 0.0640625 0.5895833333333333 0.0453125 0.12083333333333333
0 0.3078125 0.6729166666666667 0.0328125 0.15416666666666667
0 0.328515625 0.5631944444444444 0.03046875 0.1486111111111111
0 0.548828125 0.25833333333333336 0.02265625 0.06666666666666667
0 0.089453125 0.5472222222222223 0.03671875 0.11388888888888889
0 0.68359375 0.4965277777777778 0.034375 0.11527777777777778
0 0.667578125 0.39861111111111114 0.02578125 0.09444444444444444
0 0.2578125 0.8930555555555556 0.0515625 0.17777777777777778
0 0.6125 0.33958333333333335 0.0203125 0.0763888888888889
0 0.629296875 0.3972222222222222 0.02734375 0.09444444444444444
0 0.66015625 0.32430555555555557 0.021875 0.07083333333333333
0 0.64375 0.40625 0.03125 0.0875
0 0.336328125 0.3402777777777778 0.02421875 0.09444444444444444
0 0.696875 0.38125 0.0296875 0.07916666666666666
0 0.37109375 0.39305555555555555 0.0234375 0.09444444444444444
0 0.72265625 0.4083333333333333 0.025 0.08611111111111111
1 0.627734375 0.5868055555555556 0.10546875 0.17083333333333334
1 0.3640625 0.31319444444444444 0.04375 0.0875
1 0.065625 0.46597222222222223 0.115625 0.10416666666666667
1 0.464453125 0.17222222222222222 0.02109375 0.06388888888888888
3 0.41640625 0.85 0.1421875 0.3
3 0.442578125 0.28541666666666665 0.04296875 0.1125
2 0.26796875 0.3715277777777778 0.128125 0.12638888888888888
