0 0.158984375 0.8548611111111111 0.04921875 0.1986111111111111
0 0.91796875 0.7555555555555555 0.05 0.16666666666666666
0 0.3296875 0.7395833333333334 0.0390625 0.19305555555555556
0 0.562890625 0.7152777777777778 0.03828125 0.16666666666666666
0 0.167578125 0.6993055555555555 0.04140625 0.16805555555555557
0 0.31484375 0.5631944444444444 0.028125 0.14583333333333334
0 0.656640625 0.35555555555555557 0.02421875 0.08888888888888889
0 0.2515625 0.4548611111111111 0.025 0.11805555555555555
0 0.184375 0.5638888888888889 0.03125 0.14722222222222223
0 0.25 0.7027777777777777 0.0390625 0.17777777777777778
0 0.198046875 0.43333333333333335 0.02890625 0.10555555555555556
0 0.52109375 0.4673611111111111 0.03125 0.12083333333333333
0 0.254296875 0.35555555555555557 0.03828125 0.08888888888888889
0 0.2234375 0.9263888888888889 0.046875 0.14444444444444443
0 0.72421875 0.46944444444444444 0.028125 0.10833333333333334
0 0.78125 0.5215277777777778 0.03125 0.10694444444444444
0 0.808203125 0.4618055555555556 0.03984375 0.09305555555555556
0 0.184765625 0.4895833333333333 0.02734375 0.1125
0 0.486328125 0.3277777777777778 0.01640625 0.07777777777777778
0 0.23671875 0.6013888888888889 0.0296875 0.13055555555555556
0 0.723046875 0.3423611111111111 0.02421875 0.07916666666666666
1 0.050390625 0.5465277777777777 0.09765625 0.14583333333333334
1 0.755859375 0.6513888888888889 0.14296875 0.19722222222222222
1 0.533984375 0.2652777777777778 0.03984375 0.08055555555555556
1 0.558984375 0.2111111111111111 0.02890625 0.05277777777777778
1 0.01875 0.4465277777777778 0.0375 0.0875
1 0.345703125 0.17083333333333334 0.03359375 0.05
2 0.362109375 0.3701388888888889 0.12734375 0.22083333333333333
3 0.58984375 0.40347222222222223 0.08125 0.17916666666666667
3 0.4578125 0.18611111111111112 0.0390625 0.10277777777777777
3 0.45390625 0.8979166666666667 0.159375 0.20416666666666666
3 0.448046875 0.4513888888888889 0.09921875 0.29444444444444445
3 0.505078125 0.16041666666666668 0.03359375 0.0875
0 0.48984375 0.2916666666666667 0.0171875 0.058333333333333334
