0 0.331640625 0.28402777777777777 0.01640625 0.07361111111111111
0 0.29921875 0.36319444444444443 0.01875 0.09583333333333334
0 0.662890625 0.29583333333333334 0.01640625 0.075
0 0.634765625 0.34097222222222223 0.02109375 0.08472222222222223
0 0.6265625 0.24583333333333332 0.0140625 0.058333333333333334
0 0.373828125 0.2951388888888889 0.01484375 0.06805555555555555
0 0.42265625 0.20555555555555555 0.0109375 0.05277777777777778
0 0.158203125 0.6277777777777778 0.04453125 0.17777777777777778
0 0.16953125 0.53125 0.0328125 0.1375
0 0.38984375 0.25416666666666665 0.0140625 0.044444444444444446
0 0.503515625 0.18194444444444444 0.01015625 0.04722222222222222
0 0.355078125 0.26319444444444445 0.01015625 0.05694444444444444
