0 0.391015625 0.38055555555555554 0.02578125 0.09444444444444444
3 0.584765625 0.5569444444444445 0.14140625 0.30833333333333335
1 0.778515625 0.7013888888888888 0.16953125 0.18611111111111112
1 0.578515625 0.2638888888888889 0.04765625 0.06388888888888888
1 0.64375 0.2638888888888889 0.0359375 0.04722222222222222
0 0.708203125 0.31527777777777777 0.01484375 0.058333333333333334
2 0.6984375 0.2222222222222222 0.0484375 0.07222222222222222
2 0.639453125 0.4076388888888889 0.07734375 0.15694444444444444
1 0.490625 0.21944444444444444 0.0609375 0.05
3 0.17421875 0.1701388888888889 0.05625 0.08194444444444444
0 0.3515625 0.22152777777777777 0.025 0.043055555555555555
0 0.11484375 0.19027777777777777 0.0171875 0.03888888888888889
0 0.501953125 0.24930555555555556 0.03984375 0.04583333333333333
