1 0.801171875 0.7881944444444444 0.18203125 0.2513888888888889
3 0.283203125 0.1909722222222222 0.09140625 0.0875
0 0.7171875 0.2701388888888889 0.0171875 0.04027777777777778
0 0.613671875 0.225 0.01953125 0.025
0 0.53046875 0.22916666666666666 0.025 0.03611111111111111
0 0.45546875 0.23194444444444445 0.0234375 0.044444444444444446
0 0.151171875 0.3284722222222222 0.02109375 0.07083333333333333
3 0.351953125 0.3784722222222222 0.11953125 0.37916666666666665
2 0.118359375 0.5277777777777778 0.09921875 0.18055555555555555
1 0.57734375 0.29791666666666666 0.0421875 0.07361111111111111
