0 0.224609375 0.9069444444444444 0.06484375 0.18611111111111112
0 0.328515625 0.6090277777777777 0.03359375 0.1486111111111111
0 0.252734375 0.6201388888888889 0.02890625 0.15416666666666667
0 0.449609375 0.7118055555555556 0.03671875 0.1625
0 0.55625 0.8173611111111111 0.0421875 0.1875
0 0.525390625 0.6576388888888889 0.03515625 0.13472222222222222
0 0.371484375 0.4111111111111111 0.01953125 0.09722222222222222
0 0.444140625 0.4326388888888889 0.02109375 0.10138888888888889
0 0.47578125 0.43125 0.021875 0.09027777777777778
0 0.508203125 0.4722222222222222 0.02734375 0.10277777777777777
0 0.53984375 0.5111111111111111 0.0234375 0.11944444444444445
0 0.4015625 0.32569444444444445 0.0203125 0.07083333333333333
0 0.502734375 0.37430555555555556 0.01640625 0.07916666666666666
