0 0.880078125 0.8930555555555556 0.05703125 0.175
0 0.260546875 0.5354166666666667 0.02734375 0.13194444444444445
0 0.81796875 0.9097222222222222 0.05625 0.1638888888888889
0 0.143359375 0.6430555555555556 0.03828125 0.15
0 0.055078125 0.9069444444444444 0.05703125 0.17222222222222222
0 0.82890625 0.7263888888888889 0.0453125 0.15833333333333333
0 0.239453125 0.6611111111111111 0.04921875 0.15555555555555556
0 0.7546875 0.5888888888888889 0.028125 0.14444444444444443
0 0.79296875 0.5583333333333333 0.03125 0.125
0 0.6671875 0.3923611111111111 0.021875 0.034722222222222224
0 0.29140625 0.40902777777777777 0.0296875 0.10138888888888889
0 0.308984375 0.3159722222222222 0.02109375 0.08472222222222223
0 0.184375 0.525 0.0328125 0.12777777777777777
0 0.190234375 0.8958333333333334 0.07578125 0.15833333333333333
0 0.589453125 0.9256944444444445 0.06015625 0.14027777777777778
0 0.3328125 0.4354166666666667 0.025 0.1125
0 0.7078125 0.6076388888888888 0.034375 0.1486111111111111
0 0.3046875 0.575 0.0296875 0.15
0 0.3453125 0.36527777777777776 0.021875 0.09444444444444444
0 0.610546875 0.36944444444444446 0.02890625 0.08888888888888889
0 0.30546875 0.46111111111111114 0.0203125 0.11388888888888889
0 0.339453125 0.29583333333333334 0.01796875 0.07777777777777778
0 0.645703125 0.35347222222222224 0.01953125 0.0875
0 0.72890625 0.5166666666666667 0.0234375 0.09444444444444444
0 0.77890625 0.4444444444444444 0.0515625 0.075
0 0.548046875 0.27152777777777776 0.01484375 0.0625
0 0.575 0.28958333333333336 0.0125 0.059722222222222225
1 0.394140625 0.2673611111111111 0.03515625 0.08194444444444444
1 0.559375 0.3576388888888889 0.0578125 0.10694444444444444
1 0.4109375 0.6326388888888889 0.075 0.2013888888888889
1 0.417578125 0.2111111111111111 0.02890625 0.058333333333333334
3 0.619140625 0.5534722222222223 0.11953125 0.29305555555555557
2 0.463671875 0.3923611111111111 0.06328125 0.15694444444444444
3 0.45625 0.2569444444444444 0.0484375 0.12222222222222222
0 0.66875 0.4395833333333333 0.021875 0.05138888888888889
0 0.718359375 0.47152777777777777 0.01796875 0.0875
0 0.71328125 0.3993055555555556 0.04375 0.0875
