0 0.18125 0.25416666666666665 0.0140625 0.04722222222222222
0 0.266015625 0.2048611111111111 0.01796875 0.04583333333333333
0 0.454296875 0.22361111111111112 0.02578125 0.041666666666666664
2 0.65234375 0.725 0.25 0.5416666666666666
2 0.896484375 0.7618055555555555 0.20703125 0.4486111111111111
2 0.627734375 0.24791666666666667 0.06015625 0.11527777777777778
1 0.637890625 0.40902777777777777 0.05859375 0.08472222222222223
1 0.51796875 0.31666666666666665 0.040625 0.06388888888888888
1 0.52890625 0.39305555555555555 0.0546875 0.07222222222222222
1 0.6015625 0.33541666666666664 0.0484375 0.07083333333333333
1 0.535546875 0.49444444444444446 0.07109375 0.125
2 0.551953125 0.2659722222222222 0.05234375 0.07361111111111111
