5 0.406640625 0.45902777777777776 0.06796875 0.14444444444444443
4 0.18359375 0.6756944444444445 0.064453125 0.13506944444444444
4 0.077734375 0.4 0.0603515625 0.07256944444444445
4 0.3171875 0.3486111111111111 0.027734375 0.09965277777777778
4 0.381640625 0.3506944444444444 0.0228515625 0.07777777777777778
4 0.354296875 0.27291666666666664 0.0275390625 0.0763888888888889
4 0.630078125 0.25763888888888886 0.0333984375 0.07326388888888889
4 0.498828125 0.2534722222222222 0.0390625 0.06666666666666667
4 0.395703125 0.21736111111111112 0.0208984375 0.05555555555555555
4 0.376171875 0.2972222222222222 0.01640625 0.058333333333333334
