0 0.410546875 0.8972222222222223 0.04296875 0.18611111111111112
0 0.1625 0.8395833333333333 0.053125 0.22916666666666666
0 0.498828125 0.6229166666666667 0.03203125 0.1486111111111111
0 0.5046875 0.4888888888888889 0.025 0.09722222222222222
0 0.516015625 0.40555555555555556 0.01953125 0.08055555555555556
0 0.308203125 0.5097222222222222 0.02109375 0.11944444444444445
0 0.551171875 0.32708333333333334 0.01796875 0.07916666666666666
1 0.490625 0.3388888888888889 0.0421875 0.08333333333333333
1 0.3859375 0.44930555555555557 0.0765625 0.15138888888888888
0 0.43984375 0.29930555555555555 0.0140625 0.0625
0 0.523046875 0.2881944444444444 0.01484375 0.05416666666666667
0 0.4 0.3333333333333333 0.0171875 0.06944444444444445
