0 0.403515625 0.8145833333333333 0.05546875 0.14583333333333334
0 0.466015625 0.8409722222222222 0.05234375 0.14305555555555555
0 0.669140625 0.8777777777777778 0.04921875 0.14166666666666666
0 0.690234375 0.5875 0.03203125 0.08888888888888889
0 0.86953125 0.5458333333333333 0.0328125 0.08333333333333333
0 0.66015625 0.6888888888888889 0.040625 0.10555555555555556
0 0.558984375 0.6298611111111111 0.03203125 0.09583333333333334
0 0.528125 0.6041666666666666 0.034375 0.09722222222222222
0 0.723046875 0.4548611111111111 0.02734375 0.06527777777777778
0 0.58671875 0.6701388888888888 0.0359375 0.10694444444444444
0 0.619140625 0.5583333333333333 0.03515625 0.09444444444444444
0 0.73984375 0.6027777777777777 0.0375 0.09444444444444444
0 0.359375 0.6833333333333333 0.0484375 0.125
0 0.70078125 0.4951388888888889 0.0265625 0.06805555555555555
0 0.803125 0.49236111111111114 0.025 0.06805555555555555
0 0.83359375 0.49583333333333335 0.028125 0.07222222222222222
0 0.7984375 0.45208333333333334 0.0234375 0.05138888888888889
0 0.86484375 0.41180555555555554 0.0234375 0.059722222222222225
0 0.577734375 0.5708333333333333 0.02421875 0.06666666666666667
0 0.778515625 0.40555555555555556 0.02265625 0.05555555555555555
0 0.84140625 0.38263888888888886 0.01875 0.05416666666666667
0 0.8078125 0.38958333333333334 0.0203125 0.05138888888888889
1 0.869921875 0.6416666666666667 0.14453125 0.12777777777777777
1 0.62734375 0.3909722222222222 0.0390625 0.05694444444444444
1 0.6046875 0.35555555555555557 0.0296875 0.041666666666666664
1 0.696875 0.42569444444444443 0.046875 0.0763888888888889
1 0.762109375 0.5354166666666667 0.05859375 0.09027777777777778
1 0.660546875 0.35625 0.03671875 0.0625
1 0.576171875 0.38472222222222224 0.03828125 0.058333333333333334
1 0.627734375 0.33541666666666664 0.02734375 0.043055555555555555
