0 0.08984375 0.6569444444444444 0.0609375 0.18055555555555555
0 0.880078125 0.7013888888888888 0.05703125 0.17777777777777778
0 0.893359375 0.8930555555555556 0.06796875 0.20277777777777778
0 0.651171875 0.21458333333333332 0.01640625 0.05416666666666667
0 0.6125 0.2263888888888889 0.01875 0.05555555555555555
0 0.309375 0.4083333333333333 0.0328125 0.10555555555555556
0 0.64921875 0.28402777777777777 0.0203125 0.07083333333333333
0 0.478515625 0.20277777777777778 0.01640625 0.05277777777777778
0 0.57265625 0.17152777777777778 0.0140625 0.043055555555555555
1 0.60390625 0.5298611111111111 0.10625 0.17916666666666667
3 0.562890625 0.28194444444444444 0.05703125 0.11944444444444445
