0 0.36875 0.26458333333333334 0.0109375 0.05416666666666667
0 0.636328125 0.2965277777777778 0.01796875 0.07083333333333333
0 0.583203125 0.46111111111111114 0.02265625 0.10277777777777777
0 0.348828125 0.3263888888888889 0.01953125 0.08333333333333333
1 0.626953125 0.38055555555555554 0.05234375 0.09444444444444444
1 0.58828125 0.2708333333333333 0.03125 0.06111111111111111
3 0.433203125 0.1840277777777778 0.03359375 0.07916666666666666
3 0.20625 0.4201388888888889 0.0546875 0.12916666666666668
3 0.519921875 0.2125 0.03203125 0.07777777777777778
1 0.475 0.20208333333333334 0.0234375 0.04027777777777778
