0 0.730078125 0.4236111111111111 0.02578125 0.06111111111111111
0 0.40703125 0.7840277777777778 0.0515625 0.13194444444444445
0 0.4015625 0.9083333333333333 0.0671875 0.14722222222222223
0 0.869921875 0.4479166666666667 0.02734375 0.0625
0 0.8484375 0.5048611111111111 0.0296875 0.07361111111111111
0 0.7609375 0.4895833333333333 0.0265625 0.06805555555555555
0 0.487109375 0.7590277777777777 0.04921875 0.13194444444444445
0 0.80859375 0.4097222222222222 0.021875 0.05555555555555555
0 0.790234375 0.47847222222222224 0.02578125 0.07083333333333333
0 0.822265625 0.7993055555555556 0.04609375 0.13194444444444445
0 0.697265625 0.6430555555555556 0.03515625 0.08888888888888889
0 0.8625 0.5604166666666667 0.034375 0.08472222222222223
0 0.80546875 0.6847222222222222 0.040625 0.1111111111111111
0 0.690625 0.45208333333333334 0.0203125 0.059722222222222225
0 0.55625 0.8145833333333333 0.05 0.1375
0 0.472265625 0.6465277777777778 0.04140625 0.10416666666666667
0 0.586328125 0.6298611111111111 0.02578125 0.09305555555555556
0 0.72890625 0.9090277777777778 0.0515625 0.12638888888888888
0 0.7328125 0.5756944444444444 0.0328125 0.0875
0 0.634375 0.5368055555555555 0.0328125 0.09027777777777778
0 0.76953125 0.8263888888888888 0.0453125 0.12777777777777777
0 0.715625 0.7854166666666667 0.0390625 0.10694444444444444
0 0.688671875 0.7166666666666667 0.03671875 0.10277777777777777
0 0.5640625 0.6006944444444444 0.0203125 0.08194444444444444
0 0.69453125 0.5041666666666667 0.0203125 0.06666666666666667
0 0.7703125 0.40902777777777777 0.0203125 0.05416666666666667
0 0.508984375 0.675 0.03828125 0.10277777777777777
0 0.738671875 0.53125 0.02734375 0.06805555555555555
0 0.77734375 0.4479166666666667 0.021875 0.05694444444444444
0 0.83359375 0.39375 0.01875 0.05416666666666667
0 0.853515625 0.3819444444444444 0.01796875 0.05
0 0.73203125 0.37916666666666665 0.0234375 0.05
1 0.527734375 0.43680555555555556 0.05390625 0.0763888888888889
0 0.709375 0.48819444444444443 0.01875 0.059722222222222225
0 0.56484375 0.5381944444444444 0.01875 0.05694444444444444
