0 0.753515625 0.46041666666666664 0.02421875 0.10694444444444444
0 0.356640625 0.28125 0.01640625 0.0763888888888889
0 0.272265625 0.39166666666666666 0.02421875 0.10277777777777777
0 0.15078125 0.6694444444444444 0.04375 0.17777777777777778
0 0.1921875 0.47847222222222224 0.0328125 0.12083333333333333
0 0.319140625 0.30972222222222223 0.01796875 0.07777777777777778
0 0.145703125 0.5736111111111111 0.03515625 0.1388888888888889
0 0.4 0.20555555555555555 0.0140625 0.05555555555555555
1 0.659375 0.7277777777777777 0.1421875 0.25555555555555554
3 0.567578125 0.3625 0.07109375 0.175
3 0.52734375 0.23541666666666666 0.040625 0.09583333333333334
3 0.519921875 0.1527777777777778 0.03515625 0.08055555555555556
