0 0.980078125 0.9055555555555556 0.03671875 0.14166666666666666
0 0.208203125 0.475 0.03046875 0.13055555555555556
0 0.598828125 0.28125 0.01328125 0.059722222222222225
0 0.65 0.30833333333333335 0.015625 0.06944444444444445
0 0.01015625 0.9194444444444444 0.0203125 0.09444444444444444
1 0.565234375 0.22569444444444445 0.03046875 0.0625
3 0.297265625 0.7701388888888889 0.19609375 0.4597222222222222
3 0.447265625 0.22777777777777777 0.03828125 0.1
3 0.47890625 0.14375 0.025 0.05694444444444444
1 0.62109375 0.24583333333333332 0.0390625 0.04722222222222222
3 0.522265625 0.22291666666666668 0.03984375 0.09861111111111111
