0 0.112890625 0.6576388888888889 0.06015625 0.1736111111111111
0 0.23046875 0.5604166666666667 0.0421875 0.14027777777777778
0 0.633984375 0.22916666666666666 0.01796875 0.06111111111111111
0 0.66015625 0.2263888888888889 0.0171875 0.06388888888888888
0 0.909765625 0.5618055555555556 0.03828125 0.1125
0 0.6203125 0.1875 0.0171875 0.05
0 0.407421875 0.17083333333333334 0.01484375 0.05
1 0.51875 0.19930555555555557 0.028125 0.059722222222222225
2 0.054296875 0.8680555555555556 0.10859375 0.25
3 0.416015625 0.41944444444444445 0.11015625 0.2777777777777778
3 0.44765625 0.2 0.046875 0.1111111111111111
3 0.775390625 0.6319444444444444 0.44921875 0.7222222222222222
