0 0.89296875 0.75625 0.053125 0.1597222222222222
0 0.1734375 0.6881944444444444 0.0390625 0.1875
0 0.29765625 0.6180555555555556 0.0296875 0.1527777777777778
0 0.22109375 0.8368055555555556 0.0390625 0.1736111111111111
0 0.705078125 0.3819444444444444 0.03203125 0.09166666666666666
0 0.965234375 0.9222222222222223 0.05546875 0.1527777777777778
0 0.615234375 0.40902777777777777 0.02265625 0.09583333333333334
0 0.1375 0.9361111111111111 0.0671875 0.12777777777777777
0 0.50390625 0.7722222222222223 0.034375 0.17222222222222222
0 0.6734375 0.4173611111111111 0.0234375 0.09027777777777778
0 0.251171875 0.7006944444444444 0.03828125 0.16805555555555557
0 0.85390625 0.6833333333333333 0.0421875 0.12777777777777777
0 0.298046875 0.35138888888888886 0.02890625 0.09722222222222222
0 0.005859375 0.9222222222222223 0.01171875 0.10555555555555556
0 0.3390625 0.2916666666666667 0.01875 0.06666666666666667
0 0.604296875 0.3111111111111111 0.02265625 0.07777777777777778
1 0.4171875 0.24097222222222223 0.034375 0.06805555555555555
1 0.4625 0.2569444444444444 0.03125 0.075
1 0.3765625 0.3138888888888889 0.05 0.08333333333333333
1 0.524609375 0.2423611111111111 0.03828125 0.059722222222222225
3 0.751953125 0.5881944444444445 0.16953125 0.3875
3 0.554296875 0.3034722222222222 0.06015625 0.1375
3 0.6359375 0.6152777777777778 0.1484375 0.36666666666666664
3 0.4390625 0.38055555555555554 0.084375 0.22777777777777777
2 0.401171875 0.6888888888888889 0.14140625 0.38055555555555554
0 0.515625 0.7131944444444445 0.040625 0.15416666666666667
0 0.867578125 0.6138888888888889 0.04609375 0.09444444444444444
0 0.65078125 0.4166666666666667 0.025 0.06666666666666667
0 0.646875 0.36736111111111114 0.0203125 0.0625
