3 0.2296875 0.41944444444444445 0.125 0.24722222222222223
3 0.689453125 0.22361111111111112 0.05390625 0.06944444444444445
3 0.541015625 0.35694444444444445 0.09296875 0.2972222222222222
3 0.755859375 0.6729166666666667 0.48359375 0.6486111111111111
1 0.23359375 0.25763888888888886 0.0421875 0.059722222222222225
1 0.2078125 0.21388888888888888 0.0328125 0.04722222222222222
1 0.591796875 0.2298611111111111 0.05703125 0.043055555555555555
1 0.182421875 0.18263888888888888 0.02109375 0.03194444444444444
0 0.128515625 0.38055555555555554 0.02890625 0.08055555555555556
0 0.378515625 0.21944444444444444 0.02734375 0.041666666666666664
