0 0.691015625 0.5458333333333333 0.07421875 0.1111111111111111
0 0.619921875 0.48819444444444443 0.06953125 0.10416666666666667
0 0.236328125 0.36944444444444446 0.03671875 0.09444444444444444
0 0.667578125 0.2986111111111111 0.01953125 0.07777777777777778
0 0.15 0.5166666666666667 0.0703125 0.10833333333333334
0 0.3171875 0.32569444444444445 0.0234375 0.08472222222222223
0 0.52421875 0.9333333333333333 0.0484375 0.11388888888888889
0 0.36953125 0.3138888888888889 0.0234375 0.07777777777777778
0 0.609765625 0.25416666666666665 0.01953125 0.06388888888888888
0 0.4015625 0.2972222222222222 0.0203125 0.07222222222222222
0 0.28203125 0.34930555555555554 0.0234375 0.0875
0 0.548046875 0.29930555555555555 0.02265625 0.06805555555555555
0 0.695703125 0.32569444444444445 0.02265625 0.08194444444444444
0 0.580859375 0.2048611111111111 0.01484375 0.05416666666666667
1 0.5109375 0.36527777777777776 0.078125 0.08611111111111111
1 0.534765625 0.22916666666666666 0.03984375 0.07777777777777778
1 0.113671875 0.46875 0.19921875 0.12361111111111112
3 0.534765625 0.22916666666666666 0.03984375 0.07777777777777778
0 0.926171875 0.5611111111111111 0.05546875 0.10555555555555556
