0 0.659375 0.5194444444444445 0.0265625 0.07777777777777778
0 0.2515625 0.8645833333333334 0.065625 0.1625
0 0.8171875 0.40902777777777777 0.0171875 0.05694444444444444
0 0.736328125 0.5180555555555556 0.02734375 0.075
0 0.650390625 0.7951388888888888 0.04765625 0.12916666666666668
0 0.541015625 0.6590277777777778 0.03828125 0.10972222222222222
0 0.731640625 0.43472222222222223 0.01328125 0.05555555555555555
0 0.7671875 0.5909722222222222 0.0328125 0.09305555555555556
0 0.760546875 0.4597222222222222 0.02265625 0.06111111111111111
0 0.779296875 0.425 0.01328125 0.058333333333333334
0 0.6390625 0.47708333333333336 0.0234375 0.06805555555555555
0 0.637890625 0.6194444444444445 0.03359375 0.09444444444444444
0 0.752734375 0.36944444444444446 0.01640625 0.044444444444444446
0 0.771875 0.38472222222222224 0.015625 0.04722222222222222
0 0.73671875 0.38125 0.015625 0.043055555555555555
0 0.744921875 0.4236111111111111 0.01484375 0.05
0 0.79296875 0.3902777777777778 0.0171875 0.05
1 0.387890625 0.6006944444444444 0.09140625 0.10972222222222222
1 0.636328125 0.3902777777777778 0.03828125 0.058333333333333334
1 0.57890625 0.38472222222222224 0.0375 0.06111111111111111
1 0.63046875 0.32083333333333336 0.028125 0.041666666666666664
0 0.753125 0.3701388888888889 0.015625 0.043055555555555555
