1 0.685546875 0.3993055555555556 0.06796875 0.10972222222222222
0 0.865234375 0.5958333333333333 0.03671875 0.15833333333333333
0 0.616015625 0.3368055555555556 0.02734375 0.08472222222222223
0 0.753515625 0.36180555555555555 0.02265625 0.0875
1 0.55625 0.37777777777777777 0.0640625 0.125
1 0.6328125 0.2875 0.05 0.07777777777777778
0 0.71640625 0.32013888888888886 0.025 0.0763888888888889
1 0.408984375 0.28402777777777777 0.04765625 0.09305555555555556
2 0.41015625 0.16666666666666666 0.0625 0.09166666666666666
3 0.566796875 0.2638888888888889 0.06796875 0.15555555555555556
0 0.6765625 0.275 0.0171875 0.07777777777777778
0 0.664453125 0.28194444444444444 0.01953125 0.06666666666666667
