0 0.6546875 0.63125 0.028125 0.16805555555555557
0 0.79140625 0.44930555555555557 0.0171875 0.059722222222222225
0 0.744921875 0.4618055555555556 0.01796875 0.059722222222222225
0 0.64140625 0.4979166666666667 0.0203125 0.05694444444444444
0 0.862109375 0.4354166666666667 0.01484375 0.05138888888888889
0 0.832421875 0.44513888888888886 0.01796875 0.04861111111111111
0 0.623828125 0.5659722222222222 0.02890625 0.07916666666666666
0 0.47265625 0.6611111111111111 0.0359375 0.12222222222222222
0 0.57265625 0.5694444444444444 0.0296875 0.10833333333333334
0 0.68515625 0.4951388888888889 0.021875 0.08194444444444444
0 0.68984375 0.6326388888888889 0.028125 0.13472222222222222
0 0.774609375 0.5451388888888888 0.02265625 0.0875
0 0.503125 0.6013888888888889 0.0390625 0.12222222222222222
0 0.660546875 0.6673611111111111 0.03203125 0.1763888888888889
0 0.673046875 0.8291666666666667 0.04453125 0.19166666666666668
1 0.36015625 0.5951388888888889 0.0953125 0.12361111111111112
0 0.487109375 0.8097222222222222 0.04140625 0.1361111111111111
0 0.3625 0.85625 0.05625 0.19027777777777777
0 0.451953125 0.6076388888888888 0.02265625 0.09305555555555556
0 0.705078125 0.44027777777777777 0.01640625 0.06388888888888888
0 0.679296875 0.43333333333333335 0.02109375 0.058333333333333334
0 0.764453125 0.48333333333333334 0.01640625 0.06388888888888888
0 0.723046875 0.40902777777777777 0.01640625 0.05138888888888889
1 0.6359375 0.3701388888888889 0.03125 0.04583333333333333
