0 0.548828125 0.7284722222222222 0.04765625 0.12916666666666668
0 0.661328125 0.40902777777777777 0.01953125 0.05416666666666667
0 0.72734375 0.42291666666666666 0.021875 0.05694444444444444
0 0.762109375 0.4361111111111111 0.01796875 0.058333333333333334
0 0.8328125 0.4548611111111111 0.0234375 0.06527777777777778
0 0.846875 0.4222222222222222 0.01875 0.05277777777777778
0 0.871875 0.4173611111111111 0.0203125 0.05694444444444444
0 0.702734375 0.4013888888888889 0.01796875 0.05277777777777778
0 0.62109375 0.5375 0.0265625 0.08888888888888889
0 0.737109375 0.3951388888888889 0.01640625 0.04583333333333333
0 0.774609375 0.45416666666666666 0.02109375 0.05555555555555555
0 0.822265625 0.4111111111111111 0.01796875 0.05
0 0.677734375 0.5020833333333333 0.02890625 0.07916666666666666
0 0.7765625 0.4041666666666667 0.01875 0.05
0 0.80703125 0.40625 0.0171875 0.05138888888888889
0 0.755078125 0.3701388888888889 0.01640625 0.04583333333333333
1 0.3859375 0.6034722222222222 0.103125 0.12361111111111112
1 0.744921875 0.5861111111111111 0.10546875 0.125
1 0.428515625 0.5166666666666667 0.06328125 0.07777777777777778
1 0.871875 0.6666666666666666 0.1875 0.14166666666666666
1 0.59921875 0.36736111111111114 0.0359375 0.05694444444444444
1 0.6296875 0.33819444444444446 0.0296875 0.043055555555555555
1 0.55625 0.4166666666666667 0.046875 0.06666666666666667
1 0.645703125 0.3763888888888889 0.03359375 0.05
