0 0.03828125 0.9270833333333334 0.0765625 0.14583333333333334
0 0.378125 0.2375 0.0125 0.058333333333333334
0 0.2515625 0.5743055555555555 0.0375 0.15138888888888888
0 0.659765625 0.29444444444444445 0.01796875 0.07222222222222222
0 0.60625 0.2513888888888889 0.0140625 0.06666666666666667
0 0.928125 0.9368055555555556 0.071875 0.12638888888888888
2 0.41796875 0.21666666666666667 0.0375 0.08055555555555556
3 0.6078125 0.6520833333333333 0.146875 0.3263888888888889
3 0.465625 0.19583333333333333 0.04375 0.11388888888888889
3 0.533203125 0.20972222222222223 0.04609375 0.09722222222222222
3 0.7984375 0.2638888888888889 0.10625 0.09444444444444444
1 0.53671875 0.29375 0.0484375 0.07361111111111111
