4 0.1234375 0.7486111111111111 0.0720703125 0.25
4 0.18203125 0.5215277777777778 0.0544921875 0.14444444444444443
4 0.31328125 0.42986111111111114 0.045703125 0.14027777777777778
4 0.352734375 0.37916666666666665 0.03203125 0.11944444444444445
4 0.312890625 0.3194444444444444 0.03671875 0.10277777777777777
4 0.6734375 0.3548611111111111 0.033984375 0.10694444444444444
4 0.73359375 0.39652777777777776 0.053125 0.10104166666666667
4 0.579296875 0.3416666666666667 0.02578125 0.096875
4 0.378125 0.24791666666666667 0.025 0.08159722222222222
4 0.356640625 0.21736111111111112 0.0115234375 0.04895833333333333
4 0.391796875 0.22152777777777777 0.02578125 0.05451388888888889
5 0.385546875 0.5854166666666667 0.1244140625 0.27881944444444445
5 0.434765625 0.375 0.065625 0.14479166666666668
6 0.5578125 0.22361111111111112 0.0982421875 0.1579861111111111
4 0.27265625 0.30486111111111114 0.0359375 0.09861111111111111
4 0.078515625 0.3923611111111111 0.0708984375 0.09305555555555556
4 0.208984375 0.27847222222222223 0.03984375 0.05416666666666667
4 0.72578125 0.3229166666666667 0.017578125 0.057291666666666664
