0 0.93359375 0.9215277777777777 0.0671875 0.14583333333333334
0 0.348828125 0.8236111111111111 0.06328125 0.18611111111111112
0 0.68203125 0.6048611111111111 0.0328125 0.14583333333333334
0 0.26171875 0.4527777777777778 0.021875 0.11666666666666667
0 0.456640625 0.8375 0.04140625 0.2
0 0.2625 0.6159722222222223 0.034375 0.15138888888888888
0 0.1984375 0.8958333333333334 0.0515625 0.19722222222222222
0 0.35546875 0.3388888888888889 0.0234375 0.08888888888888889
0 0.65 0.4798611111111111 0.025 0.11527777777777778
0 0.723046875 0.5319444444444444 0.02734375 0.13055555555555556
0 0.331640625 0.3506944444444444 0.02109375 0.09305555555555556
0 0.557421875 0.3125 0.02109375 0.07777777777777778
0 0.326171875 0.45208333333333334 0.02890625 0.11805555555555555
0 0.5359375 0.28680555555555554 0.01875 0.07361111111111111
0 0.681640625 0.5229166666666667 0.03046875 0.12083333333333333
0 0.224609375 0.5361111111111111 0.02890625 0.12777777777777777
0 0.759375 0.6152777777777778 0.05 0.1388888888888889
0 0.892578125 0.7416666666666667 0.03828125 0.16111111111111112
0 0.390625 0.6444444444444445 0.0328125 0.15833333333333333
0 0.205859375 0.7430555555555556 0.04140625 0.1638888888888889
0 0.098828125 0.6326388888888889 0.03828125 0.14583333333333334
0 0.581640625 0.3701388888888889 0.02109375 0.06805555555555555
0 0.298828125 0.41944444444444445 0.02734375 0.10833333333333334
0 0.14375 0.7423611111111111 0.0390625 0.1875
0 0.851171875 0.7645833333333333 0.04765625 0.14583333333333334
0 0.619140625 0.32708333333333334 0.03203125 0.07083333333333333
0 0.135546875 0.6569444444444444 0.04609375 0.1361111111111111
0 0.714453125 0.4527777777777778 0.03203125 0.09722222222222222
0 0.68125 0.4375 0.03125 0.09722222222222222
0 0.77890625 0.6854166666666667 0.03125 0.13194444444444445
0 0.588671875 0.29583333333333334 0.01953125 0.07222222222222222
0 0.69609375 0.38055555555555554 0.0265625 0.08055555555555556
0 0.034765625 0.9576388888888889 0.05703125 0.08472222222222223
0 0.61328125 0.40625 0.0234375 0.0625
0 0.79140625 0.5347222222222222 0.040625 0.11944444444444445
1 0.58671875 0.4708333333333333 0.0765625 0.13055555555555556
1 0.418359375 0.43472222222222223 0.05859375 0.12777777777777777
1 0.401171875 0.25277777777777777 0.03203125 0.06666666666666667
3 0.7296875 0.8493055555555555 0.184375 0.3013888888888889
2 0.46171875 0.3125 0.04375 0.11666666666666667
0 0.282421875 0.3923611111111111 0.02265625 0.09305555555555556
0 0.308984375 0.9534722222222223 0.06015625 0.09305555555555556
0 0.641015625 0.3659722222222222 0.01953125 0.07361111111111111
0 0.84609375 0.8486111111111111 0.034375 0.08611111111111111
