0 0.846875 0.4625 0.025 0.06944444444444445
0 0.761328125 0.38055555555555554 0.01796875 0.04722222222222222
0 0.72109375 0.6861111111111111 0.0390625 0.10833333333333334
0 0.470703125 0.7861111111111111 0.05234375 0.1388888888888889
0 0.776171875 0.4388888888888889 0.01953125 0.05277777777777778
0 0.807421875 0.41805555555555557 0.01953125 0.05
0 0.551171875 0.6069444444444444 0.03984375 0.10277777777777777
0 0.789453125 0.4756944444444444 0.02265625 0.06527777777777778
0 0.815234375 0.3840277777777778 0.01640625 0.043055555555555555
0 0.601953125 0.6840277777777778 0.04140625 0.11527777777777778
0 0.6875 0.43819444444444444 0.0234375 0.06527777777777778
0 0.43828125 0.7111111111111111 0.046875 0.12777777777777777
0 0.791015625 0.4041666666666667 0.01953125 0.05277777777777778
0 0.316796875 0.9354166666666667 0.07265625 0.10694444444444444
0 0.86796875 0.3701388888888889 0.01875 0.04583333333333333
0 0.797265625 0.36527777777777776 0.01328125 0.03888888888888889
0 0.82890625 0.3527777777777778 0.015625 0.03888888888888889
0 0.778515625 0.34375 0.01328125 0.0375
1 0.105859375 0.7104166666666667 0.13984375 0.13472222222222222
1 0.630859375 0.32430555555555557 0.03046875 0.04861111111111111
1 0.669140625 0.3020833333333333 0.02421875 0.0375
1 0.635546875 0.28125 0.02265625 0.034722222222222224
2 0.56328125 0.43125 0.0796875 0.11527777777777778
