5 0.23671875 0.5694444444444444 0.1046875 0.19166666666666668
5 0.547265625 0.5034722222222222 0.0822265625 0.15138888888888888
5 0.643359375 0.8569444444444444 0.19453125 0.2833333333333333
5 0.89140625 0.8986111111111111 0.215625 0.2
5 0.534375 0.2847222222222222 0.0513671875 0.08333333333333333
5 0.533984375 0.35208333333333336 0.05234375 0.05659722222222222
5 0.37109375 0.39652777777777776 0.057421875 0.09444444444444444
5 0.36015625 0.31805555555555554 0.041796875 0.06111111111111111
7 0.143359375 0.4965277777777778 0.08046875 0.1763888888888889
7 0.2359375 0.34444444444444444 0.0669921875 0.15034722222222222
6 0.6265625 0.3527777777777778 0.094140625 0.19375
4 0.726953125 0.36180555555555555 0.01953125 0.05694444444444444
