1 0.3265625 0.6548611111111111 0.115625 0.12361111111111112
1 0.147265625 0.6819444444444445 0.15703125 0.13055555555555556
1 0.464453125 0.5138888888888888 0.06015625 0.08055555555555556
1 0.609765625 0.3625 0.03515625 0.058333333333333334
1 0.66640625 0.32916666666666666 0.025 0.041666666666666664
0 0.17734375 0.9340277777777778 0.071875 0.13194444444444445
0 0.326953125 0.8951388888888889 0.05859375 0.14583333333333334
0 0.46953125 0.875 0.059375 0.20555555555555555
0 0.549609375 0.9388888888888889 0.05078125 0.12222222222222222
0 0.658203125 0.7118055555555556 0.03515625 0.13472222222222222
0 0.625390625 0.61875 0.01953125 0.08472222222222223
0 0.5859375 0.6034722222222222 0.034375 0.09583333333333334
0 0.566796875 0.6541666666666667 0.04453125 0.1111111111111111
0 0.5328125 0.5965277777777778 0.034375 0.07361111111111111
0 0.53828125 0.5388888888888889 0.03125 0.1
0 0.563671875 0.5354166666666667 0.02109375 0.0625
0 0.58359375 0.5486111111111112 0.0296875 0.058333333333333334
0 0.603125 0.4979166666666667 0.0234375 0.0625
0 0.637109375 0.5340277777777778 0.02421875 0.09583333333333334
0 0.673828125 0.45416666666666666 0.01953125 0.05
0 0.69140625 0.5090277777777777 0.0359375 0.08472222222222223
0 0.717578125 0.4666666666666667 0.02734375 0.058333333333333334
0 0.712890625 0.5916666666666667 0.03203125 0.07222222222222222
0 0.737890625 0.6201388888888889 0.03203125 0.12638888888888888
0 0.790625 0.61875 0.0328125 0.0763888888888889
0 0.876171875 0.5402777777777777 0.04296875 0.058333333333333334
0 0.770703125 0.4951388888888889 0.03828125 0.0625
0 0.75859375 0.4534722222222222 0.0234375 0.05138888888888889
0 0.76484375 0.4131944444444444 0.0234375 0.05138888888888889
0 0.7921875 0.46875 0.0265625 0.06527777777777778
0 0.81328125 0.41875 0.053125 0.06805555555555555
0 0.73359375 0.37222222222222223 0.0140625 0.03333333333333333
1 0.71171875 0.4166666666666667 0.0328125 0.05
1 0.78359375 0.5680555555555555 0.1125 0.11388888888888889
