0 0.86171875 0.8104166666666667 0.04375 0.18472222222222223
0 0.728125 0.5180555555555556 0.028125 0.12222222222222222
0 0.58203125 0.2826388888888889 0.015625 0.07916666666666666
0 0.70625 0.4076388888888889 0.0265625 0.10416666666666667
0 0.203515625 0.42430555555555555 0.02734375 0.10138888888888889
0 0.66640625 0.32708333333333334 0.0203125 0.0875
0 0.848046875 0.6715277777777777 0.04140625 0.14305555555555555
0 0.1984375 0.6854166666666667 0.0359375 0.16805555555555557
0 0.408203125 0.33541666666666664 0.01953125 0.09305555555555556
0 0.501953125 0.3138888888888889 0.02109375 0.08055555555555556
0 0.6203125 0.24375 0.015625 0.06527777777777778
0 0.42734375 0.42430555555555555 0.021875 0.10416666666666667
0 0.455859375 0.3236111111111111 0.01484375 0.08611111111111111
0 0.23828125 0.5618055555555556 0.0265625 0.14027777777777778
0 0.230859375 0.47847222222222224 0.02890625 0.1125
0 0.158984375 0.65625 0.03359375 0.16527777777777777
0 0.261328125 0.3659722222222222 0.02890625 0.08194444444444444
0 0.534375 0.3111111111111111 0.0203125 0.06944444444444445
0 0.136328125 0.6284722222222222 0.03984375 0.15694444444444444
0 0.361328125 0.32222222222222224 0.01796875 0.06111111111111111
0 0.556640625 0.39166666666666666 0.04765625 0.09444444444444444
0 0.353125 0.23194444444444445 0.01875 0.06388888888888888
1 0.30859375 0.35555555555555557 0.084375 0.09444444444444444
1 0.36328125 0.45208333333333334 0.05625 0.12638888888888888
1 0.525390625 0.25416666666666665 0.03359375 0.075
1 0.62734375 0.36319444444444443 0.046875 0.09305555555555556
1 0.393359375 0.26875 0.04453125 0.09305555555555556
1 0.277734375 0.6736111111111112 0.10234375 0.2611111111111111
3 0.580078125 0.7083333333333334 0.10546875 0.25277777777777777
1 0.441015625 0.2833333333333333 0.02890625 0.08055555555555556
1 0.457421875 0.2125 0.03359375 0.07777777777777778
2 0.393359375 0.26875 0.04453125 0.09305555555555556
3 0.43359375 0.7722222222222223 0.1609375 0.45555555555555555
0 0.38203125 0.5826388888888889 0.0203125 0.10416666666666667
