0 0.246875 0.7166666666666667 0.0421875 0.17222222222222222
0 0.46328125 0.8166666666666667 0.04375 0.19444444444444445
0 0.541796875 0.8993055555555556 0.05078125 0.1986111111111111
0 0.260546875 0.5395833333333333 0.03359375 0.12361111111111112
0 0.35078125 0.4618055555555556 0.025 0.12916666666666668
0 0.52109375 0.48541666666666666 0.021875 0.1125
1 0.4796875 0.3597222222222222 0.0484375 0.08333333333333333
1 0.44609375 0.2916666666666667 0.034375 0.06666666666666667
0 0.396875 0.3402777777777778 0.015625 0.06944444444444445
0 0.492578125 0.29375 0.01640625 0.04861111111111111
0 0.528125 0.27569444444444446 0.0140625 0.06527777777777778
0 0.5125 0.2659722222222222 0.0109375 0.04861111111111111
1 0.50703125 0.2013888888888889 0.01875 0.03888888888888889
1 0.498046875 0.24444444444444444 0.02578125 0.044444444444444446
