4 0.71015625 0.4236111111111111 0.04375 0.10798611111111112
4 0.25 0.5736111111111111 0.049609375 0.17222222222222222
4 0.215625 0.5340277777777778 0.034765625 0.12395833333333334
4 0.16484375 0.5138888888888888 0.038671875 0.14756944444444445
4 0.107421875 0.6083333333333333 0.0431640625 0.15486111111111112
4 0.07890625 0.38819444444444445 0.0626953125 0.07118055555555555
4 0.246875 0.36180555555555555 0.0357421875 0.07673611111111112
4 0.212890625 0.44166666666666665 0.0375 0.10243055555555555
4 0.275390625 0.46805555555555556 0.0369140625 0.096875
4 0.3296875 0.3541666666666667 0.0326171875 0.0798611111111111
4 0.3015625 0.32430555555555557 0.027734375 0.07673611111111112
6 0.440234375 0.26666666666666666 0.0796875 0.17847222222222223
5 0.23203125 0.8326388888888889 0.175 0.33194444444444443
4 0.3734375 0.29444444444444445 0.0265625 0.07777777777777778
4 0.3484375 0.30625 0.0248046875 0.059722222222222225
4 0.323828125 0.27152777777777776 0.0203125 0.057291666666666664
4 0.646484375 0.28888888888888886 0.025 0.071875
4 0.626953125 0.25555555555555554 0.01875 0.04756944444444444
