0 0.721484375 0.5472222222222223 0.04296875 0.1388888888888889
0 0.648828125 0.26944444444444443 0.01953125 0.06944444444444445
0 0.644140625 0.21388888888888888 0.01640625 0.05277777777777778
0 0.653125 0.43680555555555556 0.034375 0.1125
0 0.939453125 0.7951388888888888 0.07578125 0.20416666666666666
0 0.617578125 0.2673611111111111 0.01953125 0.0625
0 0.573046875 0.26666666666666666 0.01796875 0.05555555555555555
0 0.41015625 0.1673611111111111 0.0140625 0.04027777777777778
0 0.563671875 0.19722222222222222 0.01640625 0.04722222222222222
0 0.5953125 0.21180555555555555 0.015625 0.04861111111111111
3 0.575390625 0.40625 0.07734375 0.20972222222222223
