0 0.3234375 0.7708333333333334 0.059375 0.14722222222222223
0 0.651171875 0.8395833333333333 0.04296875 0.1486111111111111
0 0.831640625 0.47708333333333336 0.02578125 0.07361111111111111
0 0.6828125 0.42083333333333334 0.0203125 0.05555555555555555
0 0.6984375 0.7284722222222222 0.0375 0.11805555555555555
0 0.52421875 0.8048611111111111 0.04375 0.13472222222222222
0 0.60703125 0.7555555555555555 0.04375 0.1361111111111111
0 0.489453125 0.7298611111111111 0.04140625 0.13472222222222222
0 0.4421875 0.6048611111111111 0.03125 0.09305555555555556
0 0.85625 0.46111111111111114 0.025 0.07222222222222222
0 0.689453125 0.6576388888888889 0.03046875 0.0875
0 0.747265625 0.4652777777777778 0.01640625 0.044444444444444446
0 0.81875 0.4465277777777778 0.0171875 0.06527777777777778
0 0.419921875 0.8 0.05390625 0.14444444444444443
0 0.35703125 0.7125 0.04375 0.11666666666666667
0 0.434765625 0.5486111111111112 0.03046875 0.08055555555555556
0 0.77734375 0.43194444444444446 0.021875 0.06388888888888888
0 0.104296875 0.8930555555555556 0.07734375 0.15555555555555556
0 0.8765625 0.40694444444444444 0.025 0.06388888888888888
0 0.77421875 0.6423611111111112 0.0359375 0.11527777777777778
0 0.6015625 0.475 0.0265625 0.075
0 0.309375 0.9513888888888888 0.0625 0.09722222222222222
0 0.8390625 0.40902777777777777 0.021875 0.059722222222222225
0 0.44921875 0.6979166666666666 0.0359375 0.10972222222222222
0 0.71171875 0.43333333333333335 0.0203125 0.05555555555555555
0 0.794921875 0.40694444444444444 0.01953125 0.06111111111111111
0 0.74140625 0.38263888888888886 0.0125 0.05694444444444444
0 0.214453125 0.9576388888888889 0.06015625 0.08472222222222223
0 0.548046875 0.7583333333333333 0.03828125 0.125
0 0.136328125 0.9222222222222223 0.07890625 0.13055555555555556
0 0.6609375 0.3506944444444444 0.0234375 0.05138888888888889
0 0.755078125 0.42291666666666666 0.01796875 0.059722222222222225
0 0.410546875 0.7270833333333333 0.03984375 0.10416666666666667
1 0.725 0.9194444444444444 0.115625 0.15
1 0.276953125 0.6048611111111111 0.10390625 0.12361111111111112
1 0.66015625 0.5173611111111112 0.05 0.08194444444444444
1 0.574609375 0.4326388888888889 0.04140625 0.06527777777777778
1 0.61953125 0.6354166666666666 0.0640625 0.11527777777777778
1 0.690234375 0.4777777777777778 0.03984375 0.06944444444444445
1 0.684375 0.3680555555555556 0.0328125 0.05277777777777778
1 0.612890625 0.34375 0.03203125 0.05694444444444444
2 0.52421875 0.56875 0.0703125 0.1375
0 0.736328125 0.44027777777777777 0.01328125 0.05277777777777778
