5 0.60078125 0.6048611111111111 0.1125 0.23506944444444444
4 0.702734375 0.4340277777777778 0.0869140625 0.12048611111111111
7 0.569140625 0.35347222222222224 0.0791015625 0.15416666666666667
4 0.6546875 0.2798611111111111 0.012109375 0.059722222222222225
4 0.683984375 0.30625 0.0244140625 0.08611111111111111
4 0.31953125 0.3506944444444444 0.029296875 0.10138888888888889
5 0.42890625 0.26875 0.0466796875 0.08888888888888889
4 0.08359375 0.4083333333333333 0.0673828125 0.07291666666666667
4 0.2078125 0.28541666666666665 0.0279296875 0.03333333333333333
5 0.91015625 0.9083333333333333 0.1763671875 0.16631944444444444
4 0.743359375 0.34444444444444444 0.0306640625 0.09722222222222222
4 0.7109375 0.3458333333333333 0.0279296875 0.058680555555555555
