1 0.179296875 0.4305555555555556 0.06796875 0.10277777777777777
1 0.546875 0.5145833333333333 0.0734375 0.13194444444444445
1 0.57578125 0.3548611111111111 0.0515625 0.10138888888888889
1 0.550390625 0.3 0.03828125 0.06944444444444445
1 0.278515625 0.3076388888888889 0.05390625 0.0625
3 0.21171875 0.23958333333333334 0.0484375 0.09583333333333334
3 0.23125 0.2 0.059375 0.10555555555555556
3 0.655078125 0.23125 0.09296875 0.12361111111111112
3 0.590234375 0.22569444444444445 0.06484375 0.10138888888888889
3 0.67421875 0.44930555555555557 0.1171875 0.2375
0 0.467578125 0.23472222222222222 0.02265625 0.04722222222222222
0 0.489453125 0.22569444444444445 0.02265625 0.04027777777777778
