0 0.165234375 0.3972222222222222 0.02265625 0.08888888888888889
0 0.1390625 0.3770833333333333 0.0203125 0.10138888888888889
0 0.1859375 0.30972222222222223 0.0203125 0.06666666666666667
0 0.83515625 0.5284722222222222 0.034375 0.11527777777777778
2 0.67734375 0.6951388888888889 0.325 0.6097222222222223
2 0.6453125 0.3729166666666667 0.1015625 0.19027777777777777
2 0.534375 0.225 0.075 0.09444444444444444
2 0.620703125 0.24861111111111112 0.06171875 0.06388888888888888
2 0.659765625 0.23680555555555555 0.04609375 0.09027777777777778
2 0.3484375 0.20277777777777778 0.0875 0.075
2 0.5265625 0.3548611111111111 0.05625 0.09027777777777778
1 0.53125 0.2916666666666667 0.0515625 0.058333333333333334
