0 0.4046875 0.19930555555555557 0.0125 0.059722222222222225
0 0.335546875 0.3888888888888889 0.02578125 0.08333333333333333
0 0.31953125 0.35208333333333336 0.01875 0.10138888888888889
1 0.63359375 0.3284722222222222 0.046875 0.0763888888888889
1 0.760546875 0.6701388888888888 0.14453125 0.2152777777777778
1 0.68046875 0.4340277777777778 0.0734375 0.11527777777777778
3 0.58203125 0.4513888888888889 0.1 0.2361111111111111
3 0.55078125 0.25625 0.06875 0.1625
3 0.455859375 0.21388888888888888 0.03671875 0.09444444444444444
2 0.1296875 0.6916666666666667 0.259375 0.5777777777777777
0 0.63984375 0.26319444444444445 0.0109375 0.043055555555555555
