0 0.25234375 0.5305555555555556 0.03125 0.13333333333333333
0 0.387890625 0.23472222222222222 0.01171875 0.06388888888888888
0 0.2671875 0.4354166666666667 0.025 0.11527777777777778
1 0.698828125 0.5243055555555556 0.10078125 0.15694444444444444
1 0.652734375 0.3840277777777778 0.06171875 0.07361111111111111
1 0.623046875 0.29305555555555557 0.03515625 0.07777777777777778
3 0.567578125 0.4027777777777778 0.08671875 0.20555555555555555
3 0.441796875 0.2513888888888889 0.03984375 0.09166666666666666
3 0.550390625 0.25416666666666665 0.06640625 0.15
1 0.880078125 0.9027777777777778 0.23984375 0.19444444444444445
