0 0.191015625 0.8673611111111111 0.06796875 0.16527777777777777
0 0.299609375 0.9076388888888889 0.07109375 0.1486111111111111
0 0.596484375 0.9104166666666667 0.05078125 0.1486111111111111
0 0.35546875 0.6041666666666666 0.03125 0.09166666666666666
0 0.620703125 0.8111111111111111 0.04140625 0.12777777777777777
0 0.269140625 0.7951388888888888 0.05390625 0.1375
0 0.430859375 0.8826388888888889 0.05859375 0.17083333333333334
0 0.513671875 0.8569444444444444 0.05703125 0.175
0 0.37734375 0.6458333333333334 0.0375 0.09722222222222222
0 0.81015625 0.47430555555555554 0.01875 0.059722222222222225
0 0.825390625 0.50625 0.02734375 0.0763888888888889
0 0.73515625 0.7444444444444445 0.040625 0.13333333333333333
0 0.762890625 0.4527777777777778 0.02109375 0.06388888888888888
0 0.738671875 0.45069444444444445 0.02109375 0.06527777777777778
0 0.840234375 0.4361111111111111 0.02109375 0.058333333333333334
0 0.333203125 0.8145833333333333 0.05078125 0.14027777777777778
0 0.401953125 0.8097222222222222 0.03828125 0.13333333333333333
0 0.855078125 0.48194444444444445 0.02734375 0.07222222222222222
0 0.7171875 0.46805555555555556 0.0234375 0.06944444444444445
0 0.657421875 0.4486111111111111 0.02421875 0.06666666666666667
0 0.877734375 0.42430555555555555 0.02578125 0.0625
0 0.665625 0.4076388888888889 0.0171875 0.05138888888888889
0 0.776953125 0.4340277777777778 0.01953125 0.05694444444444444
0 0.82109375 0.44930555555555557 0.0203125 0.05694444444444444
0 0.55546875 0.5152777777777777 0.028125 0.08055555555555556
0 0.79296875 0.42430555555555555 0.01875 0.05416666666666667
0 0.687890625 0.44930555555555557 0.01328125 0.05138888888888889
0 0.3796875 0.7416666666666667 0.034375 0.11666666666666667
0 0.752734375 0.3854166666666667 0.02109375 0.05138888888888889
0 0.44765625 0.7277777777777777 0.0375 0.1111111111111111
0 0.806640625 0.41180555555555554 0.01796875 0.04861111111111111
0 0.4578125 0.8277777777777777 0.046875 0.15
0 0.41875 0.6854166666666667 0.0265625 0.09305555555555556
0 0.687890625 0.43125 0.01015625 0.04861111111111111
0 0.841015625 0.39375 0.01953125 0.04583333333333333
1 0.1359375 0.7027777777777777 0.146875 0.1527777777777778
1 0.548046875 0.4597222222222222 0.05234375 0.08055555555555556
1 0.65078125 0.54375 0.05625 0.09305555555555556
1 0.613671875 0.6166666666666667 0.06328125 0.11388888888888889
1 0.6890625 0.38055555555555554 0.0359375 0.05555555555555555
2 0.497265625 0.6152777777777778 0.08515625 0.16944444444444445
1 0.60078125 0.36041666666666666 0.0328125 0.04027777777777778
1 0.659375 0.3659722222222222 0.0296875 0.04861111111111111
1 0.70703125 0.4222222222222222 0.0328125 0.05277777777777778
1 0.6765625 0.4895833333333333 0.040625 0.07361111111111111
1 0.62109375 0.3375 0.0296875 0.05
0 0.698828125 0.43125 0.01015625 0.04861111111111111
