1 0.7984375 0.7840277777777778 0.16875 0.21805555555555556
1 0.419140625 0.22569444444444445 0.04296875 0.04027777777777778
1 0.30390625 0.21319444444444444 0.0484375 0.04027777777777778
3 0.628125 0.37222222222222223 0.0640625 0.15833333333333333
3 0.537109375 0.26458333333333334 0.06015625 0.17916666666666667
3 0.618359375 0.2611111111111111 0.05390625 0.15
2 0.67890625 0.23402777777777778 0.065625 0.0763888888888889
0 0.700390625 0.2875 0.01171875 0.04722222222222222
0 0.159765625 0.3090277777777778 0.01640625 0.059722222222222225
0 0.36640625 0.22708333333333333 0.0234375 0.0375
0 0.22734375 0.20902777777777778 0.01875 0.034722222222222224
0 0.199609375 0.20416666666666666 0.01171875 0.03611111111111111
