4 0.080859375 0.39444444444444443 0.0666015625 0.07534722222222222
4 0.205078125 0.28402777777777777 0.0490234375 0.05138888888888889
4 0.562109375 0.5229166666666667 0.03515625 0.125
5 0.71640625 0.5659722222222222 0.1326171875 0.19618055555555555
7 0.217578125 0.6458333333333334 0.40703125 0.7055555555555556
4 0.32265625 0.2638888888888889 0.0345703125 0.04479166666666667
4 0.36484375 0.2520833333333333 0.0234375 0.05659722222222222
4 0.400390625 0.27708333333333335 0.01953125 0.05277777777777778
4 0.38671875 0.20208333333333334 0.013671875 0.04722222222222222
4 0.659375 0.24375 0.015625 0.057291666666666664
4 0.644140625 0.25 0.015625 0.06597222222222222
4 0.4125 0.24305555555555555 0.0201171875 0.05590277777777778
