1 0.2703125 0.36527777777777776 0.0515625 0.11388888888888889
1 0.55078125 0.5604166666666667 0.0890625 0.15138888888888888
1 0.76328125 0.7270833333333333 0.1609375 0.2013888888888889
1 0.644140625 0.9319444444444445 0.17109375 0.1361111111111111
1 0.587109375 0.3326388888888889 0.03671875 0.07361111111111111
1 0.60859375 0.2861111111111111 0.0375 0.041666666666666664
2 0.655078125 0.42291666666666666 0.12578125 0.2375
2 0.4765625 0.2125 0.1140625 0.08333333333333333
2 0.596484375 0.23125 0.08046875 0.10138888888888889
3 0.5265625 0.37222222222222223 0.059375 0.14722222222222223
