1 0.8796875 0.9083333333333333 0.2125 0.18333333333333332
1 0.674609375 0.5361111111111111 0.09765625 0.1527777777777778
1 0.563671875 0.5409722222222222 0.08671875 0.16805555555555557
1 0.534765625 0.4041666666666667 0.05546875 0.08888888888888889
1 0.59921875 0.3458333333333333 0.05 0.08333333333333333
1 0.534765625 0.32708333333333334 0.04921875 0.08472222222222223
1 0.599609375 0.2902777777777778 0.04609375 0.05555555555555555
1 0.64375 0.275 0.0375 0.05
1 0.67421875 0.25972222222222224 0.040625 0.05
1 0.709765625 0.24305555555555555 0.03828125 0.05
1 0.419921875 0.22361111111111112 0.07109375 0.04722222222222222
1 0.293359375 0.20555555555555555 0.06171875 0.05277777777777778
2 0.096484375 0.2263888888888889 0.03671875 0.075
2 0.545703125 0.2375 0.08046875 0.12222222222222222
