0 0.7125 0.3659722222222222 0.01875 0.07916666666666666
0 0.66875 0.35 0.01875 0.08055555555555556
0 0.1359375 0.6277777777777778 0.0390625 0.15
0 0.596875 0.20902777777777778 0.0109375 0.05416666666666667
0 0.61796875 0.28125 0.015625 0.059722222222222225
0 0.0421875 0.46319444444444446 0.0296875 0.10694444444444444
0 0.4375 0.15902777777777777 0.009375 0.0375
2 0.17109375 0.44930555555555557 0.128125 0.20972222222222223
3 0.573828125 0.4083333333333333 0.08203125 0.19444444444444445
3 0.275 0.7576388888888889 0.2203125 0.4847222222222222
3 0.540234375 0.27569444444444446 0.05390625 0.09027777777777778
3 0.523828125 0.17916666666666667 0.03046875 0.06666666666666667
