1 0.787109375 0.7423611111111111 0.16015625 0.2263888888888889
1 0.52890625 0.3138888888888889 0.040625 0.06388888888888888
1 0.548828125 0.28125 0.04296875 0.06527777777777778
3 0.607421875 0.3111111111111111 0.04453125 0.11666666666666667
1 0.591796875 0.25833333333333336 0.05078125 0.05555555555555555
3 0.68203125 0.21319444444444444 0.0828125 0.0763888888888889
3 0.307421875 0.3229166666666667 0.09921875 0.29583333333333334
0 0.15390625 0.29444444444444445 0.0203125 0.06388888888888888
0 0.473046875 0.2222222222222222 0.02421875 0.044444444444444446
0 0.5609375 0.21875 0.0203125 0.0375
