7 0.4484375 0.2111111111111111 0.1330078125 0.10625
7 0.574609375 0.1951388888888889 0.1333984375 0.08333333333333333
7 0.536328125 0.3472222222222222 0.0740234375 0.1638888888888889
7 0.291015625 0.24305555555555555 0.06484375 0.08055555555555556
5 0.59296875 0.6236111111111111 0.1140625 0.2107638888888889
5 0.621484375 0.3993055555555556 0.06484375 0.0875
5 0.691796875 0.2569444444444444 0.0521484375 0.05243055555555556
7 0.910546875 0.8708333333333333 0.17734375 0.25555555555555554
4 0.69765625 0.31527777777777777 0.0158203125 0.052083333333333336
6 0.605859375 0.2777777777777778 0.0525390625 0.15243055555555557
