3 0.34765625 0.5055555555555555 0.1125 0.32222222222222224
2 0.54453125 0.5013888888888889 0.1 0.20833333333333334
2 0.701171875 0.9159722222222222 0.22265625 0.16805555555555557
2 0.7140625 0.4979166666666667 0.21875 0.4125
1 0.272265625 0.20972222222222223 0.04765625 0.044444444444444446
1 0.34765625 0.21944444444444444 0.05 0.041666666666666664
1 0.548046875 0.23055555555555557 0.05859375 0.05277777777777778
1 0.58359375 0.2986111111111111 0.04375 0.06666666666666667
1 0.61640625 0.25972222222222224 0.0375 0.06111111111111111
1 0.69765625 0.24375 0.04375 0.04583333333333333
