0 0.5515625 0.5611111111111111 0.0296875 0.08611111111111111
0 0.59609375 0.63125 0.034375 0.10138888888888889
0 0.728515625 0.4388888888888889 0.02109375 0.06111111111111111
0 0.575 0.7409722222222223 0.040625 0.12083333333333333
0 0.62890625 0.475 0.0234375 0.06944444444444445
0 0.854296875 0.3951388888888889 0.01953125 0.05416666666666667
0 0.533984375 0.6611111111111111 0.03359375 0.10277777777777777
0 0.58359375 0.8645833333333334 0.0484375 0.1486111111111111
0 0.782421875 0.4395833333333333 0.02109375 0.059722222222222225
0 0.68984375 0.4895833333333333 0.0265625 0.0763888888888889
0 0.642578125 0.5159722222222223 0.02578125 0.0763888888888889
0 0.504296875 0.6138888888888889 0.03046875 0.09444444444444444
0 0.834375 0.4652777777777778 0.0234375 0.06666666666666667
0 0.33984375 0.9479166666666666 0.071875 0.10416666666666667
0 0.70546875 0.4326388888888889 0.0203125 0.05416666666666667
0 0.49609375 0.5604166666666667 0.0265625 0.0763888888888889
0 0.300390625 0.9069444444444444 0.06328125 0.14722222222222223
0 0.695703125 0.39652777777777776 0.01640625 0.05694444444444444
0 0.817578125 0.40347222222222223 0.01796875 0.05138888888888889
0 0.723046875 0.39375 0.01796875 0.05138888888888889
0 0.798046875 0.39791666666666664 0.01796875 0.05138888888888889
0 0.77109375 0.40555555555555556 0.0171875 0.05277777777777778
0 0.742578125 0.3840277777777778 0.01171875 0.05138888888888889
0 0.831640625 0.3770833333333333 0.01484375 0.04861111111111111
1 0.71484375 0.5770833333333333 0.11875 0.12361111111111112
1 0.885546875 0.6125 0.11015625 0.11666666666666667
1 0.23828125 0.8215277777777777 0.1265625 0.15694444444444444
1 0.5828125 0.4340277777777778 0.0453125 0.06805555555555555
0 0.755078125 0.3854166666666667 0.01171875 0.05138888888888889
