0 0.823046875 0.7833333333333333 0.04296875 0.1388888888888889
0 0.60625 0.46319444444444446 0.025 0.06527777777777778
0 0.70703125 0.5868055555555556 0.0296875 0.09305555555555556
0 0.70703125 0.40555555555555556 0.021875 0.058333333333333334
0 0.82265625 0.42430555555555555 0.021875 0.05694444444444444
0 0.393359375 0.8131944444444444 0.04609375 0.13194444444444445
0 0.573046875 0.6152777777777778 0.02734375 0.08611111111111111
0 0.81484375 0.5347222222222222 0.025 0.075
0 0.32890625 0.89375 0.065625 0.15694444444444444
0 0.580078125 0.7152777777777778 0.03828125 0.11944444444444445
0 0.6609375 0.5861111111111111 0.0296875 0.09444444444444444
0 0.79296875 0.4673611111111111 0.0234375 0.0625
0 0.617578125 0.7256944444444444 0.03984375 0.11527777777777778
0 0.43125 0.8708333333333333 0.0546875 0.14444444444444443
0 0.539453125 0.7847222222222222 0.04140625 0.12777777777777777
0 0.846875 0.5506944444444445 0.0265625 0.07916666666666666
0 0.611328125 0.6291666666666667 0.03046875 0.09722222222222222
0 0.5171875 0.6152777777777778 0.03125 0.08611111111111111
0 0.552734375 0.5868055555555556 0.02265625 0.0763888888888889
0 0.767578125 0.4270833333333333 0.02109375 0.059722222222222225
0 0.732421875 0.39305555555555555 0.01796875 0.05555555555555555
0 0.828515625 0.6145833333333334 0.03203125 0.09583333333333334
0 0.77890625 0.5243055555555556 0.0265625 0.07916666666666666
0 0.71640625 0.51875 0.025 0.07916666666666666
0 0.518359375 0.7020833333333333 0.03671875 0.1125
0 0.67734375 0.5180555555555556 0.025 0.07777777777777778
0 0.754296875 0.39375 0.01640625 0.04861111111111111
0 0.7484375 0.6340277777777777 0.03125 0.10694444444444444
0 0.641015625 0.5354166666666667 0.02734375 0.07916666666666666
0 0.8078125 0.37916666666666665 0.015625 0.04722222222222222
0 0.665234375 0.42569444444444443 0.02265625 0.05138888888888889
0 0.778515625 0.39375 0.01484375 0.04583333333333333
0 0.828125 0.3819444444444444 0.0171875 0.04722222222222222
0 0.84921875 0.3854166666666667 0.01875 0.05416666666666667
0 0.75078125 0.5736111111111111 0.028125 0.06944444444444445
1 0.503515625 0.50625 0.06640625 0.08472222222222223
1 0.5359375 0.4215277777777778 0.046875 0.06527777777777778
1 0.5796875 0.4395833333333333 0.0453125 0.06527777777777778
1 0.653125 0.4736111111111111 0.04375 0.07222222222222222
1 0.622265625 0.3909722222222222 0.03828125 0.059722222222222225
1 0.622265625 0.3263888888888889 0.02890625 0.044444444444444446
2 0.29140625 0.6458333333333334 0.1375 0.14722222222222223
