4 0.127734375 0.39305555555555555 0.02734375 0.09444444444444444
4 0.364453125 0.45902777777777776 0.0275390625 0.10555555555555556
5 0.543359375 0.47638888888888886 0.0775390625 0.14201388888888888
5 0.6671875 0.48680555555555555 0.0921875 0.1486111111111111
5 0.525390625 0.38333333333333336 0.0572265625 0.07847222222222222
5 0.56328125 0.22847222222222222 0.0529296875 0.051041666666666666
5 0.821875 0.8118055555555556 0.2341796875 0.3055555555555556
5 0.549609375 0.26875 0.0521484375 0.07048611111111111
6 0.621484375 0.26805555555555555 0.0697265625 0.10208333333333333
7 0.6296875 0.3625 0.0638671875 0.12534722222222222
7 0.66796875 0.8513888888888889 0.2875 0.29444444444444445
