0 0.384375 0.9458333333333333 0.0546875 0.10833333333333334
0 0.445703125 0.7215277777777778 0.02890625 0.1763888888888889
0 0.522265625 0.6520833333333333 0.03515625 0.15416666666666667
0 0.459375 0.5631944444444444 0.028125 0.12083333333333333
0 0.515234375 0.48125 0.02734375 0.1125
0 0.304296875 0.5784722222222223 0.03046875 0.13472222222222222
0 0.350390625 0.4791666666666667 0.02578125 0.1111111111111111
0 0.33125 0.44513888888888886 0.015625 0.09027777777777778
0 0.39765625 0.3416666666666667 0.0140625 0.06944444444444445
0 0.498828125 0.3972222222222222 0.01796875 0.08888888888888889
3 0.47734375 0.20555555555555555 0.028125 0.05555555555555555
0 0.506640625 0.24861111111111112 0.01171875 0.04722222222222222
0 0.530078125 0.2701388888888889 0.01484375 0.05416666666666667
0 0.441015625 0.26180555555555557 0.01171875 0.05694444444444444
