0 0.799609375 0.8534722222222222 0.05703125 0.1763888888888889
0 0.3390625 0.38125 0.0234375 0.10138888888888889
0 0.425390625 0.42083333333333334 0.02421875 0.10833333333333334
0 0.174609375 0.5111111111111111 0.04296875 0.125
0 0.644140625 0.35694444444444445 0.01640625 0.06944444444444445
0 0.699609375 0.39861111111111114 0.02578125 0.10833333333333334
0 0.807421875 0.7284722222222222 0.03984375 0.15138888888888888
0 0.388671875 0.5493055555555556 0.02890625 0.13194444444444445
0 0.82890625 0.61875 0.034375 0.1375
0 0.281640625 0.5326388888888889 0.04296875 0.12083333333333333
0 0.72890625 0.3923611111111111 0.025 0.10138888888888889
0 0.3703125 0.29930555555555555 0.021875 0.08194444444444444
0 0.277734375 0.45208333333333334 0.03046875 0.10416666666666667
0 0.909765625 0.6444444444444445 0.03203125 0.14444444444444443
0 0.548828125 0.24375 0.01484375 0.06527777777777778
0 0.3359375 0.5159722222222223 0.0265625 0.13194444444444445
0 0.87734375 0.5729166666666666 0.059375 0.11527777777777778
0 0.59140625 0.2798611111111111 0.021875 0.06527777777777778
0 0.3015625 0.47847222222222224 0.0265625 0.10694444444444444
0 0.4765625 0.29791666666666666 0.0203125 0.07361111111111111
0 0.3796875 0.21458333333333332 0.009375 0.04861111111111111
1 0.550390625 0.3215277777777778 0.10234375 0.0763888888888889
1 0.400390625 0.2847222222222222 0.03984375 0.075
2 0.08515625 0.4270833333333333 0.1703125 0.16805555555555557
0 0.63515625 0.3138888888888889 0.0125 0.05
