0 0.693359375 0.45208333333333334 0.02265625 0.06805555555555555
0 0.8 0.4513888888888889 0.021875 0.06111111111111111
0 0.837890625 0.44930555555555557 0.02265625 0.059722222222222225
0 0.348046875 0.7673611111111112 0.05390625 0.14027777777777778
0 0.7453125 0.38263888888888886 0.015625 0.05416666666666667
0 0.869140625 0.45069444444444445 0.02421875 0.059722222222222225
0 0.668359375 0.5916666666666667 0.03515625 0.09444444444444444
0 0.65 0.4930555555555556 0.0234375 0.06666666666666667
0 0.783203125 0.43472222222222223 0.01953125 0.05555555555555555
0 0.750390625 0.49236111111111114 0.02265625 0.06527777777777778
0 0.520703125 0.6625 0.03828125 0.1111111111111111
0 0.61015625 0.6194444444444445 0.0390625 0.10555555555555556
0 0.76953125 0.5229166666666667 0.025 0.07361111111111111
0 0.87109375 0.5569444444444445 0.0328125 0.08611111111111111
0 0.869921875 0.3840277777777778 0.01640625 0.05416666666666667
0 0.858984375 0.4951388888888889 0.02265625 0.06805555555555555
0 0.651953125 0.5625 0.02421875 0.07777777777777778
0 0.7171875 0.49722222222222223 0.0265625 0.07777777777777778
0 0.750390625 0.4388888888888889 0.02109375 0.05277777777777778
0 0.721484375 0.4534722222222222 0.01953125 0.05138888888888889
0 0.771875 0.3875 0.015625 0.04722222222222222
0 0.841796875 0.3923611111111111 0.01796875 0.05138888888888889
0 0.755078125 0.35 0.01484375 0.041666666666666664
0 0.783984375 0.4097222222222222 0.01484375 0.044444444444444446
0 0.801953125 0.3909722222222222 0.01796875 0.04861111111111111
1 0.58828125 0.44166666666666665 0.046875 0.06944444444444445
1 0.69765625 0.3375 0.0265625 0.044444444444444446
2 0.597265625 0.3548611111111111 0.05078125 0.0875
0 0.8265625 0.38333333333333336 0.0109375 0.05277777777777778
