5 0.846875 0.8666666666666667 0.2345703125 0.25243055555555555
5 0.50390625 0.2263888888888889 0.0564453125 0.04791666666666667
5 0.547265625 0.48819444444444443 0.0828125 0.14895833333333333
5 0.5328125 0.3645833333333333 0.052734375 0.09166666666666666
5 0.60234375 0.35 0.05 0.08333333333333333
5 0.5984375 0.29583333333333334 0.0451171875 0.06944444444444445
5 0.558203125 0.27847222222222223 0.0427734375 0.06388888888888888
5 0.525390625 0.3090277777777778 0.0474609375 0.060069444444444446
5 0.68203125 0.2375 0.0390625 0.046875
5 0.6421875 0.28194444444444444 0.0423828125 0.05590277777777778
6 0.704296875 0.5472222222222223 0.1380859375 0.24409722222222222
