0 0.402734375 0.8534722222222222 0.05703125 0.15416666666666667
0 0.7 0.5333333333333333 0.025 0.07222222222222222
0 0.71328125 0.46458333333333335 0.0265625 0.06527777777777778
0 0.58828125 0.6576388888888889 0.0375 0.09861111111111111
0 0.769140625 0.5597222222222222 0.02890625 0.07777777777777778
0 0.8546875 0.5194444444444445 0.0296875 0.08055555555555556
0 0.870703125 0.4083333333333333 0.02421875 0.06111111111111111
0 0.783203125 0.5069444444444444 0.02421875 0.06388888888888888
0 0.737890625 0.5583333333333333 0.03046875 0.08333333333333333
0 0.65078125 0.5215277777777778 0.0296875 0.08472222222222223
0 0.7046875 0.40694444444444444 0.025 0.058333333333333334
0 0.273828125 0.8986111111111111 0.05859375 0.15
0 0.6921875 0.6194444444444445 0.034375 0.09444444444444444
0 0.81640625 0.54375 0.0296875 0.08194444444444444
0 0.82421875 0.46805555555555556 0.0234375 0.06111111111111111
0 0.5953125 0.7979166666666667 0.040625 0.11805555555555555
0 0.813671875 0.8256944444444444 0.04140625 0.1375
0 0.673046875 0.5451388888888888 0.02734375 0.08194444444444444
0 0.775390625 0.6340277777777777 0.03359375 0.08472222222222223
0 0.775 0.9201388888888888 0.0484375 0.11527777777777778
0 0.802734375 0.4354166666666667 0.02109375 0.059722222222222225
0 0.778125 0.7256944444444444 0.0375 0.10972222222222222
0 0.77421875 0.46597222222222223 0.021875 0.05694444444444444
0 0.56875 0.75625 0.0390625 0.10972222222222222
0 0.72421875 0.6756944444444445 0.0359375 0.10416666666666667
0 0.83984375 0.40902777777777777 0.0203125 0.05416666666666667
0 0.738671875 0.4215277777777778 0.02421875 0.059722222222222225
0 0.817578125 0.40625 0.01953125 0.05416666666666667
0 0.833984375 0.4284722222222222 0.01171875 0.04861111111111111
0 0.751171875 0.43472222222222223 0.02265625 0.058333333333333334
1 0.38671875 0.5194444444444445 0.071875 0.09166666666666666
1 0.4015625 0.5916666666666667 0.0953125 0.10833333333333334
