0 0.2484375 0.6951388888888889 0.0359375 0.17083333333333334
0 0.398828125 0.3416666666666667 0.01484375 0.07777777777777778
0 0.43671875 0.31875 0.0171875 0.07361111111111111
0 0.46796875 0.3993055555555556 0.0171875 0.08472222222222223
0 0.50078125 0.4618055555555556 0.0234375 0.10416666666666667
0 0.50234375 0.3597222222222222 0.01875 0.08055555555555556
0 0.536328125 0.34791666666666665 0.01640625 0.07361111111111111
0 0.480078125 0.35 0.01484375 0.06944444444444445
0 0.503125 0.25 0.015625 0.05555555555555555
0 0.528125 0.23055555555555557 0.009375 0.044444444444444446
