3 0.26640625 0.55 0.2265625 0.5166666666666667
3 0.61328125 0.2375 0.0515625 0.058333333333333334
3 0.530078125 0.21597222222222223 0.06796875 0.05416666666666667
3 0.55625 0.42777777777777776 0.14375 0.4111111111111111
3 0.687109375 0.43333333333333335 0.17578125 0.4
3 0.687109375 0.19444444444444445 0.09140625 0.1
1 0.40625 0.21458333333333332 0.0640625 0.05694444444444444
1 0.192578125 0.20833333333333334 0.03203125 0.05277777777777778
0 0.15078125 0.35694444444444445 0.025 0.08055555555555556
0 0.10546875 0.21041666666666667 0.015625 0.0375
1 0.71015625 0.25763888888888886 0.046875 0.0375
