1 0.070703125 0.74375 0.13984375 0.1736111111111111
1 0.51015625 0.4388888888888889 0.0453125 0.07777777777777778
1 0.562109375 0.40902777777777777 0.03515625 0.05416666666666667
1 0.59921875 0.43333333333333335 0.0578125 0.075
1 0.68125 0.44166666666666665 0.05625 0.09166666666666666
1 0.575390625 0.53125 0.08359375 0.09027777777777778
0 0.67265625 0.7118055555555556 0.0859375 0.13194444444444445
1 0.77109375 0.8840277777777777 0.1078125 0.22361111111111112
0 0.833984375 0.7006944444444444 0.06171875 0.13472222222222222
0 0.8828125 0.8354166666666667 0.0578125 0.17083333333333334
0 0.73125 0.6125 0.0484375 0.08888888888888889
0 0.715625 0.5486111111111112 0.0265625 0.08888888888888889
0 0.691796875 0.5305555555555556 0.03046875 0.07777777777777778
0 0.644921875 0.5840277777777778 0.03984375 0.08472222222222223
0 0.6015625 0.5944444444444444 0.0359375 0.08333333333333333
0 0.54609375 0.6388888888888888 0.0375 0.09166666666666666
0 0.569140625 0.6479166666666667 0.05078125 0.12083333333333333
0 0.58671875 0.7625 0.0484375 0.1361111111111111
0 0.655078125 0.7819444444444444 0.04765625 0.11388888888888889
0 0.49921875 0.7833333333333333 0.05625 0.13055555555555556
0 0.51015625 0.6652777777777777 0.0515625 0.13055555555555556
0 0.440625 0.7798611111111111 0.0671875 0.1375
0 0.3625 0.8006944444444445 0.0453125 0.14305555555555555
0 0.357421875 0.6736111111111112 0.04921875 0.10833333333333334
