0 0.12734375 0.6145833333333334 0.040625 0.15694444444444444
0 0.8453125 0.6472222222222223 0.0375 0.14444444444444443
0 0.3078125 0.7993055555555556 0.0390625 0.19305555555555556
0 0.21171875 0.7701388888888889 0.0421875 0.19305555555555556
0 0.353515625 0.47638888888888886 0.02734375 0.11666666666666667
0 0.383203125 0.3423611111111111 0.02265625 0.09027777777777778
0 0.28671875 0.5909722222222222 0.0328125 0.1486111111111111
0 0.972265625 0.8951388888888889 0.04296875 0.1736111111111111
0 0.688671875 0.4826388888888889 0.03046875 0.1125
0 0.783984375 0.5194444444444445 0.04609375 0.11944444444444445
0 0.73203125 0.4486111111111111 0.0296875 0.10555555555555556
0 0.6640625 0.4236111111111111 0.028125 0.1
0 0.6203125 0.2951388888888889 0.01875 0.07361111111111111
0 0.487890625 0.30833333333333335 0.01640625 0.08055555555555556
0 0.712890625 0.3909722222222222 0.02578125 0.0875
0 0.203125 0.63125 0.0359375 0.15416666666666667
0 0.89453125 0.8659722222222223 0.0671875 0.1736111111111111
0 0.345703125 0.6423611111111112 0.03203125 0.1597222222222222
0 0.68125 0.36527777777777776 0.0234375 0.08333333333333333
0 0.621875 0.3951388888888889 0.0296875 0.10138888888888889
0 0.91015625 0.7722222222222223 0.0546875 0.16944444444444445
0 0.357421875 0.35694444444444445 0.02421875 0.09444444444444444
0 0.4 0.4479166666666667 0.028125 0.09861111111111111
0 0.19921875 0.9368055555555556 0.046875 0.10972222222222222
0 0.573828125 0.23958333333333334 0.01640625 0.05694444444444444
0 0.024609375 0.85 0.04921875 0.18888888888888888
0 0.316796875 0.30833333333333335 0.02734375 0.06944444444444445
1 0.2921875 0.39305555555555555 0.090625 0.09444444444444444
1 0.637109375 0.7701388888888889 0.12421875 0.2625
1 0.6109375 0.35555555555555557 0.0484375 0.08611111111111111
1 0.433203125 0.32083333333333336 0.03671875 0.1
1 0.4625 0.23541666666666666 0.0390625 0.08194444444444444
1 0.462890625 0.4513888888888889 0.05078125 0.09722222222222222
2 0.369140625 0.26944444444444443 0.04296875 0.09166666666666666
3 0.424609375 0.7270833333333333 0.13203125 0.5013888888888889
3 0.54296875 0.3173611111111111 0.0640625 0.13194444444444445
3 0.46171875 0.2298611111111111 0.0359375 0.08194444444444444
0 0.377734375 0.4340277777777778 0.01953125 0.10416666666666667
1 0.7765625 0.6881944444444444 0.1328125 0.17916666666666667
