0 0.120703125 0.4777777777777778 0.05859375 0.10555555555555556
0 0.040234375 0.6298611111111111 0.03984375 0.1625
0 0.03515625 0.8527777777777777 0.0546875 0.20833333333333334
0 0.9578125 0.8840277777777777 0.059375 0.18194444444444444
0 0.84609375 0.5604166666666667 0.0390625 0.13194444444444445
0 0.542578125 0.3034722222222222 0.01796875 0.08194444444444444
0 0.261328125 0.7965277777777777 0.04609375 0.1986111111111111
0 0.29140625 0.3819444444444444 0.021875 0.09444444444444444
0 0.676171875 0.4083333333333333 0.02578125 0.1
0 0.815625 0.6451388888888889 0.040625 0.13472222222222222
0 0.616015625 0.3472222222222222 0.01796875 0.07222222222222222
0 0.69765625 0.5166666666666667 0.0296875 0.12222222222222222
0 0.237109375 0.36666666666666664 0.03984375 0.08333333333333333
0 0.5765625 0.3819444444444444 0.0234375 0.09166666666666666
0 0.2359375 0.5076388888888889 0.028125 0.11805555555555555
0 0.3640625 0.44930555555555557 0.0234375 0.1125
0 0.64921875 0.5361111111111111 0.03125 0.12222222222222222
0 0.3953125 0.4465277777777778 0.025 0.10416666666666667
0 0.21171875 0.6847222222222222 0.0453125 0.1638888888888889
0 0.279296875 0.5458333333333333 0.02734375 0.13055555555555556
0 0.73046875 0.5027777777777778 0.0328125 0.11666666666666667
0 0.726953125 0.4083333333333333 0.02734375 0.10277777777777777
0 0.7625 0.5868055555555556 0.034375 0.13194444444444445
0 0.65703125 0.63125 0.034375 0.12638888888888888
0 0.412109375 0.38333333333333336 0.01953125 0.09444444444444444
0 0.665234375 0.7423611111111111 0.05234375 0.1763888888888889
0 0.0203125 0.40694444444444444 0.040625 0.08611111111111111
0 0.377734375 0.28541666666666665 0.01484375 0.07083333333333333
0 0.8859375 0.7534722222222222 0.059375 0.15694444444444444
0 0.31796875 0.5770833333333333 0.0328125 0.14583333333333334
0 0.56796875 0.3236111111111111 0.0171875 0.07222222222222222
0 0.34453125 0.5048611111111111 0.0234375 0.11805555555555555
0 0.31015625 0.4388888888888889 0.015625 0.08055555555555556
0 0.753125 0.9236111111111112 0.0546875 0.1388888888888889
0 0.274609375 0.6451388888888889 0.03828125 0.13194444444444445
0 0.652734375 0.3375 0.01640625 0.058333333333333334
0 0.260546875 0.43472222222222223 0.03515625 0.09722222222222222
0 0.328515625 0.3541666666666667 0.01640625 0.08333333333333333
0 0.815625 0.5493055555555556 0.0359375 0.1125
0 0.573046875 0.2423611111111111 0.01484375 0.05138888888888889
0 0.222265625 0.5756944444444444 0.03203125 0.12916666666666668
0 0.366796875 0.3548611111111111 0.01640625 0.07361111111111111
0 0.4078125 0.3333333333333333 0.01875 0.06111111111111111
0 0.65078125 0.28194444444444444 0.021875 0.07222222222222222
0 0.598046875 0.3111111111111111 0.01328125 0.06944444444444445
0 0.91875 0.7145833333333333 0.0421875 0.16805555555555557
1 0.533984375 0.875 0.20234375 0.25
1 0.801953125 0.8111111111111111 0.16640625 0.25
1 0.439453125 0.6340277777777777 0.12890625 0.15694444444444444
1 0.0203125 0.40694444444444444 0.040625 0.08611111111111111
3 0.458984375 0.40347222222222223 0.05703125 0.1736111111111111
3 0.461328125 0.2548611111111111 0.03828125 0.08472222222222223
0 0.665625 0.3194444444444444 0.015625 0.06111111111111111
0 0.619140625 0.28125 0.01953125 0.04583333333333333
0 0.405859375 0.2722222222222222 0.01328125 0.05
0 0.348046875 0.4041666666666667 0.01796875 0.06944444444444445
0 0.32421875 0.4652777777777778 0.01875 0.08611111111111111
