0 0.644140625 0.5069444444444444 0.02265625 0.07777777777777778
0 0.691796875 0.5055555555555555 0.02265625 0.07777777777777778
0 0.72265625 0.4895833333333333 0.021875 0.07083333333333333
0 0.77578125 0.50625 0.025 0.07361111111111111
0 0.81640625 0.5291666666666667 0.01875 0.06666666666666667
0 0.35703125 0.8256944444444444 0.0515625 0.1597222222222222
0 0.42265625 0.75625 0.0453125 0.1375
0 0.82109375 0.64375 0.0328125 0.10694444444444444
0 0.862890625 0.675 0.03671875 0.12222222222222222
0 0.61953125 0.4826388888888889 0.0265625 0.07916666666666666
0 0.70859375 0.4354166666666667 0.0171875 0.0625
0 0.8578125 0.5513888888888889 0.0265625 0.08333333333333333
0 0.61015625 0.8513888888888889 0.05 0.15555555555555556
0 0.468359375 0.94375 0.05390625 0.1125
0 0.391796875 0.925 0.05234375 0.14444444444444443
0 0.75546875 0.41944444444444445 0.0203125 0.06388888888888888
0 0.4953125 0.5375 0.03125 0.08888888888888889
0 0.752734375 0.7666666666666667 0.04296875 0.1388888888888889
0 0.85625 0.8145833333333333 0.0421875 0.14027777777777778
0 0.66171875 0.5222222222222223 0.0265625 0.08333333333333333
0 0.658984375 0.46111111111111114 0.01953125 0.06111111111111111
0 0.740625 0.5013888888888889 0.021875 0.07222222222222222
0 0.864453125 0.49375 0.02734375 0.07916666666666666
0 0.54375 0.8520833333333333 0.0453125 0.14583333333333334
0 0.872265625 0.3958333333333333 0.01953125 0.058333333333333334
0 0.44765625 0.6618055555555555 0.0359375 0.10972222222222222
0 0.789453125 0.7111111111111111 0.03515625 0.11944444444444445
0 0.595703125 0.5243055555555556 0.02734375 0.07916666666666666
0 0.84609375 0.3958333333333333 0.01875 0.05555555555555555
0 0.262890625 0.8104166666666667 0.05703125 0.1625
0 0.73515625 0.4354166666666667 0.0203125 0.0625
0 0.29140625 0.9361111111111111 0.0609375 0.11388888888888889
0 0.262109375 0.9083333333333333 0.05859375 0.15833333333333333
0 0.678125 0.4388888888888889 0.01875 0.06111111111111111
0 0.675 0.48194444444444445 0.0171875 0.06666666666666667
0 0.803125 0.49583333333333335 0.0203125 0.07222222222222222
0 0.824609375 0.3958333333333333 0.01796875 0.05555555555555555
1 0.644140625 0.725 0.09609375 0.16944444444444445
1 0.448828125 0.6 0.07109375 0.11388888888888889
1 0.603125 0.6 0.0625 0.10555555555555556
1 0.504296875 0.7520833333333333 0.09453125 0.1597222222222222
1 0.713671875 0.5777777777777777 0.05859375 0.10555555555555556
1 0.768359375 0.9090277777777778 0.11953125 0.15138888888888888
1 0.6515625 0.40625 0.0375 0.05694444444444444
1 0.798046875 0.45208333333333334 0.04921875 0.07083333333333333
1 0.0125 0.8527777777777777 0.025 0.16666666666666666
0 0.469921875 0.8451388888888889 0.05390625 0.1125
