3 0.137109375 0.6708333333333333 0.27109375 0.6527777777777778
1 0.555078125 0.5208333333333334 0.08046875 0.14166666666666666
1 0.522265625 0.3548611111111111 0.05390625 0.09861111111111111
1 0.51953125 0.2902777777777778 0.040625 0.044444444444444446
1 0.557421875 0.2673611111111111 0.04140625 0.05694444444444444
1 0.576953125 0.23333333333333334 0.06015625 0.05
1 0.683203125 0.2604166666666667 0.03984375 0.043055555555555555
1 0.71015625 0.24513888888888888 0.0453125 0.04861111111111111
2 0.622265625 0.3368055555555556 0.08359375 0.16805555555555557
0 0.1921875 0.2569444444444444 0.015625 0.05277777777777778
0 0.280859375 0.2125 0.02421875 0.03888888888888889
0 0.351953125 0.21180555555555555 0.02421875 0.04027777777777778
