1 0.56171875 0.6930555555555555 0.115625 0.23333333333333334
1 0.836328125 0.9215277777777777 0.20078125 0.15694444444444444
1 0.6921875 0.6576388888888889 0.115625 0.17083333333333334
1 0.65546875 0.49027777777777776 0.078125 0.11666666666666667
1 0.555078125 0.4236111111111111 0.05859375 0.12222222222222222
1 0.618359375 0.3854166666666667 0.05390625 0.08472222222222223
1 0.7046875 0.23958333333333334 0.0375 0.05138888888888889
1 0.408203125 0.22708333333333333 0.05546875 0.05138888888888889
1 0.1875 0.23402777777777778 0.0328125 0.04861111111111111
0 0.19296875 0.2833333333333333 0.015625 0.07222222222222222
0 0.3140625 0.21319444444444444 0.0203125 0.043055555555555555
0 0.46640625 0.27361111111111114 0.0140625 0.05
0 0.715625 0.34305555555555556 0.0140625 0.06111111111111111
3 0.51875 0.2881944444444444 0.0578125 0.15416666666666667
3 0.173046875 0.175 0.04609375 0.08611111111111111
0 0.260546875 0.20972222222222223 0.02265625 0.041666666666666664
2 0.60546875 0.3055555555555556 0.0484375 0.09722222222222222
2 0.62734375 0.24791666666666667 0.0609375 0.0875
