0 0.45859375 0.30416666666666664 0.0265625 0.058333333333333334
0 0.459375 0.22777777777777777 0.03125 0.05
0 0.70625 0.27569444444444446 0.015625 0.04583333333333333
3 0.56171875 0.4548611111111111 0.1140625 0.20416666666666666
1 0.683203125 0.51875 0.09453125 0.10972222222222222
3 0.680078125 0.7895833333333333 0.26484375 0.42083333333333334
3 0.8921875 0.7055555555555556 0.215625 0.3416666666666667
2 0.60625 0.3347222222222222 0.059375 0.10833333333333334
1 0.58515625 0.21736111111111112 0.053125 0.043055555555555555
1 0.674609375 0.25277777777777777 0.03515625 0.05555555555555555
1 0.605078125 0.2520833333333333 0.04453125 0.043055555555555555
0 0.540234375 0.25763888888888886 0.01953125 0.043055555555555555
3 0.19765625 0.1840277777777778 0.0609375 0.1125
2 0.08359375 0.1701388888888889 0.05625 0.0625
2 0.7296875 0.2076388888888889 0.046875 0.07083333333333333
