0 0.166015625 0.23402777777777778 0.01640625 0.05694444444444444
1 0.255078125 0.2326388888888889 0.03828125 0.04583333333333333
1 0.591015625 0.5270833333333333 0.08203125 0.15416666666666667
2 0.6265625 0.8125 0.203125 0.375
3 0.9015625 0.8618055555555556 0.196875 0.2708333333333333
2 0.63359375 0.32569444444444445 0.065625 0.16527777777777777
2 0.549609375 0.3472222222222222 0.08359375 0.2388888888888889
2 0.6796875 0.22708333333333333 0.08125 0.08472222222222223
0 0.7984375 0.46944444444444444 0.03125 0.1
3 0.37734375 0.20694444444444443 0.0953125 0.08333333333333333
