0 0.61875 0.36875 0.03125 0.10972222222222222
0 0.51953125 0.275 0.0375 0.06944444444444445
0 0.37265625 0.24513888888888888 0.0421875 0.0763888888888889
0 0.2578125 0.1909722222222222 0.025 0.06527777777777778
3 0.452734375 0.18333333333333332 0.04453125 0.16111111111111112
2 0.55 0.2701388888888889 0.0484375 0.10416666666666667
0 0.738671875 0.42777777777777776 0.03203125 0.11666666666666667
0 0.580859375 0.3590277777777778 0.02734375 0.09305555555555556
0 0.535546875 0.33958333333333335 0.01953125 0.0763888888888889
2 0.589453125 0.17916666666666667 0.05234375 0.1
3 0.533203125 0.19027777777777777 0.03984375 0.06944444444444445
3 0.76953125 0.7916666666666666 0.2671875 0.4166666666666667
