0 0.368359375 0.8541666666666666 0.05234375 0.12777777777777777
0 0.8453125 0.8520833333333333 0.04375 0.13194444444444445
0 0.33125 0.7826388888888889 0.0453125 0.11527777777777778
0 0.690234375 0.43472222222222223 0.02421875 0.06111111111111111
0 0.5640625 0.7277777777777777 0.0421875 0.10833333333333334
0 0.65234375 0.4625 0.025 0.06388888888888888
0 0.744140625 0.8770833333333333 0.04453125 0.12083333333333333
0 0.626953125 0.7715277777777778 0.03984375 0.1125
0 0.63359375 0.51875 0.028125 0.07361111111111111
0 0.512109375 0.8534722222222222 0.04453125 0.12361111111111112
0 0.725 0.5451388888888888 0.015625 0.07083333333333333
0 0.808984375 0.7215277777777778 0.02421875 0.09861111111111111
0 0.753125 0.50625 0.0234375 0.06527777777777778
0 0.29375 0.6833333333333333 0.046875 0.10277777777777777
0 0.779296875 0.6541666666666667 0.02734375 0.08333333333333333
0 0.82734375 0.5652777777777778 0.0203125 0.07777777777777778
0 0.582421875 0.5069444444444444 0.01796875 0.05555555555555555
0 0.708203125 0.525 0.01484375 0.058333333333333334
0 0.77734375 0.5631944444444444 0.0203125 0.07361111111111111
0 0.759375 0.7534722222222222 0.0359375 0.09861111111111111
0 0.48671875 0.7534722222222222 0.0375 0.09861111111111111
0 0.80078125 0.6173611111111111 0.0234375 0.0763888888888889
0 0.833203125 0.46944444444444444 0.01484375 0.06666666666666667
0 0.510546875 0.6993055555555555 0.03671875 0.09583333333333334
0 0.81171875 0.5152777777777777 0.0171875 0.06388888888888888
0 0.783984375 0.50625 0.02109375 0.0625
0 0.87421875 0.48819444444444443 0.01875 0.059722222222222225
1 0.229296875 0.6416666666666667 0.11171875 0.11388888888888889
1 0.566796875 0.5618055555555556 0.06328125 0.10138888888888889
1 0.462890625 0.5298611111111111 0.06953125 0.09305555555555556
1 0.62578125 0.6625 0.065625 0.11666666666666667
1 0.744140625 0.4534722222222222 0.04296875 0.05138888888888889
0 0.877734375 0.43819444444444444 0.01328125 0.059722222222222225
0 0.706640625 0.48125 0.01171875 0.04027777777777778
