0 0.4125 0.3104166666666667 0.01875 0.06805555555555555
0 0.70390625 0.3125 0.0140625 0.05555555555555555
3 0.58828125 0.6 0.1734375 0.35555555555555557
3 0.53984375 0.2951388888888889 0.0703125 0.22361111111111112
2 0.725390625 0.5722222222222222 0.14140625 0.25555555555555554
2 0.71953125 0.8840277777777777 0.3546875 0.23194444444444445
2 0.6984375 0.22013888888888888 0.05625 0.08194444444444444
1 0.62578125 0.3875 0.0609375 0.1
1 0.610546875 0.3125 0.04140625 0.06944444444444445
1 0.64921875 0.25833333333333336 0.0390625 0.04722222222222222
