4 0.627734375 0.6923611111111111 0.0525390625 0.18333333333333332
4 0.8078125 0.7430555555555556 0.072265625 0.2552083333333333
4 0.584765625 0.5527777777777778 0.05703125 0.15520833333333334
4 0.69296875 0.3875 0.0392578125 0.121875
4 0.7140625 0.3298611111111111 0.034765625 0.09618055555555556
7 0.296484375 0.6423611111111112 0.3369140625 0.7045138888888889
4 0.203515625 0.42083333333333334 0.0302734375 0.08645833333333333
4 0.1765625 0.5020833333333333 0.034765625 0.08055555555555556
4 0.319140625 0.2847222222222222 0.0265625 0.071875
4 0.3703125 0.2361111111111111 0.0232421875 0.0642361111111111
4 0.07890625 0.39305555555555555 0.0673828125 0.08576388888888889
4 0.2125 0.28541666666666665 0.0486328125 0.05138888888888889
4 0.542578125 0.33402777777777776 0.02734375 0.08472222222222223
4 0.046484375 0.6805555555555556 0.0650390625 0.17291666666666666
4 0.255859375 0.3625 0.0271484375 0.075
4 0.68671875 0.2763888888888889 0.020703125 0.07743055555555556
