0 0.635546875 0.51875 0.05390625 0.10138888888888889
0 0.48828125 0.6284722222222222 0.084375 0.12361111111111112
0 0.58828125 0.5875 0.0703125 0.1111111111111111
0 0.09609375 0.6888888888888889 0.090625 0.14166666666666666
0 0.32421875 0.5590277777777778 0.078125 0.11527777777777778
0 0.44609375 0.3013888888888889 0.0234375 0.07777777777777778
0 0.6046875 0.24444444444444444 0.0140625 0.06388888888888888
0 0.5328125 0.46319444444444446 0.0640625 0.09861111111111111
0 0.53359375 0.28402777777777777 0.0203125 0.06805555555555555
0 0.70703125 0.5375 0.0640625 0.10833333333333334
0 0.2296875 0.43125 0.0578125 0.09305555555555556
0 0.097265625 0.4479166666666667 0.06953125 0.09861111111111111
0 0.572265625 0.28888888888888886 0.01796875 0.07777777777777778
0 0.86953125 0.5618055555555556 0.0421875 0.12361111111111112
0 0.690234375 0.46319444444444446 0.05390625 0.08472222222222223
0 0.445703125 0.38055555555555554 0.04453125 0.075
0 0.33046875 0.3236111111111111 0.0203125 0.075
0 0.3625 0.31319444444444444 0.025 0.0763888888888889
0 0.1515625 0.4083333333333333 0.053125 0.08055555555555556
0 0.3546875 0.5034722222222222 0.0609375 0.11805555555555555
0 0.58203125 0.2388888888888889 0.015625 0.05555555555555555
0 0.571875 0.4222222222222222 0.0296875 0.075
0 0.67109375 0.30416666666666664 0.0125 0.06111111111111111
0 0.556640625 0.3958333333333333 0.03203125 0.06944444444444445
1 0.36015625 0.44305555555555554 0.1359375 0.10277777777777777
1 0.026171875 0.49166666666666664 0.05234375 0.10833333333333334
1 0.4015625 0.2673611111111111 0.034375 0.08194444444444444
3 0.45703125 0.26180555555555557 0.0390625 0.08472222222222223
0 0.18984375 0.4201388888888889 0.0296875 0.09027777777777778
0 0.583984375 0.48125 0.05234375 0.09305555555555556
