0 0.70078125 0.8805555555555555 0.053125 0.13333333333333333
0 0.554296875 0.7680555555555556 0.05546875 0.10833333333333334
0 0.514453125 0.7 0.05390625 0.10555555555555556
0 0.38984375 0.775 0.0625 0.1
0 0.453515625 0.8854166666666666 0.06328125 0.12638888888888888
0 0.61640625 0.7020833333333333 0.0453125 0.12638888888888888
0 0.685546875 0.7097222222222223 0.03203125 0.14444444444444443
0 0.73671875 0.66875 0.034375 0.12083333333333333
0 0.778515625 0.6416666666666667 0.03984375 0.10555555555555556
0 0.80390625 0.5354166666666667 0.034375 0.06805555555555555
0 0.742578125 0.5458333333333333 0.02890625 0.06944444444444445
0 0.58671875 0.49583333333333335 0.0203125 0.06388888888888888
0 0.61015625 0.5152777777777777 0.0203125 0.075
0 0.63828125 0.5270833333333333 0.025 0.07083333333333333
0 0.665625 0.5368055555555555 0.0296875 0.08194444444444444
0 0.761328125 0.42916666666666664 0.01640625 0.05277777777777778
0 0.7484375 0.4076388888888889 0.0125 0.04861111111111111
0 0.728125 0.4375 0.0203125 0.04722222222222222
0 0.69765625 0.43194444444444446 0.0234375 0.05277777777777778
0 0.621484375 0.4479166666666667 0.01640625 0.043055555555555555
0 0.775390625 0.4041666666666667 0.01796875 0.04722222222222222
0 0.790625 0.42916666666666664 0.01875 0.06666666666666667
0 0.808203125 0.4076388888888889 0.02578125 0.0625
0 0.83359375 0.4409722222222222 0.028125 0.06527777777777778
0 0.8421875 0.4048611111111111 0.0125 0.02638888888888889
1 0.17265625 0.6638888888888889 0.134375 0.1361111111111111
1 0.4984375 0.47708333333333336 0.0625 0.0763888888888889
1 0.528125 0.41805555555555557 0.05 0.05555555555555555
1 0.5765625 0.3923611111111111 0.021875 0.043055555555555555
1 0.603125 0.41388888888888886 0.0359375 0.06666666666666667
1 0.638671875 0.3458333333333333 0.03359375 0.06111111111111111
1 0.678515625 0.35694444444444445 0.03203125 0.03888888888888889
1 0.70234375 0.3458333333333333 0.0265625 0.044444444444444446
1 0.678515625 0.39305555555555555 0.02265625 0.04722222222222222
1 0.71484375 0.40625 0.028125 0.043055555555555555
1 0.509375 0.5965277777777778 0.0921875 0.1125
1 0.661328125 0.32916666666666666 0.02265625 0.05277777777777778
1 0.67109375 0.2916666666666667 0.0234375 0.027777777777777776
1 0.65625 0.4597222222222222 0.040625 0.06111111111111111
0 0.713671875 0.5319444444444444 0.02109375 0.07222222222222222
1 0.719140625 0.49236111111111114 0.04296875 0.0625
