0 0.364453125 0.9215277777777777 0.05859375 0.14583333333333334
0 0.464453125 0.9256944444444445 0.05390625 0.13194444444444445
0 0.22109375 0.8423611111111111 0.0578125 0.17083333333333334
0 0.642578125 0.5729166666666666 0.03046875 0.09305555555555556
0 0.623046875 0.4777777777777778 0.02421875 0.07222222222222222
0 0.64921875 0.47708333333333336 0.0234375 0.07361111111111111
0 0.731640625 0.5895833333333333 0.03046875 0.0875
0 0.728515625 0.51875 0.02890625 0.07361111111111111
0 0.80859375 0.45416666666666666 0.0234375 0.06111111111111111
0 0.5625 0.7548611111111111 0.046875 0.14305555555555555
0 0.83984375 0.5020833333333333 0.028125 0.07361111111111111
0 0.73046875 0.39166666666666666 0.0203125 0.05
0 0.434765625 0.7513888888888889 0.04453125 0.1361111111111111
0 0.617578125 0.5472222222222223 0.02734375 0.09166666666666666
0 0.415234375 0.6729166666666667 0.03984375 0.11805555555555555
0 0.771875 0.42291666666666666 0.0203125 0.04861111111111111
0 0.80078125 0.38333333333333336 0.01875 0.05
0 0.676171875 0.4736111111111111 0.02265625 0.06944444444444445
0 0.689453125 0.5020833333333333 0.02578125 0.07361111111111111
0 0.7625 0.4597222222222222 0.021875 0.058333333333333334
0 0.78203125 0.48194444444444445 0.0234375 0.06666666666666667
0 0.695703125 0.4465277777777778 0.02265625 0.05694444444444444
0 0.77109375 0.38055555555555554 0.0171875 0.044444444444444446
0 0.749609375 0.38472222222222224 0.01640625 0.04722222222222222
0 0.88671875 0.3902777777777778 0.0140625 0.05277777777777778
1 0.598046875 0.36666666666666664 0.03671875 0.058333333333333334
1 0.86328125 0.6263888888888889 0.14375 0.13055555555555556
1 0.627734375 0.32569444444444445 0.02890625 0.04583333333333333
2 0.186328125 0.6833333333333333 0.32734375 0.3111111111111111
