0 0.4328125 0.75625 0.05 0.12083333333333333
0 0.418359375 0.8527777777777777 0.05234375 0.15555555555555556
0 0.691015625 0.4513888888888889 0.02578125 0.06388888888888888
0 0.744140625 0.4638888888888889 0.01796875 0.05277777777777778
0 0.5875 0.6895833333333333 0.0421875 0.11527777777777778
0 0.54453125 0.5652777777777778 0.034375 0.09444444444444444
0 0.80859375 0.39791666666666664 0.0203125 0.05416666666666667
0 0.72734375 0.6986111111111111 0.0421875 0.11666666666666667
0 0.778125 0.39791666666666664 0.0203125 0.05416666666666667
0 0.6 0.6201388888888889 0.034375 0.0875
0 0.8546875 0.38333333333333336 0.021875 0.05555555555555555
0 0.709375 0.41180555555555554 0.0234375 0.05694444444444444
0 0.791015625 0.6111111111111112 0.02578125 0.10277777777777777
0 0.7453125 0.4284722222222222 0.0171875 0.05138888888888889
0 0.740625 0.3902777777777778 0.0140625 0.041666666666666664
0 0.755859375 0.38263888888888886 0.01796875 0.04861111111111111
0 0.825 0.37777777777777777 0.0171875 0.05
1 0.773046875 0.5055555555555555 0.05078125 0.05
1 0.645703125 0.36319444444444443 0.03671875 0.05416666666666667
1 0.77578125 0.5701388888888889 0.0671875 0.0763888888888889
