0 0.322265625 0.29375 0.02265625 0.07916666666666666
0 0.096875 0.6590277777777778 0.05625 0.17083333333333334
0 0.63671875 0.3840277777777778 0.028125 0.10416666666666667
0 0.5890625 0.19236111111111112 0.0203125 0.04583333333333333
0 0.65 0.2125 0.0171875 0.05
0 0.63515625 0.19652777777777777 0.0140625 0.04861111111111111
1 0.3015625 0.42777777777777776 0.0859375 0.1638888888888889
1 0.2234375 0.9173611111111111 0.196875 0.16527777777777777
1 0.70546875 0.36527777777777776 0.0875 0.11388888888888889
3 0.578125 0.2847222222222222 0.0609375 0.1527777777777778
3 0.440625 0.1451388888888889 0.053125 0.12916666666666668
