2 0.296484375 0.31319444444444444 0.08046875 0.20694444444444443
1 0.198828125 0.46805555555555556 0.07109375 0.14444444444444443
1 0.5765625 0.7868055555555555 0.1546875 0.26805555555555555
1 0.77890625 0.7916666666666666 0.1765625 0.275
1 0.630859375 0.4326388888888889 0.07890625 0.12083333333333333
2 0.6046875 0.3 0.0390625 0.09722222222222222
2 0.641015625 0.26180555555555557 0.04765625 0.07083333333333333
1 0.709765625 0.24027777777777778 0.03828125 0.041666666666666664
3 0.65625 0.20694444444444443 0.0984375 0.1
3 0.5328125 0.36875 0.090625 0.2125
