0 0.388671875 0.47708333333333336 0.06953125 0.1597222222222222
1 0.384765625 0.47708333333333336 0.07734375 0.1597222222222222
0 0.2640625 0.7229166666666667 0.0390625 0.18472222222222223
0 0.53984375 0.6638888888888889 0.0359375 0.14722222222222223
0 0.359375 0.41597222222222224 0.021875 0.0875
0 0.41796875 0.31180555555555556 0.0171875 0.07083333333333333
0 0.483203125 0.31875 0.01640625 0.07083333333333333
0 0.496484375 0.3090277777777778 0.01328125 0.06805555555555555
0 0.5125 0.37083333333333335 0.0171875 0.08055555555555556
0 0.528515625 0.31666666666666665 0.01796875 0.06111111111111111
