5 0.355859375 0.42291666666666666 0.0791015625 0.1486111111111111
4 0.74609375 0.4270833333333333 0.0189453125 0.10972222222222222
4 0.848828125 0.5791666666666667 0.0521484375 0.13368055555555555
4 0.6546875 0.33194444444444443 0.0248046875 0.08611111111111111
4 0.1359375 0.5104166666666666 0.0373046875 0.159375
4 0.1875 0.5493055555555556 0.0517578125 0.14722222222222223
4 0.26015625 0.36180555555555555 0.028125 0.08784722222222222
4 0.309765625 0.30416666666666664 0.0380859375 0.08020833333333334
4 0.369140625 0.275 0.0208984375 0.07256944444444445
4 0.346484375 0.25069444444444444 0.0171875 0.057291666666666664
4 0.1984375 0.2861111111111111 0.0345703125 0.06701388888888889
4 0.0796875 0.4048611111111111 0.072265625 0.08194444444444444
4 0.037890625 0.6875 0.0662109375 0.12430555555555556
5 0.663671875 0.9131944444444444 0.15703125 0.17083333333333334
4 0.218359375 0.47152777777777777 0.04453125 0.14583333333333334
4 0.2859375 0.475 0.0375 0.13819444444444445
4 0.368359375 0.19444444444444445 0.0181640625 0.06388888888888888
4 0.41875 0.23125 0.018359375 0.065625
4 0.7453125 0.3388888888888889 0.025390625 0.08958333333333333
4 0.674609375 0.26180555555555557 0.0224609375 0.07361111111111111
4 0.65234375 0.21944444444444444 0.0142578125 0.05277777777777778
