5 0.62734375 0.37916666666666665 0.0560546875 0.08854166666666667
5 0.524609375 0.3625 0.0541015625 0.0920138888888889
5 0.524609375 0.3076388888888889 0.04453125 0.06666666666666667
5 0.581640625 0.25069444444444444 0.0369140625 0.04861111111111111
7 0.61875 0.29791666666666666 0.0533203125 0.12118055555555556
6 0.6359375 0.24305555555555555 0.059375 0.07569444444444444
7 0.62109375 0.6993055555555555 0.2423828125 0.5513888888888889
7 0.830859375 0.7423611111111111 0.2103515625 0.40555555555555556
4 0.196484375 0.30486111111111114 0.0240234375 0.07326388888888889
4 0.41953125 0.31875 0.0216796875 0.07048611111111111
