0 0.3625 0.46458333333333335 0.0265625 0.11805555555555555
0 0.250390625 0.6854166666666667 0.03671875 0.1736111111111111
0 0.829296875 0.8909722222222223 0.05078125 0.18472222222222223
0 0.05625 0.76875 0.046875 0.2125
0 0.930859375 0.9152777777777777 0.06796875 0.16944444444444445
0 0.29765625 0.5604166666666667 0.0296875 0.1375
0 0.299609375 0.39305555555555555 0.02890625 0.09444444444444444
0 0.30546875 0.4791666666666667 0.0234375 0.11388888888888889
0 0.71171875 0.5069444444444444 0.0265625 0.12222222222222222
0 0.76171875 0.6173611111111111 0.0421875 0.14027777777777778
0 0.801171875 0.7180555555555556 0.03984375 0.1638888888888889
0 0.821484375 0.5763888888888888 0.03984375 0.11944444444444445
0 0.665234375 0.5645833333333333 0.03828125 0.1486111111111111
0 0.36328125 0.2833333333333333 0.015625 0.07222222222222222
0 0.79453125 0.5097222222222222 0.034375 0.11388888888888889
0 0.481640625 0.7305555555555555 0.05234375 0.17222222222222222
0 0.39375 0.41944444444444445 0.0234375 0.10555555555555556
0 0.75390625 0.5319444444444444 0.0359375 0.1111111111111111
0 0.033203125 0.9222222222222223 0.05234375 0.15555555555555556
0 0.66640625 0.4527777777777778 0.0265625 0.1
0 0.887109375 0.7020833333333333 0.04765625 0.14305555555555555
0 0.838671875 0.6729166666666667 0.03828125 0.14583333333333334
0 0.6484375 0.39166666666666666 0.021875 0.07222222222222222
0 0.316015625 0.4076388888888889 0.02734375 0.09027777777777778
0 0.328515625 0.32430555555555557 0.02109375 0.07916666666666666
0 0.5421875 0.9381944444444444 0.0515625 0.11527777777777778
0 0.966796875 0.8888888888888888 0.06640625 0.2222222222222222
0 0.346875 0.4097222222222222 0.0234375 0.10555555555555556
0 0.3015625 0.3236111111111111 0.021875 0.07777777777777778
0 0.666015625 0.30972222222222223 0.02109375 0.07777777777777778
0 0.48125 0.6583333333333333 0.04375 0.1527777777777778
0 0.5875 0.29444444444444445 0.021875 0.06944444444444445
1 0.16875 0.4083333333333333 0.165625 0.1111111111111111
1 0.4015625 0.3368055555555556 0.040625 0.08194444444444444
1 0.41640625 0.5236111111111111 0.0796875 0.175
3 0.453515625 0.3472222222222222 0.04921875 0.11666666666666667
1 0.458984375 0.2569444444444444 0.03203125 0.06944444444444445
1 0.409765625 0.25277777777777777 0.02578125 0.075
1 0.346484375 0.9631944444444445 0.08203125 0.07361111111111111
3 0.585546875 0.4284722222222222 0.08671875 0.2125
3 0.5171875 0.19930555555555557 0.0265625 0.0875
3 0.567578125 0.22569444444444445 0.03671875 0.10972222222222222
0 0.684765625 0.43125 0.01953125 0.09305555555555556
0 0.69140625 0.3958333333333333 0.01875 0.07222222222222222
0 0.6453125 0.3284722222222222 0.01875 0.04583333333333333
0 0.356640625 0.3541666666666667 0.01484375 0.06388888888888888
