0 0.62734375 0.6 0.08125 0.12777777777777777
0 0.4484375 0.5166666666666667 0.0515625 0.10833333333333334
0 0.30703125 0.44930555555555557 0.0640625 0.10416666666666667
0 0.346875 0.5902777777777778 0.0828125 0.125
0 0.028125 0.5465277777777777 0.05625 0.12083333333333333
0 0.564453125 0.3020833333333333 0.01953125 0.09027777777777778
0 0.549609375 0.4486111111111111 0.05078125 0.09444444444444444
0 0.865234375 0.5055555555555555 0.05859375 0.1
0 0.820703125 0.5736111111111111 0.06015625 0.1111111111111111
0 0.669140625 0.29930555555555555 0.02265625 0.0763888888888889
0 0.4171875 0.2847222222222222 0.01875 0.07222222222222222
0 0.727734375 0.6055555555555555 0.05546875 0.125
0 0.737109375 0.5333333333333333 0.04921875 0.10277777777777777
0 0.7109375 0.3972222222222222 0.03125 0.09444444444444444
0 0.4875 0.4326388888888889 0.05 0.08472222222222223
0 0.792578125 0.5159722222222223 0.06484375 0.09305555555555556
0 0.30625 0.29375 0.01875 0.07361111111111111
0 0.25234375 0.38472222222222224 0.0453125 0.09166666666666666
0 0.165234375 0.42777777777777776 0.04453125 0.09722222222222222
0 0.540234375 0.24513888888888888 0.01484375 0.06527777777777778
0 0.35625 0.2916666666666667 0.0171875 0.058333333333333334
0 0.52109375 0.2881944444444444 0.015625 0.07361111111111111
0 0.376953125 0.5472222222222223 0.05234375 0.10555555555555556
0 0.237109375 0.4486111111111111 0.05859375 0.09444444444444444
0 0.659375 0.5513888888888889 0.046875 0.11388888888888889
0 0.416796875 0.43333333333333335 0.05078125 0.08611111111111111
0 0.1984375 0.5597222222222222 0.090625 0.13055555555555556
0 0.721484375 0.5465277777777777 0.04921875 0.09583333333333334
1 0.204296875 0.5340277777777778 0.11953125 0.12638888888888888
1 0.612109375 0.2791666666666667 0.03203125 0.06111111111111111
1 0.416796875 0.1701388888888889 0.03046875 0.059722222222222225
3 0.462890625 0.25416666666666665 0.03984375 0.10833333333333334
0 0.5296875 0.4201388888888889 0.0390625 0.0763888888888889
0 0.30703125 0.4048611111111111 0.05 0.0763888888888889
