0 0.673046875 0.4076388888888889 0.02578125 0.09861111111111111
0 0.23828125 0.36875 0.0421875 0.0875
0 0.65 0.36527777777777776 0.0234375 0.08333333333333333
0 0.566796875 0.35347222222222224 0.01953125 0.08194444444444444
0 0.297265625 0.3472222222222222 0.02734375 0.07222222222222222
0 0.601953125 0.3680555555555556 0.01953125 0.08888888888888889
0 0.1296875 0.37777777777777777 0.059375 0.08888888888888889
0 0.77109375 0.65625 0.0453125 0.1375
0 0.396875 0.3659722222222222 0.021875 0.09305555555555556
0 0.791796875 0.4479166666666667 0.05859375 0.0875
0 0.64609375 0.2972222222222222 0.0171875 0.06666666666666667
0 0.329296875 0.30833333333333335 0.02578125 0.07222222222222222
0 0.56640625 0.25625 0.0125 0.05694444444444444
0 0.57421875 0.2986111111111111 0.0171875 0.06388888888888888
1 0.34140625 0.49236111111111114 0.0671875 0.14027777777777778
1 0.45078125 0.47847222222222224 0.0609375 0.15138888888888888
1 0.4546875 0.32708333333333334 0.040625 0.0875
2 0.38046875 0.25763888888888886 0.059375 0.14305555555555555
3 0.527734375 0.25416666666666665 0.03984375 0.10277777777777777
3 0.509375 0.17430555555555555 0.03125 0.0763888888888889
3 0.45859375 0.2125 0.034375 0.09444444444444444
3 0.38046875 0.25763888888888886 0.059375 0.14305555555555555
1 0.229296875 0.8645833333333334 0.15703125 0.2708333333333333
