0 0.588671875 0.76875 0.03828125 0.1875
0 0.70625 0.6027777777777777 0.0328125 0.1527777777777778
0 0.781640625 0.6847222222222222 0.03828125 0.16666666666666666
0 0.72265625 0.8076388888888889 0.0453125 0.1875
0 0.509375 0.6854166666666667 0.05 0.15138888888888888
0 0.18828125 0.7034722222222223 0.0375 0.18194444444444444
0 0.2453125 0.5451388888888888 0.0296875 0.14027777777777778
0 0.323828125 0.37777777777777777 0.02265625 0.10277777777777777
0 0.47421875 0.7854166666666667 0.046875 0.16805555555555557
0 0.76015625 0.5916666666666667 0.0359375 0.12777777777777777
0 0.646484375 0.38055555555555554 0.02421875 0.09444444444444444
0 0.537109375 0.3013888888888889 0.01796875 0.08333333333333333
0 0.6078125 0.3368055555555556 0.021875 0.08472222222222223
0 0.4546875 0.6604166666666667 0.040625 0.15138888888888888
0 0.6328125 0.2986111111111111 0.021875 0.07777777777777778
0 0.17265625 0.37083333333333335 0.05625 0.1
0 0.551171875 0.21666666666666667 0.01484375 0.06111111111111111
0 0.35390625 0.28402777777777777 0.01875 0.07083333333333333
0 0.7984375 0.46041666666666664 0.0578125 0.09305555555555556
0 0.5796875 0.2125 0.0171875 0.05
0 0.33203125 0.27291666666666664 0.0203125 0.06805555555555555
0 0.28359375 0.2972222222222222 0.025 0.07222222222222222
0 0.38671875 0.20277777777777778 0.0140625 0.05277777777777778
1 0.501953125 0.575 0.10078125 0.1527777777777778
1 0.340234375 0.7701388888888889 0.10546875 0.2625
1 0.415625 0.18680555555555556 0.0265625 0.059722222222222225
1 0.4046875 0.25555555555555554 0.03125 0.05
3 0.37734375 0.425 0.090625 0.2361111111111111
1 0.392578125 0.28958333333333336 0.03359375 0.04027777777777778
