0 0.03125 0.6701388888888888 0.0484375 0.19305555555555556
0 0.678125 0.26805555555555555 0.0265625 0.075
0 0.2890625 0.30277777777777776 0.0265625 0.06666666666666667
0 0.3578125 0.2048611111111111 0.0109375 0.059722222222222225
1 0.6078125 0.26180555555555557 0.0515625 0.07916666666666666
1 0.580078125 0.22013888888888888 0.03359375 0.04861111111111111
1 0.5328125 0.21597222222222223 0.040625 0.059722222222222225
1 0.354296875 0.2902777777777778 0.04921875 0.09722222222222222
1 0.478515625 0.1701388888888889 0.02734375 0.043055555555555555
3 0.623828125 0.6534722222222222 0.13984375 0.3625
3 0.812890625 0.6173611111111111 0.20234375 0.32916666666666666
3 0.4171875 0.28541666666666665 0.1015625 0.3236111111111111
3 0.231640625 0.4201388888888889 0.10703125 0.23472222222222222
