5 0.396875 0.4354166666666667 0.072265625 0.17083333333333334
4 0.30859375 0.4222222222222222 0.0517578125 0.10034722222222223
4 0.308984375 0.49375 0.0369140625 0.11840277777777777
4 0.243359375 0.4736111111111111 0.03671875 0.09791666666666667
4 0.15078125 0.44722222222222224 0.0501953125 0.09756944444444444
4 0.184375 0.7416666666666667 0.090234375 0.12708333333333333
4 0.08359375 0.7743055555555556 0.0640625 0.14166666666666666
4 0.076171875 0.3888888888888889 0.0572265625 0.07465277777777778
4 0.212890625 0.28402777777777777 0.0662109375 0.06944444444444445
4 0.36640625 0.26805555555555555 0.01875 0.07777777777777778
4 0.190234375 0.5152777777777777 0.0291015625 0.10347222222222222
4 0.5625 0.28125 0.0201171875 0.07777777777777778
