0 0.2171875 0.30833333333333335 0.021875 0.058333333333333334
0 0.794140625 0.4548611111111111 0.03046875 0.09305555555555556
0 0.7125 0.3375 0.0203125 0.058333333333333334
0 0.7 0.28958333333333336 0.015625 0.04583333333333333
0 0.702734375 0.25833333333333336 0.01484375 0.025
1 0.534765625 0.43680555555555556 0.06953125 0.10972222222222222
3 0.546484375 0.2743055555555556 0.08203125 0.17916666666666667
1 0.690625 0.21944444444444444 0.046875 0.044444444444444446
0 0.6234375 0.24097222222222223 0.0234375 0.043055555555555555
3 0.153515625 0.17152777777777778 0.04140625 0.05694444444444444
3 0.197265625 0.17152777777777778 0.03359375 0.05694444444444444
