0 0.24296875 0.5493055555555556 0.0296875 0.14027777777777778
0 0.633984375 0.4527777777777778 0.03671875 0.11388888888888889
0 0.649609375 0.33958333333333335 0.01953125 0.09027777777777778
0 0.580078125 0.22708333333333333 0.01640625 0.06805555555555555
0 0.281640625 0.4625 0.02578125 0.11388888888888889
0 0.667578125 0.30069444444444443 0.02109375 0.07916666666666666
0 0.2703125 0.38125 0.025 0.08194444444444444
0 0.62734375 0.37916666666666665 0.021875 0.08611111111111111
0 0.22890625 0.475 0.0296875 0.10555555555555556
0 0.3171875 0.39652777777777776 0.01875 0.09027777777777778
0 0.504296875 0.39166666666666666 0.04453125 0.08611111111111111
0 0.2125 0.4527777777777778 0.03125 0.10833333333333334
0 0.329296875 0.3076388888888889 0.01953125 0.07361111111111111
0 0.30234375 0.32916666666666666 0.0203125 0.07777777777777778
1 0.33125 0.5041666666666667 0.06875 0.15833333333333333
1 0.371875 0.36666666666666664 0.0515625 0.09166666666666666
1 0.7046875 0.5583333333333333 0.0796875 0.14166666666666666
1 0.55 0.4548611111111111 0.065625 0.12361111111111112
1 0.434375 0.6034722222222222 0.075 0.19027777777777777
1 0.383984375 0.28402777777777777 0.03671875 0.08194444444444444
1 0.4125 0.24166666666666667 0.03125 0.07777777777777778
1 0.450390625 0.4111111111111111 0.05390625 0.15
1 0.0515625 0.4375 0.103125 0.125
1 0.45625 0.19722222222222222 0.0265625 0.07222222222222222
2 0.0515625 0.4375 0.103125 0.125
3 0.45390625 0.3104166666666667 0.0546875 0.14027777777777778
