1 0.718359375 0.6076388888888888 0.12109375 0.16527777777777777
1 0.587890625 0.26805555555555555 0.04765625 0.05277777777777778
3 0.329296875 0.2013888888888889 0.11015625 0.09444444444444444
3 0.687890625 0.20902777777777778 0.10078125 0.09583333333333334
0 0.506640625 0.2326388888888889 0.02578125 0.0375
0 0.53671875 0.2298611111111111 0.021875 0.0375
0 0.583203125 0.22569444444444445 0.02421875 0.034722222222222224
3 0.20625 0.19236111111111112 0.04375 0.08194444444444444
3 0.17265625 0.17569444444444443 0.034375 0.07361111111111111
0 0.123046875 0.22291666666666668 0.01484375 0.0375
