0 0.489453125 0.22083333333333333 0.01640625 0.05555555555555555
0 0.277734375 0.36875 0.02421875 0.10416666666666667
0 0.780859375 0.6541666666666667 0.04765625 0.10277777777777777
0 0.758984375 0.475 0.04765625 0.13333333333333333
0 0.827734375 0.47708333333333336 0.03671875 0.12916666666666668
0 0.711328125 0.39444444444444443 0.03046875 0.10555555555555556
0 0.66640625 0.2708333333333333 0.021875 0.058333333333333334
0 0.6796875 0.24166666666666667 0.0203125 0.058333333333333334
0 0.57734375 0.20833333333333334 0.0125 0.06111111111111111
0 0.609375 0.18958333333333333 0.0140625 0.043055555555555555
1 0.419140625 0.20555555555555555 0.04296875 0.075
1 0.369921875 0.26458333333333334 0.04453125 0.07083333333333333
1 0.47109375 0.16875 0.028125 0.04027777777777778
1 0.615625 0.6236111111111111 0.1234375 0.23333333333333334
3 0.551953125 0.2972222222222222 0.06640625 0.17777777777777778
