0 0.301953125 0.29791666666666666 0.02265625 0.0763888888888889
0 0.676953125 0.2826388888888889 0.01953125 0.06527777777777778
0 0.3625 0.2111111111111111 0.0171875 0.05
0 0.66328125 0.2326388888888889 0.015625 0.04861111111111111
1 0.674609375 0.3902777777777778 0.04765625 0.08333333333333333
2 0.822265625 0.6541666666666667 0.35546875 0.6666666666666666
3 0.60390625 0.4097222222222222 0.0859375 0.23055555555555557
3 0.425 0.31180555555555556 0.0875 0.2263888888888889
3 0.558203125 0.2701388888888889 0.04609375 0.10138888888888889
3 0.6046875 0.19236111111111112 0.0640625 0.13194444444444445
0 0.64609375 0.23402777777777778 0.015625 0.04861111111111111
1 0.551953125 0.3263888888888889 0.03515625 0.09166666666666666
1 0.67578125 0.37083333333333335 0.046875 0.10277777777777777
