0 0.152734375 0.5597222222222222 0.04765625 0.14444444444444443
0 0.184375 0.44166666666666665 0.025 0.09444444444444444
0 0.24296875 0.4236111111111111 0.0265625 0.11388888888888889
0 0.280078125 0.34097222222222223 0.01796875 0.0763888888888889
0 0.301171875 0.3611111111111111 0.02109375 0.08888888888888889
0 0.313671875 0.3013888888888889 0.01953125 0.06388888888888888
0 0.55703125 0.5381944444444444 0.0296875 0.11805555555555555
0 0.805078125 0.6756944444444445 0.05390625 0.16805555555555557
0 0.8734375 0.6166666666666667 0.0578125 0.13333333333333333
0 0.9453125 0.9347222222222222 0.0875 0.13055555555555556
0 0.96015625 0.8645833333333334 0.078125 0.19305555555555556
0 0.977734375 0.7215277777777778 0.04453125 0.1736111111111111
0 0.767578125 0.4354166666666667 0.03515625 0.10694444444444444
0 0.762890625 0.3763888888888889 0.03828125 0.10555555555555556
0 0.679296875 0.3055555555555556 0.02109375 0.06666666666666667
0 0.60703125 0.26180555555555557 0.01875 0.07361111111111111
0 0.520703125 0.22916666666666666 0.02578125 0.07222222222222222
0 0.60703125 0.1701388888888889 0.015625 0.0375
1 0.274609375 0.7930555555555555 0.15234375 0.3333333333333333
1 0.683984375 0.5152777777777777 0.10546875 0.14166666666666666
3 0.41953125 0.3090277777777778 0.0625 0.16805555555555557
3 0.557421875 0.3423611111111111 0.05859375 0.17083333333333334
3 0.562890625 0.13680555555555557 0.04453125 0.11527777777777778
3 0.451171875 0.18958333333333333 0.04140625 0.11527777777777778
1 0.648046875 0.3458333333333333 0.05859375 0.10555555555555556
