0 0.84921875 0.45069444444444445 0.0234375 0.06527777777777778
0 0.4390625 0.8 0.046875 0.13333333333333333
0 0.619921875 0.47847222222222224 0.02265625 0.06527777777777778
0 0.83828125 0.7159722222222222 0.0375 0.10694444444444444
0 0.809765625 0.44722222222222224 0.02109375 0.06111111111111111
0 0.62890625 0.5326388888888889 0.0234375 0.07361111111111111
0 0.722265625 0.46805555555555556 0.02109375 0.06388888888888888
0 0.712109375 0.6715277777777777 0.03203125 0.10138888888888889
0 0.654296875 0.5513888888888889 0.02578125 0.08333333333333333
0 0.770703125 0.36666666666666664 0.01640625 0.05
0 0.82578125 0.39444444444444443 0.01875 0.05277777777777778
0 0.6375 0.9215277777777777 0.05 0.12638888888888888
0 0.69375 0.4909722222222222 0.0203125 0.06527777777777778
0 0.476953125 0.6708333333333333 0.03828125 0.11666666666666667
0 0.84453125 0.8666666666666667 0.0453125 0.14722222222222223
0 0.707421875 0.7854166666666667 0.03359375 0.10694444444444444
0 0.74375 0.6479166666666667 0.028125 0.09305555555555556
0 0.784765625 0.6847222222222222 0.02890625 0.09722222222222222
0 0.602734375 0.6333333333333333 0.03046875 0.1
0 0.582421875 0.6763888888888889 0.02734375 0.1
0 0.55859375 0.7451388888888889 0.0375 0.11527777777777778
0 0.80703125 0.8 0.034375 0.1111111111111111
0 0.859375 0.3958333333333333 0.0203125 0.05555555555555555
0 0.834375 0.5347222222222222 0.0265625 0.07777777777777778
0 0.79453125 0.9347222222222222 0.04375 0.1111111111111111
0 0.73046875 0.4263888888888889 0.0203125 0.05555555555555555
0 0.709375 0.5354166666666667 0.025 0.07361111111111111
0 0.551953125 0.5798611111111112 0.02890625 0.08472222222222223
0 0.74375 0.8659722222222223 0.0359375 0.13472222222222222
0 0.77890625 0.4375 0.0203125 0.06111111111111111
0 0.711328125 0.9083333333333333 0.03984375 0.12777777777777777
0 0.798046875 0.39791666666666664 0.01796875 0.05138888888888889
0 0.344140625 0.8986111111111111 0.03984375 0.16111111111111112
0 0.75234375 0.5027777777777778 0.0234375 0.06666666666666667
0 0.627734375 0.6076388888888888 0.02890625 0.0875
0 0.672265625 0.6347222222222222 0.03046875 0.09722222222222222
0 0.753515625 0.3416666666666667 0.01640625 0.044444444444444446
0 0.80234375 0.6444444444444445 0.0265625 0.08333333333333333
0 0.641015625 0.7027777777777777 0.03046875 0.10555555555555556
0 0.019921875 0.9486111111111111 0.03984375 0.10277777777777777
0 0.699609375 0.44930555555555557 0.01953125 0.05416666666666667
0 0.54453125 0.6618055555555555 0.0296875 0.09861111111111111
0 0.53984375 0.54375 0.028125 0.0763888888888889
0 0.739453125 0.5618055555555556 0.02109375 0.06527777777777778
0 0.638671875 0.8243055555555555 0.03828125 0.1125
0 0.746875 0.44930555555555557 0.01875 0.059722222222222225
0 0.74609375 0.5895833333333333 0.0234375 0.06527777777777778
0 0.79140625 0.3486111111111111 0.015625 0.041666666666666664
0 0.836328125 0.36180555555555555 0.01640625 0.04583333333333333
0 0.792578125 0.6152777777777778 0.02578125 0.06388888888888888
1 0.6515625 0.3659722222222222 0.0296875 0.04861111111111111
1 0.778125 0.5493055555555556 0.084375 0.07361111111111111
1 0.7078125 0.3951388888888889 0.0375 0.059722222222222225
1 0.55078125 0.40625 0.034375 0.04583333333333333
1 0.648828125 0.3263888888888889 0.02578125 0.03888888888888889
2 0.5859375 0.4173611111111111 0.05 0.07916666666666666
