2 0.390234375 0.23958333333333334 0.07890625 0.1597222222222222
1 0.812890625 0.6847222222222222 0.16484375 0.21666666666666667
3 0.7796875 0.8486111111111111 0.440625 0.30277777777777776
3 0.6359375 0.5590277777777778 0.171875 0.27361111111111114
2 0.70859375 0.4222222222222222 0.09375 0.18055555555555555
0 0.73984375 0.3763888888888889 0.0203125 0.058333333333333334
0 0.758203125 0.3625 0.01796875 0.06666666666666667
3 0.56015625 0.2638888888888889 0.0828125 0.16944444444444445
2 0.633203125 0.2423611111111111 0.10234375 0.1986111111111111
3 0.405078125 0.14097222222222222 0.13046875 0.09305555555555556
