0 0.375 0.26805555555555555 0.0203125 0.06111111111111111
0 0.353125 0.24930555555555556 0.01875 0.0625
0 0.659375 0.43333333333333335 0.0328125 0.075
0 0.659375 0.2986111111111111 0.025 0.06944444444444445
0 0.66953125 0.24930555555555556 0.0265625 0.05694444444444444
0 0.63203125 0.20347222222222222 0.0140625 0.04861111111111111
0 0.373828125 0.18333333333333332 0.01015625 0.03611111111111111
2 0.6921875 0.7020833333333333 0.2296875 0.5597222222222222
3 0.569140625 0.34444444444444444 0.07734375 0.18055555555555555
3 0.5453125 0.22847222222222222 0.0453125 0.0763888888888889
3 0.58515625 0.15902777777777777 0.0546875 0.10972222222222222
3 0.465625 0.13333333333333333 0.03125 0.06944444444444445
3 0.43671875 0.14722222222222223 0.021875 0.041666666666666664
