3 0.5625 0.43472222222222223 0.15 0.41944444444444445
2 0.61875 0.3145833333333333 0.065625 0.17083333333333334
0 0.763671875 0.4166666666666667 0.02890625 0.09166666666666666
2 0.6640625 0.2326388888888889 0.0890625 0.10416666666666667
3 0.54921875 0.2076388888888889 0.1234375 0.10138888888888889
0 0.46015625 0.22708333333333333 0.025 0.04861111111111111
0 0.482421875 0.21875 0.02421875 0.04583333333333333
0 0.326953125 0.21319444444444444 0.02109375 0.043055555555555555
3 0.28046875 0.20416666666666666 0.0671875 0.06944444444444445
0 0.132421875 0.21944444444444444 0.02109375 0.041666666666666664
1 0.19453125 0.20833333333333334 0.03125 0.05
3 0.13125 0.1673611111111111 0.08125 0.08194444444444444
