0 0.55078125 0.5881944444444445 0.0734375 0.13472222222222222
0 0.3078125 0.6020833333333333 0.0828125 0.12638888888888888
0 0.38515625 0.7673611111111112 0.06875 0.16805555555555557
0 0.8640625 0.7680555555555556 0.0828125 0.1638888888888889
0 0.73828125 0.5611111111111111 0.0703125 0.11388888888888889
0 0.487109375 0.43680555555555556 0.06796875 0.10416666666666667
0 0.61171875 0.7131944444444445 0.0609375 0.15694444444444444
0 0.394921875 0.47847222222222224 0.06171875 0.10416666666666667
0 0.7203125 0.6854166666666667 0.053125 0.14305555555555555
0 0.03359375 0.6597222222222222 0.065625 0.13333333333333333
0 0.019921875 0.4361111111111111 0.03984375 0.09166666666666666
0 0.39140625 0.29930555555555555 0.0140625 0.07083333333333333
0 0.308984375 0.3298611111111111 0.02265625 0.09027777777777778
0 0.1453125 0.48819444444444443 0.0609375 0.10138888888888889
0 0.152734375 0.6152777777777778 0.08359375 0.12222222222222222
0 0.089453125 0.5451388888888888 0.07265625 0.10694444444444444
0 0.8078125 0.6277777777777778 0.0484375 0.12777777777777777
0 0.4421875 0.4083333333333333 0.046875 0.08888888888888889
0 0.675 0.4638888888888889 0.0515625 0.1
0 0.784375 0.45416666666666666 0.0453125 0.10277777777777777
0 0.728125 0.4791666666666667 0.0578125 0.1
0 0.42265625 0.28680555555555554 0.01875 0.07916666666666666
0 0.180859375 0.42916666666666664 0.05390625 0.08333333333333333
0 0.040625 0.50625 0.05625 0.09861111111111111
0 0.23125 0.4111111111111111 0.0453125 0.09166666666666666
0 0.4484375 0.25833333333333336 0.0140625 0.06388888888888888
0 0.251953125 0.49027777777777776 0.06484375 0.1
0 0.40859375 0.41041666666666665 0.0328125 0.0875
0 0.269140625 0.5604166666666667 0.07109375 0.12083333333333333
0 0.355859375 0.2520833333333333 0.01640625 0.05694444444444444
0 0.649609375 0.43680555555555556 0.03984375 0.09861111111111111
0 0.283203125 0.325 0.02265625 0.08055555555555556
0 0.978515625 0.9097222222222222 0.03984375 0.14722222222222223
0 0.02734375 0.5743055555555555 0.0546875 0.1125
0 0.28359375 0.4486111111111111 0.04375 0.1
0 0.5328125 0.24375 0.01875 0.05416666666666667
1 0.117578125 0.39305555555555555 0.13984375 0.1111111111111111
0 0.37734375 0.2826388888888889 0.015625 0.06527777777777778
