0 0.20625 0.8659722222222223 0.0671875 0.1625
0 0.769140625 0.5194444444444445 0.02421875 0.07777777777777778
0 0.55859375 0.64375 0.0375 0.11805555555555555
0 0.691796875 0.43680555555555556 0.02109375 0.06805555555555555
0 0.791015625 0.5486111111111112 0.02578125 0.07777777777777778
0 0.090234375 0.8944444444444445 0.08203125 0.16111111111111112
0 0.82421875 0.5590277777777778 0.028125 0.08194444444444444
0 0.63515625 0.45208333333333334 0.021875 0.06527777777777778
0 0.78515625 0.47708333333333336 0.021875 0.06805555555555555
0 0.690625 0.6180555555555556 0.03125 0.09166666666666666
0 0.79375 0.6597222222222222 0.03125 0.09722222222222222
0 0.30546875 0.9368055555555556 0.0640625 0.11527777777777778
0 0.87734375 0.8090277777777778 0.046875 0.14583333333333334
0 0.748046875 0.6118055555555556 0.02109375 0.0875
0 0.3578125 0.7715277777777778 0.05 0.1375
0 0.73671875 0.4847222222222222 0.021875 0.06388888888888888
0 0.86015625 0.5326388888888889 0.028125 0.07916666666666666
0 0.3921875 0.7020833333333333 0.04375 0.11527777777777778
0 0.801953125 0.8263888888888888 0.04140625 0.1388888888888889
0 0.654296875 0.49930555555555556 0.01796875 0.07083333333333333
0 0.508203125 0.6979166666666666 0.04453125 0.12916666666666668
0 0.834375 0.6472222222222223 0.0328125 0.10277777777777777
0 0.673828125 0.7013888888888888 0.03828125 0.12222222222222222
0 0.708203125 0.7708333333333334 0.04296875 0.14722222222222223
0 0.7125 0.4465277777777778 0.021875 0.06805555555555555
0 0.553515625 0.5604166666666667 0.02734375 0.0875
0 0.8078125 0.4652777777777778 0.0203125 0.06666666666666667
0 0.607421875 0.6444444444444445 0.03046875 0.10277777777777777
0 0.82265625 0.49236111111111114 0.0234375 0.06527777777777778
0 0.73046875 0.4041666666666667 0.0203125 0.058333333333333334
0 0.625 0.7569444444444444 0.0375 0.12222222222222222
0 0.634375 0.9104166666666667 0.05625 0.15694444444444444
0 0.559765625 0.9354166666666667 0.04609375 0.10972222222222222
0 0.74453125 0.55 0.0265625 0.07222222222222222
0 0.809765625 0.7284722222222222 0.03359375 0.10416666666666667
0 0.83125 0.4534722222222222 0.0203125 0.0625
0 0.847265625 0.4076388888888889 0.01953125 0.05416666666666667
0 0.93359375 0.9506944444444444 0.059375 0.08472222222222223
0 0.666796875 0.4465277777777778 0.02109375 0.059722222222222225
0 0.67734375 0.8006944444444445 0.040625 0.14583333333333334
0 0.748046875 0.45902777777777776 0.01484375 0.05138888888888889
0 0.871875 0.4777777777777778 0.0125 0.058333333333333334
0 0.769140625 0.44513888888888886 0.01953125 0.059722222222222225
0 0.637109375 0.5097222222222222 0.01640625 0.05555555555555555
0 0.621875 0.8673611111111111 0.05 0.16805555555555557
1 0.112109375 0.7125 0.14296875 0.1361111111111111
1 0.583203125 0.5027777777777778 0.06015625 0.08888888888888889
1 0.458203125 0.8541666666666666 0.12109375 0.23055555555555557
1 0.622265625 0.575 0.05546875 0.09444444444444444
1 0.610546875 0.3486111111111111 0.03203125 0.05
1 0.53671875 0.4201388888888889 0.04375 0.06527777777777778
1 0.6828125 0.36944444444444446 0.034375 0.058333333333333334
1 0.4625 0.48819444444444443 0.0484375 0.0763888888888889
1 0.630078125 0.38958333333333334 0.03203125 0.05138888888888889
1 0.65625 0.41180555555555554 0.0390625 0.04861111111111111
2 0.37265625 0.5618055555555556 0.159375 0.19305555555555556
0 0.45 0.7319444444444444 0.0328125 0.08055555555555556
0 0.747265625 0.4097222222222222 0.01328125 0.05277777777777778
0 0.770703125 0.4013888888888889 0.01328125 0.05277777777777778
0 0.793359375 0.4222222222222222 0.01328125 0.05277777777777778
0 0.859375 0.46111111111111114 0.0125 0.058333333333333334
