0 0.077734375 0.79375 0.07109375 0.2569444444444444
0 0.213671875 0.5208333333333334 0.03359375 0.1388888888888889
0 0.725 0.42569444444444443 0.0296875 0.1125
0 0.330859375 0.2722222222222222 0.02109375 0.07222222222222222
0 0.535546875 0.29375 0.02109375 0.06805555555555555
0 0.6078125 0.17569444444444443 0.0109375 0.04027777777777778
0 0.58515625 0.17152777777777778 0.015625 0.04583333333333333
0 0.3921875 0.20625 0.0125 0.04861111111111111
0 0.36796875 0.19791666666666666 0.0125 0.04861111111111111
2 0.605078125 0.39305555555555555 0.11015625 0.2611111111111111
3 0.733203125 0.8708333333333333 0.31640625 0.25833333333333336
3 0.55078125 0.11875 0.0453125 0.06527777777777778
3 0.45234375 0.17847222222222223 0.0484375 0.13194444444444445
1 0.416015625 0.18055555555555555 0.02109375 0.04722222222222222
3 0.546484375 0.22916666666666666 0.05234375 0.10277777777777777
