3 0.19921875 0.19305555555555556 0.0765625 0.1
3 0.533203125 0.28402777777777777 0.05546875 0.12916666666666668
3 0.6390625 0.2722222222222222 0.0453125 0.09444444444444444
3 0.705859375 0.21319444444444444 0.06953125 0.08472222222222223
0 0.7140625 0.35208333333333336 0.01875 0.06805555555555555
0 0.712109375 0.30833333333333335 0.01484375 0.06111111111111111
0 0.296875 0.3590277777777778 0.0203125 0.08472222222222223
0 0.361328125 0.2222222222222222 0.02109375 0.030555555555555555
1 0.2578125 0.21180555555555555 0.0515625 0.05694444444444444
2 0.43828125 0.2152777777777778 0.121875 0.07777777777777778
