0 0.44140625 0.90625 0.0515625 0.14305555555555555
0 0.557421875 0.47847222222222224 0.02578125 0.07083333333333333
0 0.769140625 0.4201388888888889 0.01953125 0.05416666666666667
0 0.762890625 0.4791666666666667 0.02109375 0.06388888888888888
0 0.58828125 0.4625 0.0234375 0.06666666666666667
0 0.67421875 0.6166666666666667 0.0296875 0.08333333333333333
0 0.60625 0.5756944444444444 0.025 0.07916666666666666
0 0.3375 0.675 0.0421875 0.1111111111111111
0 0.737109375 0.5083333333333333 0.02109375 0.06388888888888888
0 0.798046875 0.5458333333333333 0.02265625 0.07777777777777778
0 0.65390625 0.5756944444444444 0.0234375 0.07361111111111111
0 0.61328125 0.475 0.021875 0.06388888888888888
0 0.676171875 0.4409722222222222 0.01953125 0.05694444444444444
0 0.677734375 0.3951388888888889 0.02109375 0.04861111111111111
0 0.75546875 0.54375 0.025 0.07916666666666666
0 0.51796875 0.5798611111111112 0.0328125 0.09583333333333334
0 0.70859375 0.5319444444444444 0.025 0.075
0 0.88671875 0.5736111111111111 0.0328125 0.08611111111111111
0 0.57890625 0.6465277777777778 0.03125 0.09861111111111111
0 0.403125 0.6770833333333334 0.0421875 0.12361111111111112
0 0.783984375 0.48055555555555557 0.02109375 0.06388888888888888
0 0.652734375 0.50625 0.02109375 0.0625
0 0.3234375 0.7861111111111111 0.059375 0.14722222222222223
0 0.568359375 0.5791666666666667 0.02578125 0.075
0 0.815234375 0.5048611111111111 0.02265625 0.06805555555555555
0 0.626171875 0.6243055555555556 0.02109375 0.09305555555555556
0 0.59609375 0.7583333333333333 0.0375 0.11666666666666667
0 0.789453125 0.4111111111111111 0.01953125 0.05555555555555555
0 0.67578125 0.5291666666666667 0.0234375 0.06666666666666667
0 0.60390625 0.9493055555555555 0.0609375 0.10138888888888889
0 0.865625 0.41597222222222224 0.0109375 0.05416666666666667
0 0.634765625 0.45416666666666666 0.01953125 0.06111111111111111
0 0.77578125 0.5520833333333334 0.025 0.08194444444444444
0 0.817578125 0.4201388888888889 0.01953125 0.05138888888888889
0 0.662109375 0.6833333333333333 0.03046875 0.09166666666666666
0 0.576171875 0.8652777777777778 0.04453125 0.13333333333333333
0 0.656640625 0.7868055555555555 0.03828125 0.12638888888888888
0 0.277734375 0.9527777777777777 0.07109375 0.08888888888888889
0 0.8078125 0.3972222222222222 0.0171875 0.05
0 0.6578125 0.4527777777777778 0.0171875 0.05555555555555555
0 0.74140625 0.4111111111111111 0.0109375 0.044444444444444446
0 0.840234375 0.3729166666666667 0.01640625 0.05416666666666667
0 0.572265625 0.5180555555555556 0.01953125 0.05277777777777778
0 0.829296875 0.4618055555555556 0.02109375 0.059722222222222225
0 0.6734375 0.4930555555555556 0.0125 0.05277777777777778
1 0.64453125 0.3701388888888889 0.0296875 0.04583333333333333
1 0.72734375 0.46458333333333335 0.040625 0.06805555555555555
2 0.61171875 0.34930555555555554 0.0296875 0.04861111111111111
1 0.7140625 0.4076388888888889 0.0296875 0.05138888888888889
0 0.86015625 0.39375 0.0109375 0.05416666666666667
