0 0.1609375 0.28958333333333336 0.0234375 0.06527777777777778
0 0.40703125 0.23541666666666666 0.0265625 0.0375
0 0.37421875 0.23125 0.0296875 0.04027777777777778
0 0.715234375 0.28402777777777777 0.01796875 0.04583333333333333
0 0.71171875 0.26805555555555555 0.0203125 0.03888888888888889
3 0.568359375 0.41041666666666665 0.14296875 0.39861111111111114
3 0.83984375 0.6986111111111111 0.3203125 0.6027777777777777
3 0.605859375 0.23055555555555557 0.05078125 0.10833333333333334
3 0.291015625 0.20069444444444445 0.07421875 0.07916666666666666
3 0.483203125 0.1986111111111111 0.14609375 0.09166666666666666
2 0.717578125 0.21597222222222223 0.04140625 0.05694444444444444
2 0.760546875 0.21944444444444444 0.03046875 0.05555555555555555
