0 0.129296875 0.3763888888888889 0.01796875 0.075
0 0.174609375 0.29305555555555557 0.01328125 0.058333333333333334
0 0.15625 0.24513888888888888 0.0125 0.05694444444444444
0 0.18359375 0.25069444444444444 0.015625 0.043055555555555555
0 0.78828125 0.4666666666666667 0.0296875 0.09444444444444444
0 0.70546875 0.31527777777777777 0.01875 0.06666666666666667
1 0.53046875 0.32013888888888886 0.0390625 0.07916666666666666
1 0.599609375 0.3638888888888889 0.05234375 0.09444444444444444
1 0.605859375 0.30069444444444443 0.03359375 0.04861111111111111
1 0.608984375 0.26319444444444445 0.03828125 0.043055555555555555
2 0.656640625 0.24097222222222223 0.03828125 0.05416666666666667
3 0.441015625 0.20069444444444445 0.14140625 0.10138888888888889
3 0.316015625 0.20833333333333334 0.05546875 0.06944444444444445
1 0.222265625 0.23472222222222222 0.04453125 0.07777777777777778
