0 0.463671875 0.7548611111111111 0.04921875 0.13472222222222222
0 0.6421875 0.49027777777777776 0.028125 0.075
0 0.7765625 0.5208333333333334 0.025 0.07222222222222222
0 0.572265625 0.6569444444444444 0.03671875 0.10555555555555556
0 0.668359375 0.6055555555555555 0.02578125 0.09166666666666666
0 0.306640625 0.95 0.06953125 0.1
0 0.6859375 0.5326388888888889 0.0265625 0.0763888888888889
0 0.80859375 0.47638888888888886 0.0234375 0.06666666666666667
0 0.748828125 0.4409722222222222 0.01796875 0.05694444444444444
0 0.725 0.46597222222222223 0.021875 0.06527777777777778
0 0.7578125 0.575 0.0234375 0.09166666666666666
0 0.7359375 0.5486111111111112 0.01875 0.075
0 0.6828125 0.6861111111111111 0.0234375 0.11388888888888889
0 0.70625 0.4111111111111111 0.0203125 0.05277777777777778
0 0.760546875 0.4895833333333333 0.02109375 0.0625
0 0.827734375 0.39652777777777776 0.01796875 0.05416666666666667
0 0.766796875 0.4465277777777778 0.01953125 0.05416666666666667
0 0.785546875 0.4048611111111111 0.01796875 0.04861111111111111
0 0.766015625 0.38263888888888886 0.01796875 0.04583333333333333
0 0.72421875 0.39791666666666664 0.0171875 0.04583333333333333
0 0.69296875 0.4756944444444444 0.0265625 0.06527777777777778
0 0.706640625 0.45208333333333334 0.01953125 0.05694444444444444
0 0.798046875 0.39861111111111114 0.01484375 0.03888888888888889
0 0.73671875 0.41041666666666665 0.0203125 0.04861111111111111
1 0.3921875 0.5902777777777778 0.084375 0.1111111111111111
1 0.509765625 0.4395833333333333 0.05546875 0.08194444444444444
1 0.65703125 0.36736111111111114 0.0359375 0.059722222222222225
2 0.583203125 0.39375 0.04453125 0.07916666666666666
0 0.841796875 0.4708333333333333 0.01796875 0.06388888888888888
