0 0.639453125 0.4791666666666667 0.02734375 0.12777777777777777
0 0.792578125 0.4395833333333333 0.02265625 0.11527777777777778
0 0.748046875 0.3763888888888889 0.02578125 0.09722222222222222
0 0.6875 0.30694444444444446 0.021875 0.07777777777777778
0 0.973046875 0.68125 0.05390625 0.1875
1 0.556640625 0.3798611111111111 0.06484375 0.12083333333333333
1 0.629296875 0.28680555555555554 0.04296875 0.08472222222222223
3 0.566796875 0.2673611111111111 0.06796875 0.15694444444444444
0 0.64140625 0.20902777777777778 0.01875 0.04583333333333333
0 0.607421875 0.18125 0.01796875 0.05138888888888889
1 0.4234375 0.20347222222222222 0.0328125 0.07083333333333333
1 0.701171875 0.44513888888888886 0.08515625 0.12083333333333333
