0 0.7296875 0.43194444444444446 0.021875 0.09166666666666666
0 0.097265625 0.6847222222222222 0.04140625 0.16666666666666666
0 0.630859375 0.44513888888888886 0.02578125 0.1125
0 0.0125 0.8375 0.025 0.14444444444444443
0 0.634375 0.28055555555555556 0.01875 0.06666666666666667
0 0.58125 0.2125 0.0109375 0.05555555555555555
0 0.597265625 0.24027777777777778 0.01171875 0.05555555555555555
1 0.232421875 0.5951388888888889 0.12265625 0.22083333333333333
3 0.33046875 0.33819444444444446 0.096875 0.20694444444444443
3 0.4484375 0.23819444444444443 0.0515625 0.12083333333333333
3 0.534375 0.14375 0.0359375 0.08194444444444444
0 0.358984375 0.22708333333333333 0.01015625 0.029166666666666667
