0 0.3234375 0.2965277777777778 0.01875 0.08194444444444444
0 0.30234375 0.3659722222222222 0.0234375 0.10138888888888889
0 0.7234375 0.3527777777777778 0.0171875 0.07777777777777778
0 0.401171875 0.22916666666666666 0.01328125 0.05555555555555555
0 0.567578125 0.2 0.01171875 0.05555555555555555
0 0.948046875 0.7118055555555556 0.03984375 0.15694444444444444
0 0.35 0.24027777777777778 0.0140625 0.058333333333333334
0 0.54296875 0.15763888888888888 0.009375 0.043055555555555555
0 0.43359375 0.15694444444444444 0.0125 0.041666666666666664
1 0.558984375 0.33958333333333335 0.03828125 0.07916666666666666
3 0.421875 0.3527777777777778 0.1 0.25555555555555554
