0 0.80390625 0.4722222222222222 0.0328125 0.08611111111111111
0 0.6921875 0.30625 0.015625 0.05416666666666667
0 0.59140625 0.23680555555555555 0.0265625 0.04583333333333333
0 0.498828125 0.22569444444444445 0.02890625 0.04027777777777778
0 0.4203125 0.2222222222222222 0.0296875 0.03611111111111111
0 0.391015625 0.21597222222222223 0.02421875 0.04027777777777778
0 0.3328125 0.22430555555555556 0.0296875 0.034722222222222224
3 0.25546875 0.24305555555555555 0.1109375 0.1638888888888889
3 0.555859375 0.33611111111111114 0.07734375 0.19444444444444445
3 0.158203125 0.18263888888888888 0.04453125 0.05416666666666667
1 0.628125 0.28055555555555556 0.040625 0.06111111111111111
1 0.634375 0.25 0.0421875 0.04722222222222222
