3 0.142578125 0.8520833333333333 0.21640625 0.29583333333333334
3 0.54296875 0.3854166666666667 0.103125 0.2763888888888889
3 0.515625 0.21180555555555555 0.0703125 0.05138888888888889
3 0.70703125 0.23402777777777778 0.0578125 0.07083333333333333
0 0.1671875 0.2951388888888889 0.0171875 0.05694444444444444
0 0.216015625 0.2125 0.02109375 0.044444444444444446
0 0.262109375 0.2125 0.01953125 0.030555555555555555
0 0.30625 0.2125 0.015625 0.03333333333333333
0 0.35 0.22361111111111112 0.0234375 0.04722222222222222
0 0.39765625 0.22708333333333333 0.021875 0.043055555555555555
0 0.441796875 0.2388888888888889 0.02734375 0.041666666666666664
0 0.7140625 0.2569444444444444 0.0140625 0.041666666666666664
2 0.627734375 0.33819444444444446 0.09296875 0.1763888888888889
