0 0.42265625 0.6618055555555555 0.0421875 0.1375
0 0.49375 0.6243055555555556 0.028125 0.1375
0 0.555078125 0.6291666666666667 0.03046875 0.1527777777777778
0 0.2703125 0.6701388888888888 0.0359375 0.14583333333333334
0 0.3515625 0.43680555555555556 0.028125 0.09861111111111111
0 0.396875 0.38819444444444445 0.025 0.10138888888888889
0 0.511328125 0.36875 0.02109375 0.08472222222222223
0 0.46484375 0.23472222222222222 0.009375 0.044444444444444446
0 0.510546875 0.2465277777777778 0.01015625 0.04583333333333333
0 0.53046875 0.23958333333333334 0.0125 0.04583333333333333
