0 0.309765625 0.3236111111111111 0.03046875 0.06944444444444445
0 0.3453125 0.2791666666666667 0.0234375 0.06944444444444445
0 0.46484375 0.2604166666666667 0.040625 0.0625
0 0.381640625 0.2375 0.01640625 0.05277777777777778
0 0.35546875 0.22013888888888888 0.0203125 0.04861111111111111
0 0.71953125 0.33402777777777776 0.0234375 0.07916666666666666
0 0.75703125 0.40902777777777777 0.028125 0.09027777777777778
0 0.67578125 0.6729166666666667 0.05 0.19027777777777777
1 0.6921875 0.4486111111111111 0.0953125 0.13055555555555556
1 0.788671875 0.675 0.16640625 0.25277777777777777
1 0.516015625 0.20347222222222222 0.03515625 0.05138888888888889
1 0.565625 0.16805555555555557 0.0359375 0.041666666666666664
3 0.586328125 0.44166666666666665 0.08984375 0.20555555555555555
2 0.634375 0.29305555555555557 0.0609375 0.12222222222222222
