4 0.19375 0.5520833333333334 0.046875 0.12916666666666668
4 0.096875 0.6090277777777777 0.0451171875 0.1482638888888889
4 0.73671875 0.6340277777777777 0.063671875 0.13159722222222223
4 0.7890625 0.5520833333333334 0.0388671875 0.11770833333333333
4 0.8609375 0.5729166666666666 0.0390625 0.14270833333333333
4 0.74453125 0.44930555555555557 0.0328125 0.10694444444444444
4 0.708203125 0.29791666666666666 0.0287109375 0.08229166666666667
4 0.683984375 0.29583333333333334 0.0193359375 0.0920138888888889
4 0.655859375 0.28888888888888886 0.01953125 0.05520833333333333
4 0.612890625 0.28055555555555556 0.0255859375 0.06597222222222222
5 0.560546875 0.29583333333333334 0.0755859375 0.12013888888888889
4 0.080859375 0.4076388888888889 0.0677734375 0.0763888888888889
4 0.212109375 0.29583333333333334 0.0462890625 0.058680555555555555
4 0.630859375 0.27569444444444446 0.0166015625 0.07673611111111112
4 0.615234375 0.1909722222222222 0.0166015625 0.05
