0 0.822265625 0.5902777777777778 0.03828125 0.12777777777777777
0 0.4859375 0.45416666666666666 0.0546875 0.10555555555555556
0 0.723046875 0.3784722222222222 0.02890625 0.09305555555555556
0 0.6234375 0.2965277777777778 0.01875 0.08472222222222223
0 0.863671875 0.9229166666666667 0.05390625 0.13472222222222222
0 0.669140625 0.3013888888888889 0.01953125 0.08333333333333333
0 0.6890625 0.3375 0.025 0.08888888888888889
0 0.337890625 0.31319444444444444 0.02109375 0.08194444444444444
0 0.4171875 0.2875 0.01875 0.07222222222222222
0 0.317578125 0.30972222222222223 0.01796875 0.06111111111111111
0 0.575 0.2125 0.0171875 0.05555555555555555
0 0.393359375 0.29791666666666666 0.02421875 0.06527777777777778
0 0.37734375 0.30833333333333335 0.025 0.06388888888888888
1 0.11328125 0.46805555555555556 0.1515625 0.11944444444444445
1 0.519140625 0.1986111111111111 0.03359375 0.058333333333333334
1 0.54375 0.28958333333333336 0.0390625 0.0763888888888889
1 0.9484375 0.50625 0.071875 0.14027777777777778
1 0.394921875 0.2111111111111111 0.03984375 0.075
2 0.394921875 0.2111111111111111 0.03984375 0.075
3 0.4625 0.2569444444444444 0.0421875 0.11388888888888889
0 0.2984375 0.2923611111111111 0.0171875 0.0625
