0 0.40078125 0.8090277777777778 0.0515625 0.13194444444444445
0 0.69140625 0.42291666666666666 0.021875 0.05694444444444444
0 0.720703125 0.425 0.01953125 0.05277777777777778
0 0.746484375 0.4756944444444444 0.02421875 0.06527777777777778
0 0.651953125 0.5069444444444444 0.02734375 0.07777777777777778
0 0.564453125 0.6423611111111112 0.04140625 0.10694444444444444
0 0.7125 0.5736111111111111 0.0328125 0.08055555555555556
0 0.784765625 0.4638888888888889 0.02421875 0.06388888888888888
0 0.214453125 0.9472222222222222 0.07421875 0.10555555555555556
0 0.6828125 0.5229166666666667 0.025 0.06805555555555555
0 0.83984375 0.3659722222222222 0.01875 0.04583333333333333
0 0.82890625 0.4798611111111111 0.0265625 0.06527777777777778
0 0.745703125 0.38958333333333334 0.01796875 0.04583333333333333
0 0.87734375 0.5743055555555555 0.040625 0.08472222222222223
0 0.7984375 0.40902777777777777 0.0171875 0.043055555555555555
0 0.768359375 0.3680555555555556 0.01484375 0.041666666666666664
0 0.8234375 0.3506944444444444 0.0171875 0.04027777777777778
0 0.65625 0.4597222222222222 0.0234375 0.058333333333333334
0 0.384375 0.9604166666666667 0.0546875 0.07916666666666666
0 0.78515625 0.38055555555555554 0.015625 0.041666666666666664
1 0.37109375 0.5444444444444444 0.075 0.09444444444444444
1 0.6203125 0.3388888888888889 0.0328125 0.04722222222222222
1 0.674609375 0.34791666666666665 0.02890625 0.04861111111111111
1 0.5828125 0.38333333333333336 0.0390625 0.058333333333333334
2 0.502734375 0.5013888888888889 0.08203125 0.1361111111111111
