0 0.182421875 0.5930555555555556 0.04765625 0.12777777777777777
0 0.1296875 0.8208333333333333 0.090625 0.21944444444444444
0 0.726953125 0.32569444444444445 0.01640625 0.0625
0 0.644921875 0.27569444444444446 0.02265625 0.0625
0 0.380859375 0.19166666666666668 0.01796875 0.044444444444444446
0 0.412890625 0.18263888888888888 0.01171875 0.043055555555555555
3 0.836328125 0.5458333333333333 0.28203125 0.39444444444444443
3 0.780078125 0.6902777777777778 0.43515625 0.6083333333333333
3 0.553125 0.24791666666666667 0.0671875 0.15694444444444444
3 0.468359375 0.1451388888888889 0.03515625 0.09305555555555556
3 0.553125 0.15555555555555556 0.034375 0.07777777777777778
