4 0.669921875 0.35 0.0453125 0.10520833333333333
4 0.303125 0.46041666666666664 0.03125 0.11527777777777778
4 0.238671875 0.44166666666666665 0.0369140625 0.09479166666666666
4 0.07265625 0.3993055555555556 0.0654296875 0.07222222222222222
5 0.43125 0.31319444444444444 0.05 0.10972222222222222
4 0.5015625 0.2569444444444444 0.031640625 0.05243055555555556
4 0.368359375 0.25763888888888886 0.01953125 0.07048611111111111
4 0.387109375 0.21666666666666667 0.0234375 0.06701388888888889
4 0.408984375 0.2361111111111111 0.0193359375 0.058680555555555555
4 0.3890625 0.27291666666666664 0.0140625 0.059722222222222225
