0 0.0703125 0.8229166666666666 0.0484375 0.13194444444444445
0 0.16875 0.8166666666666667 0.0703125 0.15833333333333333
0 0.134375 0.61875 0.040625 0.1625
0 0.221875 0.5277777777777778 0.0390625 0.16666666666666666
0 0.31640625 0.5138888888888888 0.0359375 0.14166666666666666
0 0.25234375 0.39305555555555555 0.021875 0.08888888888888889
0 0.27578125 0.4270833333333333 0.0234375 0.10972222222222222
0 0.7640625 0.3923611111111111 0.0296875 0.10138888888888889
0 0.7078125 0.3375 0.021875 0.08333333333333333
0 0.6953125 0.27152777777777776 0.0140625 0.05694444444444444
0 0.675 0.25833333333333336 0.015625 0.041666666666666664
3 0.63359375 0.5291666666666667 0.215625 0.5333333333333333
1 0.837890625 0.7694444444444445 0.19453125 0.2972222222222222
3 0.4046875 0.1986111111111111 0.0546875 0.10833333333333334
3 0.456640625 0.20694444444444443 0.03828125 0.10277777777777777
2 0.6109375 0.20069444444444445 0.078125 0.14305555555555555
3 0.53828125 0.20902777777777778 0.0640625 0.12361111111111112
