0 0.08515625 0.4576388888888889 0.0328125 0.10416666666666667
2 0.172265625 0.3055555555555556 0.04609375 0.1
2 0.826953125 0.6861111111111111 0.34609375 0.6277777777777778
1 0.545703125 0.2916666666666667 0.03828125 0.05555555555555555
1 0.61953125 0.28888888888888886 0.04375 0.06111111111111111
1 0.59375 0.26458333333333334 0.03125 0.043055555555555555
1 0.648046875 0.23472222222222222 0.03515625 0.04722222222222222
1 0.68203125 0.22152777777777777 0.0328125 0.05138888888888889
3 0.22890625 0.22569444444444445 0.034375 0.08472222222222223
3 0.2140625 0.3909722222222222 0.134375 0.2902777777777778
0 0.2953125 0.20972222222222223 0.0203125 0.04722222222222222
0 0.391796875 0.22083333333333333 0.02734375 0.05
0 0.51328125 0.23194444444444445 0.025 0.044444444444444446
0 0.553125 0.23472222222222222 0.028125 0.05277777777777778
0 0.7078125 0.26805555555555555 0.0109375 0.05
