0 0.298828125 0.35138888888888886 0.02109375 0.09166666666666666
0 0.729296875 0.42430555555555555 0.02265625 0.10138888888888889
0 0.85546875 0.6694444444444444 0.0390625 0.15555555555555556
0 0.69296875 0.3590277777777778 0.01875 0.0763888888888889
0 0.6734375 0.2965277777777778 0.015625 0.059722222222222225
0 0.56953125 0.17777777777777778 0.015625 0.044444444444444446
1 0.653515625 0.4083333333333333 0.07578125 0.1111111111111111
3 0.233984375 0.5847222222222223 0.13671875 0.29444444444444445
3 0.650390625 0.6819444444444445 0.21953125 0.5166666666666667
3 0.51953125 0.22569444444444445 0.040625 0.07361111111111111
1 0.438671875 0.16805555555555557 0.02109375 0.03888888888888889
