5 0.651953125 0.8645833333333334 0.19375 0.26666666666666666
5 0.5796875 0.5756944444444444 0.0998046875 0.19444444444444445
5 0.626953125 0.36527777777777776 0.0525390625 0.08680555555555555
5 0.456640625 0.22708333333333333 0.0552734375 0.04895833333333333
5 0.525 0.3138888888888889 0.0486328125 0.06180555555555556
5 0.532421875 0.3798611111111111 0.0666015625 0.12881944444444443
6 0.884375 0.7833333333333333 0.2296875 0.4305555555555556
6 0.60234375 0.2701388888888889 0.063671875 0.11388888888888889
6 0.689453125 0.23125 0.05546875 0.060069444444444446
7 0.355078125 0.46458333333333335 0.15703125 0.4621527777777778
