3 0.24375 0.40902777777777777 0.1734375 0.36527777777777776
3 0.27421875 0.225 0.06875 0.06666666666666667
3 0.201953125 0.18680555555555556 0.06328125 0.07916666666666666
3 0.155859375 0.17083333333333334 0.05234375 0.07222222222222222
0 0.3625 0.21875 0.028125 0.043055555555555555
0 0.387109375 0.22361111111111112 0.02265625 0.041666666666666664
0 0.4984375 0.2222222222222222 0.025 0.041666666666666664
0 0.7421875 0.42291666666666666 0.0296875 0.0763888888888889
0 0.782421875 0.43680555555555556 0.02578125 0.09583333333333334
0 0.7265625 0.2638888888888889 0.0171875 0.05
0 0.745703125 0.24305555555555555 0.01171875 0.03888888888888889
1 0.53828125 0.28541666666666665 0.05 0.0625
1 0.6140625 0.3326388888888889 0.046875 0.0763888888888889
