0 0.32421875 0.2875 0.021875 0.07777777777777778
0 0.612109375 0.26666666666666666 0.01953125 0.058333333333333334
0 0.718359375 0.3375 0.02734375 0.09166666666666666
0 0.86484375 0.6923611111111111 0.065625 0.19583333333333333
0 0.6765625 0.24375 0.0296875 0.059722222222222225
0 0.628515625 0.21597222222222223 0.01484375 0.043055555555555555
0 0.591796875 0.19791666666666666 0.01015625 0.04583333333333333
1 0.635546875 0.7013888888888888 0.13828125 0.25277777777777777
1 0.388671875 0.22013888888888888 0.03828125 0.05138888888888889
1 0.412109375 0.1875 0.05078125 0.06111111111111111
1 0.473046875 0.15625 0.02578125 0.043055555555555555
1 0.31171875 0.8118055555555556 0.1453125 0.3402777777777778
3 0.553125 0.32013888888888886 0.06875 0.18472222222222223
