0 0.162890625 0.25625 0.01640625 0.05138888888888889
0 0.2515625 0.21736111111111112 0.01875 0.0375
0 0.28828125 0.2152777777777778 0.01875 0.03611111111111111
0 0.350390625 0.21875 0.03046875 0.04861111111111111
0 0.419921875 0.22777777777777777 0.02265625 0.03333333333333333
0 0.709765625 0.32708333333333334 0.01953125 0.04861111111111111
3 0.554296875 0.3638888888888889 0.13671875 0.30833333333333335
2 0.569140625 0.21944444444444444 0.10078125 0.06666666666666667
1 0.675390625 0.23819444444444443 0.04296875 0.043055555555555555
3 0.71953125 0.2298611111111111 0.0515625 0.0625
3 0.703515625 0.2048611111111111 0.05078125 0.043055555555555555
3 0.64609375 0.7451388888888889 0.2421875 0.5097222222222222
3 0.188671875 0.175 0.03671875 0.06944444444444445
