0 0.066015625 0.8986111111111111 0.05703125 0.20277777777777778
0 0.38828125 0.2951388888888889 0.015625 0.07361111111111111
0 0.216015625 0.4597222222222222 0.03046875 0.13333333333333333
0 0.351171875 0.3104166666666667 0.01640625 0.07916666666666666
0 0.628125 0.2520833333333333 0.0140625 0.05138888888888889
1 0.4078125 0.44375 0.0734375 0.13472222222222222
1 0.31953125 0.42430555555555555 0.065625 0.1125
3 0.58671875 0.3923611111111111 0.1328125 0.2986111111111111
3 0.46171875 0.1875 0.0296875 0.07222222222222222
0 0.341796875 0.27708333333333335 0.00859375 0.04861111111111111
