0 0.565625 0.7173611111111111 0.040625 0.1736111111111111
0 0.446484375 0.7659722222222223 0.04140625 0.1763888888888889
0 0.328125 0.46875 0.0203125 0.09861111111111111
0 0.525390625 0.44305555555555554 0.02265625 0.10277777777777777
0 0.48125 0.45902777777777776 0.025 0.09861111111111111
0 0.449609375 0.41944444444444445 0.01953125 0.08611111111111111
0 0.473828125 0.38055555555555554 0.01796875 0.06111111111111111
0 0.50078125 0.32569444444444445 0.01875 0.0625
0 0.477734375 0.31666666666666665 0.01484375 0.058333333333333334
0 0.4125 0.3263888888888889 0.0140625 0.06944444444444445
