0 0.478515625 0.7152777777777778 0.03203125 0.15833333333333333
0 0.57265625 0.8180555555555555 0.040625 0.18611111111111112
0 0.373828125 0.3736111111111111 0.01640625 0.07777777777777778
0 0.398828125 0.36319444444444443 0.01796875 0.07361111111111111
0 0.457421875 0.43472222222222223 0.01796875 0.09166666666666666
0 0.48359375 0.5006944444444444 0.025 0.10416666666666667
0 0.48125 0.4083333333333333 0.01875 0.08333333333333333
0 0.5015625 0.33819444444444446 0.01875 0.07916666666666666
0 0.5359375 0.39305555555555555 0.0234375 0.08611111111111111
0 0.48359375 0.2777777777777778 0.0375 0.075
