0 0.269921875 0.33611111111111114 0.02421875 0.08333333333333333
0 0.760546875 0.37916666666666665 0.02890625 0.09166666666666666
0 0.651171875 0.21388888888888888 0.01640625 0.05277777777777778
0 0.728125 0.3798611111111111 0.0265625 0.0875
0 0.31640625 0.2965277777777778 0.021875 0.07083333333333333
0 0.371484375 0.21388888888888888 0.01640625 0.05277777777777778
0 0.61796875 0.21597222222222223 0.0171875 0.05694444444444444
0 0.33984375 0.25069444444444444 0.01875 0.05416666666666667
0 0.058203125 0.6993055555555555 0.06796875 0.1875
0 0.093359375 0.7 0.04921875 0.19166666666666668
0 0.790625 0.46111111111111114 0.0359375 0.09722222222222222
1 0.423046875 0.3798611111111111 0.06171875 0.10972222222222222
1 0.643359375 0.28055555555555556 0.04609375 0.08055555555555556
1 0.61953125 0.8888888888888888 0.140625 0.2222222222222222
1 0.2125 0.7666666666666667 0.2375 0.4166666666666667
1 0.40703125 0.22361111111111112 0.0390625 0.06111111111111111
1 0.454296875 0.25277777777777777 0.03671875 0.06388888888888888
3 0.8296875 0.6854166666666667 0.1875 0.4097222222222222
1 0.36640625 0.31319444444444444 0.05 0.10972222222222222
1 0.662890625 0.4263888888888889 0.08984375 0.21666666666666667
3 0.566796875 0.27708333333333335 0.05859375 0.14305555555555555
