0 0.1359375 0.8423611111111111 0.0703125 0.16527777777777777
0 0.737109375 0.49166666666666664 0.02109375 0.06944444444444445
0 0.61171875 0.5194444444444445 0.025 0.08055555555555556
0 0.720703125 0.44930555555555557 0.02109375 0.06527777777777778
0 0.872265625 0.6159722222222223 0.03359375 0.10416666666666667
0 0.658984375 0.5097222222222222 0.02578125 0.08611111111111111
0 0.808984375 0.5034722222222222 0.02421875 0.07361111111111111
0 0.6359375 0.4888888888888889 0.021875 0.075
0 0.777734375 0.4548611111111111 0.02265625 0.07083333333333333
0 0.80234375 0.8111111111111111 0.0453125 0.1638888888888889
0 0.805859375 0.5895833333333333 0.02734375 0.0875
0 0.83125 0.6868055555555556 0.034375 0.1125
0 0.78359375 0.6993055555555555 0.03125 0.10694444444444444
0 0.56640625 0.74375 0.040625 0.12361111111111112
0 0.701171875 0.47847222222222224 0.01953125 0.06527777777777778
0 0.512890625 0.7395833333333334 0.03984375 0.12638888888888888
0 0.42265625 0.7541666666666667 0.046875 0.12777777777777777
0 0.477734375 0.5763888888888888 0.03046875 0.09444444444444444
0 0.868359375 0.8125 0.04453125 0.1638888888888889
0 0.680859375 0.4479166666666667 0.01953125 0.0625
0 0.8328125 0.45208333333333334 0.0203125 0.06527777777777778
0 0.737890625 0.8548611111111111 0.04296875 0.17083333333333334
0 0.7 0.6486111111111111 0.03125 0.10833333333333334
0 0.7578125 0.5090277777777777 0.0234375 0.0763888888888889
0 0.895703125 0.7708333333333334 0.03984375 0.14722222222222223
0 0.53828125 0.5645833333333333 0.03125 0.09583333333333334
0 0.763671875 0.6465277777777778 0.02734375 0.09861111111111111
0 0.89921875 0.5763888888888888 0.03125 0.08611111111111111
0 0.659375 0.7256944444444444 0.0375 0.12916666666666668
0 0.844140625 0.55 0.02734375 0.08611111111111111
0 0.64375 0.6756944444444445 0.03125 0.12361111111111112
0 0.43046875 0.6270833333333333 0.0359375 0.10138888888888889
0 0.68828125 0.7854166666666667 0.040625 0.13194444444444445
0 0.659375 0.4527777777777778 0.01875 0.06388888888888888
0 0.84921875 0.4798611111111111 0.0203125 0.0625
0 0.73125 0.3951388888888889 0.0171875 0.05416666666666667
0 0.713671875 0.3854166666666667 0.01796875 0.05138888888888889
0 0.808203125 0.4513888888888889 0.01953125 0.058333333333333334
0 0.50234375 0.6611111111111111 0.034375 0.1
0 0.59453125 0.6986111111111111 0.0296875 0.10277777777777777
0 0.747265625 0.46319444444444446 0.01953125 0.0625
0 0.85625 0.4354166666666667 0.01875 0.06527777777777778
0 0.70703125 0.5173611111111112 0.01875 0.05138888888888889
1 0.546484375 0.9131944444444444 0.10078125 0.1736111111111111
1 0.597265625 0.6041666666666666 0.06640625 0.10555555555555556
1 0.534765625 0.42291666666666666 0.04609375 0.07083333333333333
1 0.502734375 0.5097222222222222 0.07109375 0.09444444444444444
1 0.590234375 0.37916666666666665 0.03515625 0.05555555555555555
1 0.62578125 0.4361111111111111 0.0421875 0.07222222222222222
1 0.7203125 0.5861111111111111 0.0578125 0.10555555555555556
1 0.284765625 0.5993055555555555 0.09765625 0.10694444444444444
1 0.680859375 0.38263888888888886 0.03203125 0.05416666666666667
1 0.355078125 0.9236111111111112 0.12421875 0.11666666666666667
2 0.634765625 0.3111111111111111 0.03359375 0.06944444444444445
