0 0.35390625 0.8236111111111111 0.0546875 0.18888888888888888
0 0.252734375 0.6458333333333334 0.05078125 0.14166666666666666
0 0.696484375 0.5458333333333333 0.03359375 0.12777777777777777
0 0.74375 0.4625 0.059375 0.10555555555555556
0 0.916796875 0.9208333333333333 0.07421875 0.1527777777777778
0 0.7828125 0.8236111111111111 0.046875 0.175
0 0.2203125 0.8076388888888889 0.04375 0.18194444444444444
0 0.18046875 0.5645833333333333 0.0484375 0.13194444444444445
0 0.3921875 0.4965277777777778 0.025 0.12638888888888888
0 0.455078125 0.4618055555555556 0.02421875 0.1125
0 0.855859375 0.9090277777777778 0.07421875 0.15694444444444444
0 0.91640625 0.7131944444444445 0.0578125 0.1597222222222222
0 0.5828125 0.2298611111111111 0.015625 0.0625
0 0.476953125 0.38333333333333336 0.02109375 0.09444444444444444
0 0.528515625 0.4527777777777778 0.04921875 0.10277777777777777
0 0.223046875 0.3701388888888889 0.04609375 0.09305555555555556
0 0.3171875 0.4888888888888889 0.0296875 0.11944444444444445
0 0.3578125 0.4527777777777778 0.0234375 0.1111111111111111
0 0.7859375 0.6701388888888888 0.034375 0.14583333333333334
0 0.32890625 0.3951388888888889 0.021875 0.09305555555555556
0 0.406640625 0.42083333333333334 0.02265625 0.09722222222222222
0 0.438671875 0.40625 0.02265625 0.09583333333333334
0 0.45625 0.3277777777777778 0.0171875 0.07222222222222222
0 0.278125 0.34930555555555554 0.0265625 0.08472222222222223
0 0.30546875 0.38333333333333336 0.0234375 0.09444444444444444
0 0.433203125 0.29791666666666666 0.01796875 0.07361111111111111
0 0.815234375 0.9548611111111112 0.05703125 0.09027777777777778
0 0.010546875 0.33958333333333335 0.01953125 0.0875
1 0.380859375 0.35347222222222224 0.04296875 0.10138888888888889
3 0.46484375 0.24305555555555555 0.0375 0.08888888888888889
0 0.421875 0.3923611111111111 0.0109375 0.08472222222222223
0 0.48046875 0.3173611111111111 0.0203125 0.05416666666666667
0 0.406640625 0.3104166666666667 0.01640625 0.0625
0 0.355078125 0.3111111111111111 0.01328125 0.06666666666666667
