0 0.4875 0.6847222222222222 0.0390625 0.16666666666666666
0 0.36953125 0.43333333333333335 0.059375 0.09722222222222222
0 0.50234375 0.45416666666666666 0.0234375 0.11666666666666667
0 0.30859375 0.3263888888888889 0.0234375 0.08333333333333333
0 0.274609375 0.4125 0.05703125 0.09444444444444444
0 0.15625 0.65625 0.0453125 0.1625
0 0.44921875 0.4076388888888889 0.034375 0.09583333333333334
0 0.5578125 0.9083333333333333 0.04375 0.18333333333333332
0 0.400390625 0.2013888888888889 0.01640625 0.05555555555555555
0 0.337890625 0.31319444444444444 0.02265625 0.08194444444444444
0 0.35625 0.26666666666666666 0.01875 0.058333333333333334
0 0.2375 0.3645833333333333 0.0359375 0.0763888888888889
0 0.43359375 0.4513888888888889 0.0390625 0.09722222222222222
1 0.41015625 0.6041666666666666 0.0890625 0.2
1 0.39375 0.8888888888888888 0.1453125 0.2222222222222222
1 0.64453125 0.7972222222222223 0.209375 0.25277777777777777
1 0.044921875 0.39652777777777776 0.08984375 0.10416666666666667
1 0.36953125 0.3375 0.0484375 0.09166666666666666
2 0.816796875 0.6048611111111111 0.29140625 0.4236111111111111
3 0.573046875 0.26805555555555555 0.07109375 0.14166666666666666
3 0.51015625 0.17708333333333334 0.0359375 0.08472222222222223
3 0.4546875 0.18611111111111112 0.0328125 0.07777777777777778
