0 0.0609375 0.4951388888888889 0.0328125 0.10972222222222222
0 0.136328125 0.2125 0.01171875 0.041666666666666664
0 0.426171875 0.22013888888888888 0.02578125 0.04027777777777778
0 0.472265625 0.23958333333333334 0.02890625 0.043055555555555555
0 0.52890625 0.22291666666666668 0.0265625 0.043055555555555555
0 0.2515625 0.20833333333333334 0.015625 0.03611111111111111
0 0.279296875 0.20972222222222223 0.01484375 0.044444444444444446
0 0.3109375 0.2111111111111111 0.021875 0.04722222222222222
0 0.715625 0.3472222222222222 0.0171875 0.06666666666666667
1 0.56015625 0.5534722222222223 0.0953125 0.19305555555555556
1 0.903125 0.9347222222222222 0.19375 0.13055555555555556
1 0.566796875 0.26180555555555557 0.02578125 0.04583333333333333
2 0.61953125 0.3236111111111111 0.0859375 0.20833333333333334
1 0.701953125 0.24861111111111112 0.03828125 0.041666666666666664
3 0.240234375 0.33958333333333335 0.06640625 0.17916666666666667
