0 0.105078125 0.6298611111111111 0.04765625 0.14305555555555555
0 0.2296875 0.38125 0.0328125 0.10416666666666667
0 0.701953125 0.3701388888888889 0.02890625 0.10138888888888889
0 0.8375 0.49166666666666664 0.0375 0.12222222222222222
0 0.309375 0.29444444444444445 0.021875 0.06944444444444445
0 0.63828125 0.25277777777777777 0.0171875 0.06388888888888888
0 0.299609375 0.2673611111111111 0.02109375 0.06527777777777778
0 0.626953125 0.22708333333333333 0.01796875 0.05694444444444444
0 0.338671875 0.21597222222222223 0.01953125 0.05416666666666667
1 0.457421875 0.2923611111111111 0.04296875 0.07916666666666666
1 0.08125 0.8777777777777778 0.1625 0.24444444444444444
1 0.45859375 0.18680555555555556 0.034375 0.06527777777777778
1 0.519140625 0.1875 0.03671875 0.06111111111111111
3 0.337109375 0.6347222222222222 0.18828125 0.55
3 0.56796875 0.4284722222222222 0.1015625 0.25416666666666665
3 0.56328125 0.17916666666666667 0.0421875 0.09166666666666666
2 0.38359375 0.23680555555555555 0.06875 0.15694444444444444
0 0.721875 0.3347222222222222 0.021875 0.08055555555555556
