5 0.601171875 0.6256944444444444 0.10546875 0.18472222222222223
5 0.569921875 0.40902777777777777 0.0765625 0.14618055555555556
5 0.62578125 0.2743055555555556 0.053125 0.08229166666666667
5 0.583203125 0.19305555555555556 0.04375 0.05243055555555556
7 0.54765625 0.2722222222222222 0.0513671875 0.10520833333333333
4 0.3140625 0.40694444444444444 0.033984375 0.1111111111111111
4 0.215625 0.5381944444444444 0.0544921875 0.12916666666666668
4 0.073828125 0.40069444444444446 0.05234375 0.07673611111111112
4 0.208203125 0.2847222222222222 0.04453125 0.03923611111111111
4 0.884375 0.8659722222222223 0.0794921875 0.1545138888888889
4 0.787109375 0.5375 0.065625 0.13020833333333334
4 0.702734375 0.3159722222222222 0.04296875 0.10104166666666667
4 0.062109375 0.7597222222222222 0.0728515625 0.1920138888888889
4 0.3765625 0.21875 0.0173828125 0.06527777777777778
4 0.64609375 0.4111111111111111 0.0326171875 0.10069444444444445
4 0.653515625 0.2638888888888889 0.0197265625 0.06597222222222222
4 0.394921875 0.21041666666666667 0.0171875 0.05
