1 0.682421875 0.5243055555555556 0.09921875 0.15416666666666667
1 0.614453125 0.25833333333333336 0.05078125 0.05277777777777778
3 0.364453125 0.2 0.11484375 0.08055555555555556
3 0.218359375 0.19930555555555557 0.05234375 0.08194444444444444
3 0.16875 0.17916666666666667 0.03125 0.06944444444444445
0 0.287109375 0.21805555555555556 0.02734375 0.03611111111111111
0 0.552734375 0.22916666666666666 0.02265625 0.041666666666666664
0 0.578125 0.225 0.0171875 0.03888888888888889
0 0.618359375 0.22361111111111112 0.01953125 0.030555555555555555
0 0.1265625 0.23333333333333334 0.015625 0.03888888888888889
