0 0.846484375 0.7791666666666667 0.05078125 0.19722222222222222
0 0.64609375 0.3076388888888889 0.015625 0.07083333333333333
0 0.76328125 0.5604166666666667 0.03125 0.12638888888888888
0 0.681640625 0.3541666666666667 0.01796875 0.08333333333333333
0 0.7046875 0.5583333333333333 0.0265625 0.11944444444444445
1 0.549609375 0.36527777777777776 0.04765625 0.10277777777777777
3 0.30625 0.38333333333333336 0.1484375 0.3472222222222222
3 0.542578125 0.24027777777777778 0.05234375 0.125
3 0.4484375 0.2611111111111111 0.06875 0.1638888888888889
1 0.395703125 0.25555555555555554 0.03515625 0.06944444444444445
