1 0.6890625 0.23541666666666666 0.0421875 0.05138888888888889
1 0.483984375 0.22777777777777777 0.03984375 0.05277777777777778
3 0.658203125 0.69375 0.28515625 0.6097222222222223
3 0.2671875 0.2423611111111111 0.040625 0.09305555555555556
3 0.36640625 0.20972222222222223 0.0734375 0.075
3 0.0984375 0.21458333333333332 0.0546875 0.0875
0 0.700390625 0.325 0.01328125 0.075
0 0.732421875 0.2569444444444444 0.01640625 0.041666666666666664
3 0.54375 0.33055555555555555 0.090625 0.2722222222222222
3 0.19765625 0.2013888888888889 0.075 0.11388888888888889
