4 0.15390625 0.35555555555555557 0.023046875 0.08333333333333333
5 0.658203125 0.8826388888888889 0.20078125 0.23194444444444445
5 0.57265625 0.6270833333333333 0.090625 0.17326388888888888
5 0.83125 0.8083333333333333 0.212890625 0.30486111111111114
5 0.681640625 0.2465277777777778 0.0453125 0.05381944444444445
6 0.658203125 0.4097222222222222 0.1224609375 0.22430555555555556
7 0.32265625 0.22708333333333333 0.0751953125 0.11666666666666667
7 0.60390625 0.28125 0.0638671875 0.13194444444444445
4 0.375390625 0.3138888888888889 0.03671875 0.08055555555555556
4 0.708984375 0.29444444444444445 0.0208984375 0.06076388888888889
