0 0.2921875 0.3506944444444444 0.0203125 0.09305555555555556
0 0.826171875 0.7534722222222222 0.05234375 0.1875
0 0.026171875 0.7694444444444445 0.04765625 0.18333333333333332
0 0.107421875 0.5444444444444444 0.03203125 0.13055555555555556
0 0.425390625 0.16666666666666666 0.00859375 0.04722222222222222
0 0.848046875 0.36180555555555555 0.03359375 0.05694444444444444
0 0.54921875 0.19722222222222222 0.0109375 0.04722222222222222
0 0.571875 0.18680555555555556 0.0109375 0.05138888888888889
1 0.56328125 0.3263888888888889 0.046875 0.07222222222222222
3 0.26640625 0.7395833333333334 0.23125 0.5208333333333334
3 0.471875 0.14097222222222222 0.028125 0.05694444444444444
