3 0.2359375 0.20902777777777778 0.0859375 0.12638888888888888
2 0.1453125 0.175 0.0609375 0.06666666666666667
3 0.5390625 0.3576388888888889 0.0859375 0.13194444444444445
3 0.626171875 0.7097222222222223 0.21484375 0.525
3 0.77109375 0.5611111111111111 0.153125 0.3416666666666667
1 0.626171875 0.38680555555555557 0.05703125 0.07361111111111111
2 0.598828125 0.2972222222222222 0.05078125 0.1
0 0.558984375 0.26805555555555555 0.02109375 0.05
1 0.637890625 0.23819444444444443 0.04140625 0.05416666666666667
1 0.67578125 0.21875 0.04375 0.05138888888888889
1 0.71171875 0.24097222222222223 0.03125 0.05694444444444444
