0 0.171875 0.4625 0.04375 0.1111111111111111
0 0.121875 0.7652777777777777 0.071875 0.20833333333333334
0 0.606640625 0.20208333333333334 0.01640625 0.05694444444444444
0 0.655078125 0.24444444444444444 0.02109375 0.06944444444444445
0 0.426171875 0.16458333333333333 0.01796875 0.04583333333333333
2 0.411328125 0.36875 0.06015625 0.14027777777777778
3 0.582421875 0.3333333333333333 0.08984375 0.19444444444444445
3 0.553125 0.15347222222222223 0.059375 0.1125
3 0.263671875 0.7951388888888888 0.28671875 0.4097222222222222
3 0.446875 0.2611111111111111 0.059375 0.14444444444444443
