0 0.81953125 0.48541666666666666 0.0203125 0.0625
0 0.842578125 0.45208333333333334 0.01171875 0.05694444444444444
0 0.776953125 0.475 0.01640625 0.06111111111111111
0 0.75546875 0.4673611111111111 0.0140625 0.06805555555555555
0 0.719921875 0.44027777777777777 0.01484375 0.05277777777777778
0 0.72578125 0.38958333333333334 0.0109375 0.043055555555555555
0 0.803125 0.4534722222222222 0.015625 0.0625
0 0.8453125 0.3861111111111111 0.0140625 0.05
0 0.80234375 0.3923611111111111 0.0140625 0.04861111111111111
0 0.791015625 0.40555555555555556 0.01171875 0.05
0 0.77578125 0.41597222222222224 0.0125 0.05138888888888889
0 0.7609375 0.4173611111111111 0.015625 0.04583333333333333
0 0.76171875 0.3638888888888889 0.0125 0.03888888888888889
0 0.751953125 0.34375 0.00859375 0.04027777777777778
0 0.789453125 0.35694444444444445 0.01328125 0.03333333333333333
0 0.813671875 0.36736111111111114 0.01484375 0.04583333333333333
1 0.29140625 0.5895833333333333 0.11875 0.11527777777777778
1 0.59453125 0.3840277777777778 0.0359375 0.05694444444444444
1 0.633203125 0.31666666666666665 0.02109375 0.030555555555555555
