5 0.190234375 0.4791666666666667 0.0962890625 0.18333333333333332
5 0.6375 0.425 0.0751953125 0.11736111111111111
5 0.5265625 0.3645833333333333 0.0501953125 0.08784722222222222
5 0.648828125 0.2652777777777778 0.0375 0.05243055555555556
5 0.704296875 0.24097222222222223 0.0349609375 0.043402777777777776
6 0.842578125 0.75625 0.31328125 0.4847222222222222
6 0.610546875 0.3236111111111111 0.0537109375 0.09409722222222222
7 0.53203125 0.25833333333333336 0.0611328125 0.11145833333333334
7 0.55546875 0.2 0.090625 0.08020833333333334
5 0.278125 0.31875 0.0501953125 0.08229166666666667
