0 0.1484375 0.9173611111111111 0.0703125 0.16527777777777777
0 0.2328125 0.8479166666666667 0.0640625 0.15416666666666667
0 0.362109375 0.8381944444444445 0.05546875 0.14583333333333334
0 0.446484375 0.6701388888888888 0.03359375 0.10972222222222222
0 0.521484375 0.9111111111111111 0.05390625 0.17777777777777778
0 0.55234375 0.7868055555555555 0.0421875 0.1375
0 0.6109375 0.7944444444444444 0.0390625 0.14444444444444443
0 0.725 0.7861111111111111 0.0359375 0.14444444444444443
0 0.778125 0.8923611111111112 0.046875 0.16805555555555557
0 0.833984375 0.8680555555555556 0.04609375 0.1527777777777778
0 0.827734375 0.7430555555555556 0.03828125 0.10833333333333334
0 0.773046875 0.7361111111111112 0.03828125 0.13333333333333333
0 0.83046875 0.66875 0.040625 0.10138888888888889
0 0.760546875 0.5194444444444445 0.02578125 0.075
0 0.828125 0.5166666666666667 0.025 0.08055555555555556
0 0.625 0.4909722222222222 0.0203125 0.0763888888888889
0 0.68359375 0.4701388888888889 0.021875 0.0625
0 0.803515625 0.49027777777777776 0.01640625 0.07222222222222222
0 0.72734375 0.4791666666666667 0.0265625 0.07222222222222222
0 0.765625 0.41388888888888886 0.01875 0.05
0 0.79296875 0.43472222222222223 0.0171875 0.05555555555555555
0 0.8203125 0.4444444444444444 0.0125 0.05277777777777778
0 0.840625 0.3798611111111111 0.0140625 0.04027777777777778
0 0.73359375 0.3972222222222222 0.015625 0.05
0 0.715625 0.425 0.0125 0.05
0 0.72734375 0.3840277777777778 0.0109375 0.043055555555555555
0 0.79296875 0.38333333333333336 0.015625 0.041666666666666664
0 0.814453125 0.3798611111111111 0.01328125 0.043055555555555555
1 0.2453125 0.7055555555555556 0.1359375 0.11666666666666667
1 0.198046875 0.6611111111111111 0.12109375 0.1
1 0.591015625 0.6881944444444444 0.09140625 0.14583333333333334
1 0.6765625 0.6215277777777778 0.0640625 0.10138888888888889
1 0.55703125 0.5902777777777778 0.0796875 0.1111111111111111
1 0.582421875 0.4444444444444444 0.04765625 0.058333333333333334
1 0.59609375 0.38333333333333336 0.03125 0.041666666666666664
1 0.64609375 0.37569444444444444 0.0265625 0.04027777777777778
1 0.620703125 0.3486111111111111 0.02578125 0.030555555555555555
1 0.666015625 0.31527777777777777 0.01953125 0.030555555555555555
1 0.701953125 0.29305555555555557 0.02109375 0.03333333333333333
1 0.6375 0.30416666666666664 0.015625 0.030555555555555555
