0 0.840234375 0.7506944444444444 0.04921875 0.18194444444444444
0 0.606640625 0.22291666666666668 0.01171875 0.05138888888888889
0 0.359765625 0.29930555555555555 0.01796875 0.06805555555555555
0 0.456640625 0.1451388888888889 0.01171875 0.043055555555555555
0 0.043359375 0.46041666666666664 0.03203125 0.1125
1 0.633984375 0.4861111111111111 0.07265625 0.13333333333333333
1 0.425 0.2152777777777778 0.0296875 0.06388888888888888
3 0.5515625 0.30972222222222223 0.0546875 0.13333333333333333
3 0.522265625 0.20069444444444445 0.03828125 0.06805555555555555
2 0.170703125 0.44722222222222224 0.12890625 0.225
0 0.678125 0.30416666666666664 0.015625 0.05277777777777778
