0 0.85234375 0.3645833333333333 0.0140625 0.043055555555555555
0 0.805859375 0.4215277777777778 0.01640625 0.05138888888888889
0 0.844140625 0.4222222222222222 0.01796875 0.05277777777777778
0 0.47890625 0.7833333333333333 0.0484375 0.13055555555555556
0 0.409765625 0.6576388888888889 0.03671875 0.10694444444444444
0 0.55546875 0.5340277777777778 0.0296875 0.07916666666666666
0 0.762109375 0.39444444444444443 0.01484375 0.041666666666666664
0 0.83203125 0.37569444444444444 0.0125 0.04027777777777778
0 0.78203125 0.39444444444444443 0.0125 0.03888888888888889
0 0.690625 0.6868055555555556 0.0359375 0.09027777777777778
0 0.8 0.3680555555555556 0.0125 0.03611111111111111
0 0.820703125 0.33958333333333335 0.01171875 0.03194444444444444
0 0.7453125 0.41180555555555554 0.015625 0.04583333333333333
0 0.62734375 0.5493055555555556 0.028125 0.0763888888888889
0 0.43984375 0.7145833333333333 0.034375 0.10694444444444444
0 0.726953125 0.4326388888888889 0.02265625 0.059722222222222225
0 0.776171875 0.46319444444444446 0.02890625 0.07083333333333333
0 0.800390625 0.32569444444444445 0.01015625 0.029166666666666667
0 0.714453125 0.39652777777777776 0.01953125 0.04861111111111111
0 0.7515625 0.6701388888888888 0.040625 0.09027777777777778
0 0.813671875 0.39375 0.01015625 0.0375
0 0.61796875 0.5180555555555556 0.0265625 0.07222222222222222
0 0.7609375 0.44722222222222224 0.028125 0.06666666666666667
0 0.77734375 0.3388888888888889 0.0109375 0.030555555555555555
1 0.13671875 0.6881944444444444 0.1546875 0.13194444444444445
1 0.743359375 0.5743055555555555 0.10546875 0.0763888888888889
1 0.565625 0.40555555555555556 0.0421875 0.058333333333333334
1 0.734765625 0.6229166666666667 0.11796875 0.09027777777777778
1 0.7046875 0.35625 0.03125 0.05416666666666667
1 0.622265625 0.40347222222222223 0.03984375 0.0625
