0 0.166796875 0.76875 0.04921875 0.1763888888888889
0 0.80703125 0.8243055555555555 0.05625 0.1736111111111111
0 0.901953125 0.7534722222222222 0.05078125 0.1597222222222222
0 0.70703125 0.5618055555555556 0.0328125 0.11805555555555555
0 0.292578125 0.5888888888888889 0.02890625 0.14444444444444443
0 0.12109375 0.6479166666666667 0.046875 0.14583333333333334
0 0.3 0.825 0.0390625 0.20277777777777778
0 0.183984375 0.5506944444444445 0.04140625 0.12361111111111112
0 0.867578125 0.6444444444444445 0.03984375 0.1388888888888889
0 0.797265625 0.6145833333333334 0.03515625 0.13194444444444445
0 0.752734375 0.6048611111111111 0.03359375 0.14027777777777778
0 0.3328125 0.5625 0.0265625 0.13333333333333333
0 0.68203125 0.39166666666666666 0.021875 0.09166666666666666
0 0.568359375 0.4263888888888889 0.04765625 0.10277777777777777
0 0.605078125 0.3645833333333333 0.02109375 0.08472222222222223
0 0.257421875 0.5194444444444445 0.03203125 0.12777777777777777
0 0.64296875 0.4048611111111111 0.0234375 0.09583333333333334
0 0.383984375 0.36944444444444446 0.02421875 0.09166666666666666
0 0.391015625 0.4548611111111111 0.02421875 0.1125
0 0.55703125 0.3 0.0234375 0.075
0 0.34921875 0.4791666666666667 0.021875 0.12777777777777777
0 0.009375 0.3972222222222222 0.01875 0.10277777777777777
0 0.776171875 0.5333333333333333 0.03515625 0.1111111111111111
0 0.735546875 0.4388888888888889 0.02890625 0.10555555555555556
0 0.94921875 0.8951388888888889 0.059375 0.18194444444444444
0 0.371484375 0.5777777777777777 0.02578125 0.14444444444444443
0 0.6828125 0.4951388888888889 0.0328125 0.12083333333333333
0 0.095703125 0.5340277777777778 0.05546875 0.11805555555555555
0 0.611328125 0.3125 0.01796875 0.075
0 0.144140625 0.5916666666666667 0.03359375 0.13333333333333333
0 0.533984375 0.21597222222222223 0.01171875 0.05694444444444444
0 0.32421875 0.6715277777777777 0.03125 0.14305555555555555
0 0.409765625 0.2965277777777778 0.01640625 0.07361111111111111
0 0.648828125 0.33819444444444446 0.02421875 0.07083333333333333
0 0.79375 0.7298611111111111 0.053125 0.15416666666666667
0 0.34453125 0.4354166666666667 0.0296875 0.10694444444444444
0 0.57265625 0.28402777777777777 0.01875 0.06805555555555555
0 0.503515625 0.19930555555555557 0.01171875 0.04861111111111111
0 0.00390625 0.8243055555555555 0.0078125 0.1125
1 0.675 0.7020833333333333 0.1203125 0.2152777777777778
1 0.13515625 0.49027777777777776 0.128125 0.11944444444444445
1 0.4421875 0.2847222222222222 0.040625 0.10555555555555556
1 0.3703125 0.3076388888888889 0.04375 0.07916666666666666
2 0.391796875 0.18472222222222223 0.03359375 0.075
3 0.426953125 0.7013888888888888 0.14921875 0.4388888888888889
3 0.391796875 0.18472222222222223 0.03359375 0.075
2 0.3046875 0.35 0.1015625 0.125
