4 0.76953125 0.4354166666666667 0.0390625 0.11527777777777778
5 0.383203125 0.6479166666666667 0.1390625 0.31805555555555554
4 0.123046875 0.8638888888888889 0.0818359375 0.19479166666666667
4 0.15078125 0.5208333333333334 0.0298828125 0.11458333333333333
4 0.208984375 0.5222222222222223 0.03984375 0.1326388888888889
4 0.2578125 0.5340277777777778 0.0388671875 0.13194444444444445
4 0.254296875 0.4173611111111111 0.03671875 0.08194444444444444
4 0.3078125 0.45208333333333334 0.0361328125 0.09861111111111111
4 0.356640625 0.41458333333333336 0.0375 0.10555555555555556
4 0.29609375 0.3055555555555556 0.0232421875 0.05277777777777778
4 0.301953125 0.35555555555555557 0.0234375 0.05277777777777778
4 0.31640625 0.31875 0.020703125 0.06770833333333333
4 0.3421875 0.3527777777777778 0.034765625 0.06736111111111111
4 0.3703125 0.3368055555555556 0.0220703125 0.06666666666666667
4 0.364453125 0.30416666666666664 0.0255859375 0.06666666666666667
4 0.4046875 0.29583333333333334 0.0201171875 0.07013888888888889
5 0.4484375 0.3194444444444444 0.0705078125 0.10590277777777778
4 0.077734375 0.39861111111111114 0.0572265625 0.059027777777777776
4 0.34296875 0.25069444444444444 0.0109375 0.05694444444444444
4 0.396875 0.22847222222222222 0.012109375 0.043402777777777776
