7 0.615625 0.26458333333333334 0.0408203125 0.084375
5 0.526953125 0.35625 0.04375 0.07604166666666666
5 0.584765625 0.7236111111111111 0.14609375 0.2809027777777778
5 0.63125 0.9673611111111111 0.159375 0.0625
5 0.573046875 0.2673611111111111 0.0384765625 0.04895833333333333
5 0.7046875 0.24375 0.0376953125 0.04722222222222222
5 0.504296875 0.2326388888888889 0.0609375 0.042708333333333334
4 0.743359375 0.39444444444444443 0.0212890625 0.05798611111111111
4 0.68671875 0.3284722222222222 0.0126953125 0.05416666666666667
4 0.1796875 0.38125 0.0234375 0.09027777777777778
6 0.735546875 0.6090277777777777 0.1625 0.30104166666666665
