0 0.45 0.8680555555555556 0.0453125 0.20277777777777778
0 0.5125 0.7243055555555555 0.0375 0.1625
0 0.308984375 0.6180555555555556 0.03046875 0.14722222222222223
0 0.366015625 0.4284722222222222 0.02265625 0.09861111111111111
0 0.51640625 0.45416666666666666 0.01875 0.10555555555555556
0 0.423828125 0.3090277777777778 0.01328125 0.05694444444444444
0 0.487109375 0.3034722222222222 0.01484375 0.06805555555555555
0 0.535546875 0.3333333333333333 0.01328125 0.075
0 0.509375 0.31319444444444444 0.0140625 0.06527777777777778
2 0.494140625 0.22013888888888888 0.03828125 0.09583333333333334
