1 0.38671875 0.5020833333333333 0.071875 0.14583333333333334
1 0.448828125 0.3277777777777778 0.04296875 0.08888888888888889
0 0.55234375 0.6916666666666667 0.04375 0.16111111111111112
0 0.484765625 0.5166666666666667 0.02734375 0.11666666666666667
0 0.4984375 0.44375 0.0234375 0.09861111111111111
0 0.500390625 0.2902777777777778 0.01328125 0.06111111111111111
0 0.530859375 0.29583333333333334 0.01640625 0.06388888888888888
0 0.405078125 0.36944444444444446 0.01796875 0.075
0 0.331640625 0.4708333333333333 0.02265625 0.10277777777777777
0 0.369140625 0.3763888888888889 0.01484375 0.06388888888888888
0 0.373046875 0.4152777777777778 0.01328125 0.06388888888888888
0 0.43515625 0.25972222222222224 0.0140625 0.04722222222222222
0 0.45546875 0.23333333333333334 0.0109375 0.05
0 0.4703125 0.2152777777777778 0.009375 0.03888888888888889
0 0.521484375 0.23819444444444443 0.01015625 0.043055555555555555
