1 0.2640625 0.6180555555555556 0.134375 0.12777777777777777
1 0.44765625 0.5534722222222223 0.0734375 0.10138888888888889
1 0.5078125 0.45694444444444443 0.071875 0.09444444444444444
0 0.45390625 0.7173611111111111 0.0546875 0.14305555555555555
0 0.303515625 0.8340277777777778 0.06171875 0.15694444444444444
1 0.471875 0.9284722222222223 0.125 0.13472222222222222
0 0.709765625 0.8555555555555555 0.04921875 0.14722222222222223
0 0.778515625 0.7381944444444445 0.03828125 0.14583333333333334
0 0.8265625 0.7618055555555555 0.040625 0.15416666666666667
0 0.727734375 0.69375 0.03984375 0.12083333333333333
0 0.66484375 0.55 0.0359375 0.09444444444444444
0 0.6265625 0.5222222222222223 0.0296875 0.08055555555555556
0 0.670703125 0.4444444444444444 0.03203125 0.07777777777777778
0 0.672265625 0.48541666666666666 0.03046875 0.08472222222222223
0 0.696484375 0.5076388888888889 0.02890625 0.07361111111111111
0 0.713671875 0.45902777777777776 0.02109375 0.05694444444444444
0 0.73515625 0.4798611111111111 0.025 0.06527777777777778
0 0.746875 0.5472222222222223 0.0265625 0.06388888888888888
0 0.734375 0.6013888888888889 0.0359375 0.075
0 0.776953125 0.5666666666666667 0.04140625 0.08888888888888889
0 0.80078125 0.5090277777777777 0.034375 0.0625
0 0.826171875 0.5506944444444445 0.02578125 0.09305555555555556
0 0.833984375 0.4840277777777778 0.02890625 0.08472222222222223
0 0.7546875 0.43680555555555556 0.03125 0.06527777777777778
0 0.790625 0.4263888888888889 0.0234375 0.06388888888888888
0 0.805078125 0.4340277777777778 0.02265625 0.059722222222222225
0 0.840625 0.41597222222222224 0.0265625 0.07361111111111111
