4 0.963671875 0.6291666666666667 0.0525390625 0.15555555555555556
5 0.6265625 0.8652777777777778 0.1748046875 0.24965277777777778
5 0.566796875 0.5576388888888889 0.0947265625 0.17916666666666667
5 0.337890625 0.2111111111111111 0.0556640625 0.049305555555555554
5 0.533203125 0.3798611111111111 0.0583984375 0.109375
5 0.61171875 0.30486111111111114 0.0451171875 0.07604166666666666
6 0.754296875 0.5729166666666666 0.21953125 0.4083333333333333
6 0.628125 0.23958333333333334 0.0658203125 0.07222222222222222
7 0.162109375 0.8236111111111111 0.32421875 0.33055555555555555
5 0.5203125 0.30694444444444446 0.0423828125 0.06979166666666667
