3 0.653515625 0.1986111111111111 0.10390625 0.08888888888888889
3 0.402734375 0.21388888888888888 0.07109375 0.06111111111111111
3 0.18203125 0.17916666666666667 0.034375 0.06666666666666667
1 0.555078125 0.27361111111111114 0.04140625 0.044444444444444446
1 0.698828125 0.2513888888888889 0.04609375 0.05
3 0.523046875 0.375 0.07265625 0.1638888888888889
0 0.128515625 0.39444444444444443 0.02578125 0.08611111111111111
0 0.78359375 0.4673611111111111 0.028125 0.10138888888888889
0 0.87890625 0.5756944444444444 0.0421875 0.11805555555555555
0 0.14296875 0.2659722222222222 0.015625 0.04583333333333333
2 0.6171875 0.2791666666666667 0.065625 0.15
