0 0.019921875 0.5256944444444445 0.03515625 0.12638888888888888
0 0.83203125 0.5576388888888889 0.0359375 0.12083333333333333
0 0.84765625 0.5118055555555555 0.0359375 0.10138888888888889
0 0.69765625 0.28055555555555556 0.015625 0.05
0 0.442578125 0.225 0.03046875 0.041666666666666664
0 0.592578125 0.24305555555555555 0.02890625 0.044444444444444446
0 0.686328125 0.24791666666666667 0.02578125 0.0375
0 0.63046875 0.2263888888888889 0.025 0.03611111111111111
1 0.747265625 0.2361111111111111 0.03515625 0.03611111111111111
1 0.736328125 0.21736111111111112 0.02734375 0.034722222222222224
1 0.551953125 0.23194444444444445 0.06171875 0.05
3 0.215234375 0.21875 0.06640625 0.09027777777777778
3 0.30078125 0.5451388888888888 0.196875 0.6208333333333333
