4 0.157421875 0.6013888888888889 0.05078125 0.1579861111111111
4 0.268359375 0.45069444444444445 0.0240234375 0.08784722222222222
4 0.329296875 0.4326388888888889 0.02890625 0.10972222222222222
4 0.294140625 0.3402777777777778 0.02421875 0.06666666666666667
4 0.246875 0.3506944444444444 0.028125 0.04861111111111111
4 0.235546875 0.4479166666666667 0.03515625 0.11840277777777777
4 0.13125 0.3861111111111111 0.0328125 0.07534722222222222
4 0.0765625 0.3993055555555556 0.050390625 0.07048611111111111
4 0.6453125 0.2743055555555556 0.028125 0.07048611111111111
4 0.659375 0.25069444444444444 0.01875 0.0763888888888889
4 0.078125 0.8409722222222222 0.071484375 0.2847222222222222
