0 0.74453125 0.4527777777777778 0.0203125 0.06944444444444445
0 0.231640625 0.9243055555555556 0.06484375 0.13472222222222222
0 0.481640625 0.8673611111111111 0.04140625 0.14027777777777778
0 0.770703125 0.3840277777777778 0.01640625 0.05416666666666667
0 0.79453125 0.5875 0.0265625 0.09444444444444444
0 0.794921875 0.41944444444444445 0.01796875 0.05555555555555555
0 0.820703125 0.47847222222222224 0.02109375 0.06527777777777778
0 0.376953125 0.9090277777777778 0.05390625 0.14583333333333334
0 0.82265625 0.36944444444444446 0.0171875 0.05277777777777778
0 0.85 0.4111111111111111 0.0171875 0.05555555555555555
0 0.83671875 0.7256944444444444 0.0390625 0.13472222222222222
0 0.687890625 0.5493055555555556 0.02890625 0.09305555555555556
0 0.834375 0.5895833333333333 0.0265625 0.0875
0 0.758203125 0.5888888888888889 0.02890625 0.1
0 0.797265625 0.8416666666666667 0.04296875 0.1638888888888889
0 0.724609375 0.5520833333333334 0.02578125 0.09305555555555556
0 0.809375 0.4041666666666667 0.015625 0.05277777777777778
0 0.8109375 0.5361111111111111 0.021875 0.06944444444444445
0 0.465234375 0.9506944444444444 0.03671875 0.09027777777777778
0 0.855078125 0.3625 0.01484375 0.04722222222222222
0 0.83984375 0.9513888888888888 0.04375 0.09444444444444444
0 0.75625 0.34375 0.0140625 0.04583333333333333
0 0.798046875 0.36180555555555555 0.00859375 0.043055555555555555
1 0.41015625 0.5180555555555556 0.0671875 0.08611111111111111
1 0.407421875 0.5993055555555555 0.09140625 0.10416666666666667
2 0.606640625 0.3548611111111111 0.03515625 0.05138888888888889
1 0.6140625 0.4479166666666667 0.0453125 0.07361111111111111
1 0.6984375 0.3486111111111111 0.0265625 0.04722222222222222
1 0.680859375 0.44583333333333336 0.03671875 0.06944444444444445
1 0.6671875 0.5069444444444444 0.0453125 0.08611111111111111
2 0.58984375 0.6993055555555555 0.11875 0.30416666666666664
2 0.504296875 0.49583333333333335 0.07109375 0.11944444444444445
