0 0.75546875 0.9236111111111112 0.04375 0.1527777777777778
0 0.841015625 0.47708333333333336 0.01953125 0.0625
0 0.791796875 0.45694444444444443 0.01796875 0.06111111111111111
2 0.0859375 0.07222222222222222 0.171875 0.1361111111111111
0 0.703515625 0.5305555555555556 0.02734375 0.07222222222222222
0 0.63359375 0.8402777777777778 0.040625 0.1388888888888889
0 0.557421875 0.5722222222222222 0.03046875 0.13333333333333333
0 0.7109375 0.8263888888888888 0.028125 0.16666666666666666
0 0.81640625 0.4965277777777778 0.0203125 0.0625
0 0.53984375 0.6201388888888889 0.03125 0.1375
0 0.723046875 0.5111111111111111 0.02734375 0.09722222222222222
0 0.56328125 0.6722222222222223 0.0265625 0.14166666666666666
0 0.791015625 0.6597222222222222 0.02890625 0.10277777777777777
0 0.492578125 0.9381944444444444 0.05703125 0.12361111111111112
0 0.19296875 0.8319444444444445 0.065625 0.17777777777777778
0 0.82890625 0.5631944444444444 0.0234375 0.09305555555555556
0 0.790234375 0.7638888888888888 0.03046875 0.14166666666666666
0 0.597265625 0.5958333333333333 0.02265625 0.09444444444444444
0 0.616796875 0.9027777777777778 0.04921875 0.19444444444444445
0 0.476171875 0.5944444444444444 0.01953125 0.08888888888888889
0 0.63984375 0.5736111111111111 0.0234375 0.08888888888888889
0 0.881640625 0.8451388888888889 0.03671875 0.18194444444444444
0 0.746484375 0.7041666666666667 0.02578125 0.11388888888888889
0 0.87109375 0.7118055555555556 0.034375 0.12083333333333333
0 0.7359375 0.9 0.046875 0.2
0 0.762890625 0.5194444444444445 0.01953125 0.08055555555555556
0 0.425 0.725 0.0359375 0.14166666666666666
0 0.258203125 0.9423611111111111 0.05703125 0.11527777777777778
1 0.23203125 0.7215277777777778 0.1515625 0.15416666666666667
1 0.382421875 0.5902777777777778 0.07265625 0.1
0 0.354296875 0.9159722222222222 0.07578125 0.16805555555555557
1 0.5109375 0.7895833333333333 0.1078125 0.16805555555555557
1 0.540234375 0.475 0.05546875 0.07222222222222222
1 0.49765625 0.45625 0.0359375 0.05694444444444444
1 0.698046875 0.6347222222222222 0.06640625 0.12222222222222222
0 0.86953125 0.5916666666666667 0.025 0.10277777777777777
1 0.657421875 0.5 0.04765625 0.07222222222222222
2 0.72265625 0.40069444444444446 0.05 0.10972222222222222
0 0.624609375 0.4798611111111111 0.01796875 0.06527777777777778
1 0.600390625 0.41875 0.04140625 0.05694444444444444
1 0.66328125 0.3888888888888889 0.0390625 0.04722222222222222
0 0.870703125 0.40625 0.01484375 0.05694444444444444
0 0.83125 0.38055555555555554 0.0171875 0.04722222222222222
0 0.80390625 0.37569444444444444 0.0140625 0.04583333333333333
0 0.817578125 0.44305555555555554 0.01484375 0.05277777777777778
0 0.763671875 0.46111111111111114 0.01328125 0.05277777777777778
1 0.606640625 0.35833333333333334 0.02578125 0.03888888888888889
0 0.581640625 0.5305555555555556 0.02265625 0.09444444444444444
0 0.471875 0.6916666666666667 0.025 0.10277777777777777
0 0.4984375 0.6229166666666667 0.0296875 0.09027777777777778
1 0.63359375 0.44166666666666665 0.0453125 0.06388888888888888
