3 0.218359375 0.38055555555555554 0.09296875 0.21944444444444444
3 0.5734375 0.2375 0.0546875 0.09166666666666666
3 0.85859375 0.7208333333333333 0.2828125 0.5583333333333333
2 0.633203125 0.3701388888888889 0.08359375 0.1597222222222222
2 0.518359375 0.32222222222222224 0.05546875 0.13055555555555556
0 0.376953125 0.2569444444444444 0.03046875 0.04722222222222222
0 0.458984375 0.2222222222222222 0.02109375 0.03611111111111111
0 0.31484375 0.21597222222222223 0.028125 0.04583333333333333
1 0.25703125 0.25625 0.0390625 0.04861111111111111
1 0.66484375 0.2611111111111111 0.053125 0.041666666666666664
1 0.732421875 0.22847222222222222 0.03359375 0.04583333333333333
0 0.543359375 0.27847222222222223 0.01328125 0.05138888888888889
