0 0.19375 0.5777777777777777 0.0484375 0.14722222222222223
0 0.020703125 0.7625 0.04140625 0.21388888888888888
0 0.16796875 0.47430555555555554 0.0390625 0.11527777777777778
0 0.252734375 0.47291666666666665 0.04453125 0.11527777777777778
0 0.255078125 0.40625 0.03203125 0.07916666666666666
0 0.259375 0.3402777777777778 0.0265625 0.06944444444444445
0 0.746875 0.4979166666666667 0.0359375 0.13472222222222222
0 0.81640625 0.55625 0.0359375 0.15138888888888888
0 0.962109375 0.8222222222222222 0.07578125 0.2833333333333333
0 0.657421875 0.2375 0.01953125 0.05555555555555555
0 0.6421875 0.20555555555555555 0.009375 0.04722222222222222
0 0.61328125 0.2013888888888889 0.0109375 0.044444444444444446
0 0.559765625 0.21597222222222223 0.01484375 0.04583333333333333
0 0.402734375 0.15833333333333333 0.01328125 0.03888888888888889
1 0.67734375 0.3784722222222222 0.0890625 0.18194444444444444
3 0.39453125 0.4375 0.1046875 0.2861111111111111
2 0.371875 0.26180555555555557 0.096875 0.1597222222222222
3 0.466015625 0.1597222222222222 0.04765625 0.15555555555555556
3 0.5234375 0.19652777777777777 0.0453125 0.10694444444444444
0 0.533203125 0.29930555555555555 0.01796875 0.08194444444444444
