0 0.65234375 0.23472222222222222 0.01875 0.05555555555555555
0 0.653515625 0.2673611111111111 0.02265625 0.05694444444444444
3 0.322265625 0.6131944444444445 0.24140625 0.7180555555555556
1 0.198828125 0.5256944444444445 0.05546875 0.22083333333333333
1 0.571875 0.4048611111111111 0.065625 0.11527777777777778
3 0.709765625 0.4152777777777778 0.09765625 0.20555555555555555
3 0.560546875 0.24444444444444444 0.04453125 0.10833333333333334
3 0.40859375 0.16597222222222222 0.021875 0.05694444444444444
1 0.619140625 0.2847222222222222 0.04609375 0.06388888888888888
3 0.5375 0.16041666666666668 0.053125 0.10694444444444444
