0 0.5796875 0.1986111111111111 0.015625 0.05277777777777778
0 0.704296875 0.31319444444444444 0.02421875 0.07916666666666666
0 0.698046875 0.41944444444444445 0.03359375 0.10833333333333334
0 0.4890625 0.24027777777777778 0.0171875 0.058333333333333334
0 0.67578125 0.24375 0.01875 0.05416666666666667
0 0.6578125 0.2263888888888889 0.01875 0.05
1 0.5515625 0.2534722222222222 0.0453125 0.07916666666666666
3 0.596484375 0.47708333333333336 0.14296875 0.35138888888888886
3 0.52578125 0.18611111111111112 0.0453125 0.09722222222222222
3 0.47421875 0.1284722222222222 0.034375 0.09305555555555556
