5 0.60234375 0.7944444444444444 0.1408203125 0.271875
5 0.903125 0.9340277777777778 0.1625 0.12916666666666668
5 0.64453125 0.2638888888888889 0.039453125 0.049652777777777775
6 0.712109375 0.5069444444444444 0.1916015625 0.34965277777777776
6 0.61171875 0.32708333333333334 0.0517578125 0.115625
6 0.721875 0.19930555555555557 0.0671875 0.0763888888888889
7 0.29140625 0.2125 0.06875 0.09166666666666666
4 0.251953125 0.3375 0.05 0.06111111111111111
4 0.253515625 0.3951388888888889 0.053125 0.08472222222222223
4 0.718359375 0.3368055555555556 0.021875 0.07395833333333333
