0 0.14375 0.5333333333333333 0.0734375 0.11388888888888889
0 0.674609375 0.5569444444444445 0.07109375 0.11388888888888889
0 0.07890625 0.6694444444444444 0.0484375 0.14444444444444443
0 0.839453125 0.5611111111111111 0.06796875 0.11388888888888889
0 0.550390625 0.30694444444444446 0.03515625 0.075
0 0.26171875 0.35694444444444445 0.034375 0.08888888888888889
0 0.409375 0.2951388888888889 0.01875 0.07083333333333333
0 0.490234375 0.3 0.02421875 0.075
0 0.3328125 0.3236111111111111 0.01875 0.08611111111111111
0 0.9640625 0.9479166666666666 0.05 0.10416666666666667
0 0.62265625 0.2847222222222222 0.0203125 0.06944444444444445
0 0.8859375 0.5201388888888889 0.0609375 0.10416666666666667
0 0.354296875 0.2965277777777778 0.02265625 0.07361111111111111
0 0.587890625 0.23958333333333334 0.01640625 0.0625
0 0.370703125 0.29444444444444445 0.02421875 0.075
0 0.84765625 0.47638888888888886 0.04375 0.09166666666666666
1 0.344140625 0.5236111111111111 0.17734375 0.125
3 0.525 0.2013888888888889 0.0421875 0.1
3 0.689453125 0.39791666666666664 0.15078125 0.20416666666666666
3 0.45390625 0.2534722222222222 0.04375 0.10694444444444444
