4 0.963671875 0.6291666666666667 0.0478515625 0.15208333333333332
5 0.6265625 0.8652777777777778 0.1748046875 0.24965277777777778
5 0.566796875 0.5576388888888889 0.0978515625 0.184375
5 0.337890625 0.2111111111111111 0.05625 0.05
5 0.533203125 0.3798611111111111 0.0583984375 0.109375
5 0.61171875 0.30486111111111114 0.044921875 0.075
6 0.754296875 0.5729166666666666 0.2162109375 0.4027777777777778
6 0.628125 0.23958333333333334 0.0669921875 0.075
7 0.1640625 0.8215277777777777 0.328125 0.3541666666666667
5 0.5203125 0.30694444444444446 0.0439453125 0.07430555555555556
