0 0.537890625 0.9381944444444444 0.05546875 0.12361111111111112
0 0.230859375 0.7180555555555556 0.03984375 0.175
0 0.41640625 0.7881944444444444 0.0453125 0.1763888888888889
0 0.397265625 0.6840277777777778 0.03671875 0.13194444444444445
0 0.324609375 0.6416666666666667 0.03515625 0.14722222222222223
0 0.362109375 0.46875 0.02265625 0.10138888888888889
0 0.449609375 0.5118055555555555 0.02578125 0.12361111111111112
0 0.54609375 0.6708333333333333 0.0390625 0.14444444444444443
0 0.49296875 0.625 0.03125 0.14444444444444443
0 0.471875 0.5576388888888889 0.025 0.12361111111111112
0 0.482421875 0.3861111111111111 0.01953125 0.08888888888888889
0 0.5296875 0.4166666666666667 0.0203125 0.09722222222222222
0 0.4171875 0.3659722222222222 0.0171875 0.08194444444444444
0 0.5078125 0.33819444444444446 0.015625 0.07083333333333333
