0 0.44140625 0.8125 0.046875 0.1388888888888889
0 0.7375 0.40625 0.021875 0.05694444444444444
0 0.830859375 0.7701388888888889 0.03828125 0.12361111111111112
0 0.5265625 0.8006944444444445 0.0453125 0.14305555555555555
0 0.41015625 0.65625 0.040625 0.11805555555555555
0 0.621484375 0.7395833333333334 0.03828125 0.11527777777777778
0 0.318359375 0.8652777777777778 0.05703125 0.15833333333333333
0 0.486328125 0.6708333333333333 0.03984375 0.11388888888888889
0 0.79765625 0.5354166666666667 0.0265625 0.0763888888888889
0 0.691796875 0.42569444444444443 0.02265625 0.0625
0 0.64375 0.8229166666666666 0.0359375 0.11805555555555555
0 0.78671875 0.6840277777777778 0.0359375 0.10972222222222222
0 0.7546875 0.8375 0.0421875 0.125
0 0.7765625 0.9388888888888889 0.05 0.10277777777777777
0 0.740234375 0.5444444444444444 0.02578125 0.07777777777777778
0 0.625390625 0.6006944444444444 0.03203125 0.09305555555555556
0 0.85 0.5354166666666667 0.0296875 0.08472222222222223
0 0.546875 0.6145833333333334 0.0328125 0.10694444444444444
0 0.84921875 0.9243055555555556 0.0484375 0.1125
0 0.45078125 0.6618055555555555 0.0375 0.1125
0 0.7046875 0.9472222222222222 0.05 0.09166666666666666
0 0.806640625 0.4930555555555556 0.02421875 0.06111111111111111
0 0.81484375 0.46041666666666664 0.021875 0.05694444444444444
0 0.78125 0.3861111111111111 0.0140625 0.05277777777777778
0 0.753515625 0.3527777777777778 0.01640625 0.044444444444444446
0 0.74765625 0.49027777777777776 0.01875 0.05
0 0.822265625 0.4111111111111111 0.01484375 0.05
0 0.794140625 0.3659722222222222 0.01484375 0.04583333333333333
0 0.82421875 0.36666666666666664 0.015625 0.044444444444444446
0 0.883984375 0.3902777777777778 0.02421875 0.05277777777777778
1 0.551171875 0.4791666666666667 0.04765625 0.06388888888888888
1 0.703515625 0.48125 0.04609375 0.08194444444444444
1 0.615234375 0.3388888888888889 0.03046875 0.04722222222222222
1 0.638671875 0.3902777777777778 0.03828125 0.058333333333333334
2 0.665234375 0.29930555555555555 0.03203125 0.059722222222222225
