0 0.276171875 0.3548611111111111 0.02578125 0.09027777777777778
0 0.2078125 0.55 0.0265625 0.13055555555555556
0 0.848046875 0.7166666666666667 0.03671875 0.16944444444444445
0 0.172265625 0.7131944444444445 0.04296875 0.18194444444444444
0 0.621484375 0.3701388888888889 0.02109375 0.09861111111111111
0 0.2375 0.4215277777777778 0.028125 0.09305555555555556
0 0.667578125 0.30069444444444443 0.02109375 0.07916666666666666
0 0.181640625 0.49583333333333335 0.02734375 0.11666666666666667
0 0.658203125 0.4625 0.04609375 0.09722222222222222
0 0.617578125 0.2986111111111111 0.02109375 0.06666666666666667
0 0.25390625 0.5347222222222222 0.03125 0.1361111111111111
0 0.289453125 0.4652777777777778 0.02578125 0.1
0 0.253515625 0.4618055555555556 0.02265625 0.10694444444444444
0 0.330078125 0.32430555555555557 0.01953125 0.08472222222222223
0 0.566015625 0.2048611111111111 0.01328125 0.05694444444444444
0 0.3078125 0.3229166666666667 0.021875 0.07916666666666666
1 0.30859375 0.5777777777777777 0.0828125 0.19166666666666668
1 0.698828125 0.5486111111111112 0.08359375 0.14722222222222223
1 0.365234375 0.3951388888888889 0.05390625 0.10138888888888889
1 0.42578125 0.7298611111111111 0.0984375 0.2569444444444444
1 0.548828125 0.4465277777777778 0.05859375 0.12916666666666668
1 0.376953125 0.30625 0.04140625 0.09305555555555556
1 0.410546875 0.2548611111111111 0.03359375 0.07083333333333333
1 0.45625 0.20069444444444445 0.0265625 0.06527777777777778
1 0.448828125 0.43472222222222223 0.05390625 0.16666666666666666
3 0.45390625 0.32430555555555557 0.053125 0.14027777777777778
3 0.44921875 0.425 0.0578125 0.175
