0 0.362109375 0.7840277777777778 0.05703125 0.18472222222222223
0 0.19140625 0.45069444444444445 0.0625 0.10416666666666667
0 0.31640625 0.4479166666666667 0.0578125 0.10416666666666667
0 0.63515625 0.27152777777777776 0.015625 0.07361111111111111
0 0.533984375 0.30972222222222223 0.01640625 0.08333333333333333
0 0.701171875 0.46805555555555556 0.06328125 0.10555555555555556
0 0.45390625 0.425 0.0515625 0.08888888888888889
0 0.256640625 0.46597222222222223 0.06015625 0.09583333333333334
0 0.098828125 0.5305555555555556 0.07265625 0.10833333333333334
0 0.0578125 0.4652777777777778 0.06875 0.1
0 0.91171875 0.4791666666666667 0.0671875 0.1
0 0.486328125 0.35 0.03359375 0.07222222222222222
0 0.283203125 0.33819444444444446 0.02421875 0.08194444444444444
0 0.73515625 0.3951388888888889 0.028125 0.08472222222222223
0 0.671875 0.35555555555555557 0.0203125 0.09166666666666666
0 0.509375 0.3229166666666667 0.01875 0.07361111111111111
0 0.308203125 0.32430555555555557 0.02421875 0.0763888888888889
0 0.42578125 0.28402777777777777 0.021875 0.06527777777777778
0 0.365234375 0.2972222222222222 0.01953125 0.06944444444444445
0 0.314453125 0.38125 0.03046875 0.09027777777777778
0 0.087109375 0.4479166666666667 0.05546875 0.0875
0 0.402734375 0.29097222222222224 0.01796875 0.05694444444444444
0 0.715234375 0.36875 0.02578125 0.0875
0 0.669140625 0.31180555555555556 0.01953125 0.07361111111111111
1 0.113671875 0.9479166666666666 0.13515625 0.09861111111111111
1 0.5640625 0.2826388888888889 0.0375 0.0763888888888889
1 0.4 0.38125 0.1046875 0.09861111111111111
3 0.4546875 0.2708333333333333 0.040625 0.08888888888888889
3 0.51875 0.12916666666666668 0.025 0.07222222222222222
0 0.240625 0.4305555555555556 0.034375 0.07777777777777778
