0 0.76953125 0.4930555555555556 0.0265625 0.06666666666666667
0 0.37890625 0.8534722222222222 0.0640625 0.1597222222222222
0 0.57265625 0.6597222222222222 0.0375 0.10555555555555556
0 0.709375 0.4201388888888889 0.01875 0.05138888888888889
0 0.653515625 0.6645833333333333 0.02734375 0.10694444444444444
0 0.807421875 0.47708333333333336 0.01796875 0.059722222222222225
0 0.541796875 0.7395833333333334 0.04921875 0.13472222222222222
0 0.8421875 0.42986111111111114 0.0171875 0.0625
0 0.7359375 0.48125 0.0265625 0.06527777777777778
0 0.769140625 0.4097222222222222 0.01796875 0.05277777777777778
0 0.786328125 0.4423611111111111 0.01640625 0.05138888888888889
0 0.675 0.5979166666666667 0.0234375 0.08194444444444444
0 0.645703125 0.5166666666666667 0.02578125 0.07777777777777778
0 0.741796875 0.55 0.02578125 0.07777777777777778
0 0.705078125 0.5715277777777777 0.02109375 0.08472222222222223
0 0.594921875 0.5652777777777778 0.03359375 0.09166666666666666
0 0.6671875 0.5458333333333333 0.0265625 0.07222222222222222
0 0.821484375 0.42430555555555555 0.01640625 0.05694444444444444
0 0.753125 0.4222222222222222 0.0125 0.05
0 0.615234375 0.5097222222222222 0.03046875 0.07777777777777778
0 0.8390625 0.37916666666666665 0.021875 0.04722222222222222
0 0.875390625 0.40347222222222223 0.01796875 0.06527777777777778
0 0.426953125 0.9243055555555556 0.06484375 0.12083333333333333
0 0.81015625 0.3909722222222222 0.01875 0.05138888888888889
1 0.097265625 0.7944444444444444 0.17578125 0.18611111111111112
1 0.433984375 0.5069444444444444 0.06640625 0.08611111111111111
1 0.595703125 0.4048611111111111 0.04609375 0.06805555555555555
1 0.70859375 0.37916666666666665 0.040625 0.06111111111111111
1 0.636328125 0.2972222222222222 0.02890625 0.044444444444444446
0 0.74453125 0.4 0.0125 0.05
