0 0.41015625 0.5534722222222223 0.0265625 0.12083333333333333
0 0.43671875 0.9347222222222222 0.04375 0.13055555555555556
0 0.50390625 0.7180555555555556 0.040625 0.15555555555555556
0 0.548046875 0.5784722222222223 0.03046875 0.12916666666666668
0 0.466015625 0.4777777777777778 0.02265625 0.10277777777777777
0 0.387109375 0.38333333333333336 0.01953125 0.09166666666666666
0 0.514453125 0.42777777777777776 0.01953125 0.09166666666666666
0 0.53203125 0.3625 0.0171875 0.075
0 0.528125 0.30625 0.01875 0.059722222222222225
0 0.50859375 0.25277777777777777 0.0125 0.04722222222222222
0 0.49453125 0.24166666666666667 0.0125 0.04722222222222222
