0 0.2234375 0.75625 0.0390625 0.18194444444444444
0 0.287890625 0.6097222222222223 0.03828125 0.15833333333333333
0 0.5234375 0.46875 0.0171875 0.10416666666666667
0 0.54140625 0.5756944444444444 0.034375 0.13194444444444445
0 0.385546875 0.5256944444444445 0.09296875 0.19305555555555556
0 0.517578125 0.3194444444444444 0.01796875 0.075
0 0.396484375 0.35208333333333336 0.01796875 0.0763888888888889
0 0.411328125 0.30416666666666664 0.01484375 0.07777777777777778
0 0.449609375 0.2881944444444444 0.01484375 0.059722222222222225
0 0.465234375 0.2520833333333333 0.01171875 0.05416666666666667
0 0.52734375 0.2569444444444444 0.0125 0.05
0 0.511328125 0.23402777777777778 0.01171875 0.04583333333333333
