0 0.848046875 0.8694444444444445 0.05546875 0.18888888888888888
0 0.27734375 0.7416666666666667 0.040625 0.18333333333333332
0 0.3171875 0.38263888888888886 0.021875 0.09583333333333334
0 0.143359375 0.7840277777777778 0.06015625 0.2013888888888889
0 0.216015625 0.9208333333333333 0.05078125 0.1527777777777778
0 0.289453125 0.6055555555555555 0.03203125 0.14722222222222223
0 0.723046875 0.49583333333333335 0.03203125 0.11388888888888889
0 0.289453125 0.4513888888888889 0.02734375 0.1111111111111111
0 0.313671875 0.5034722222222222 0.02578125 0.12361111111111112
0 0.4 0.45069444444444445 0.0515625 0.13472222222222222
0 0.2390625 0.5736111111111111 0.0296875 0.1361111111111111
0 0.21875 0.38472222222222224 0.0359375 0.09722222222222222
0 0.360546875 0.2986111111111111 0.02109375 0.07777777777777778
0 0.691015625 0.3402777777777778 0.02109375 0.08888888888888889
0 0.021484375 0.3798611111111111 0.04453125 0.08472222222222223
0 0.323046875 0.3104166666666667 0.02578125 0.06805555555555555
0 0.30859375 0.32708333333333334 0.028125 0.07361111111111111
0 0.22734375 0.5041666666666667 0.0296875 0.11666666666666667
0 0.869140625 0.7819444444444444 0.04609375 0.1638888888888889
1 0.51953125 0.21458333333333332 0.03125 0.059722222222222225
1 0.40703125 0.4097222222222222 0.0578125 0.125
1 0.4390625 0.2972222222222222 0.04375 0.09722222222222222
3 0.60625 0.45069444444444445 0.1046875 0.25972222222222224
3 0.416015625 0.15833333333333333 0.03046875 0.08888888888888889
3 0.434765625 0.2972222222222222 0.05078125 0.09444444444444444
3 0.457421875 0.1701388888888889 0.02890625 0.08194444444444444
