0 0.973828125 0.8229166666666666 0.04765625 0.1625
0 0.3546875 0.30416666666666664 0.0171875 0.07777777777777778
0 0.30546875 0.35347222222222224 0.021875 0.0875
0 0.632421875 0.26666666666666666 0.01171875 0.05277777777777778
1 0.395703125 0.2826388888888889 0.04453125 0.09027777777777778
1 0.57421875 0.22361111111111112 0.0328125 0.06666666666666667
1 0.665234375 0.41180555555555554 0.11015625 0.17916666666666667
3 0.626171875 0.6895833333333333 0.13359375 0.35138888888888886
3 0.573828125 0.21388888888888888 0.03203125 0.06944444444444445
3 0.246875 0.81875 0.2890625 0.3625
2 0.3984375 0.27708333333333335 0.05 0.10138888888888889
0 0.69609375 0.35347222222222224 0.015625 0.0625
0 0.64453125 0.29375 0.0140625 0.029166666666666667
1 0.537890625 0.27569444444444446 0.04453125 0.0625
0 0.3359375 0.2847222222222222 0.0171875 0.05277777777777778
