0 0.120703125 0.5569444444444445 0.04453125 0.14444444444444443
0 0.249609375 0.41597222222222224 0.03359375 0.1125
0 0.308984375 0.31527777777777777 0.02890625 0.08888888888888889
0 0.67734375 0.2423611111111111 0.0140625 0.05694444444444444
0 0.5328125 0.18125 0.015625 0.04583333333333333
0 0.376953125 0.19027777777777777 0.01640625 0.044444444444444446
1 0.108203125 0.8388888888888889 0.21640625 0.3194444444444444
1 0.55234375 0.15138888888888888 0.0265625 0.05277777777777778
3 0.427734375 0.2777777777777778 0.05546875 0.11666666666666667
3 0.45625 0.15833333333333333 0.0484375 0.13333333333333333
3 0.5125 0.18888888888888888 0.0359375 0.07777777777777778
