0 0.8375 0.88125 0.05625 0.18194444444444444
0 0.839453125 0.4798611111111111 0.02578125 0.07361111111111111
0 0.792578125 0.49444444444444446 0.02578125 0.075
0 0.528125 0.5611111111111111 0.034375 0.09444444444444444
0 0.43125 0.6444444444444445 0.0390625 0.11388888888888889
0 0.30234375 0.8520833333333333 0.0578125 0.1597222222222222
0 0.653515625 0.54375 0.01640625 0.059722222222222225
0 0.505078125 0.8111111111111111 0.04296875 0.13333333333333333
0 0.571484375 0.5166666666666667 0.03203125 0.09166666666666666
0 0.82265625 0.4375 0.021875 0.058333333333333334
0 0.409375 0.8006944444444445 0.05 0.14027777777777778
0 0.808984375 0.725 0.03984375 0.125
0 0.4484375 0.8284722222222223 0.046875 0.13194444444444445
0 0.688671875 0.5298611111111111 0.02578125 0.0763888888888889
0 0.700390625 0.4895833333333333 0.02265625 0.0625
0 0.74375 0.4895833333333333 0.0265625 0.0763888888888889
0 0.7609375 0.49583333333333335 0.025 0.075
0 0.799609375 0.40625 0.01953125 0.05694444444444444
0 0.69609375 0.44027777777777777 0.0234375 0.06111111111111111
0 0.79296875 0.4527777777777778 0.021875 0.05555555555555555
0 0.783203125 0.41944444444444445 0.01953125 0.05555555555555555
0 0.654296875 0.4909722222222222 0.02265625 0.059722222222222225
0 0.76640625 0.4263888888888889 0.021875 0.06111111111111111
0 0.7375 0.4340277777777778 0.025 0.059722222222222225
0 0.83671875 0.40902777777777777 0.01875 0.05138888888888889
1 0.651171875 0.6284722222222222 0.08203125 0.13472222222222222
1 0.63671875 0.75625 0.0859375 0.1625
1 0.4875 0.675 0.0875 0.13333333333333333
1 0.642578125 0.4326388888888889 0.04140625 0.06527777777777778
1 0.53671875 0.4305555555555556 0.046875 0.06944444444444445
1 0.713671875 0.37777777777777777 0.03203125 0.05
1 0.641796875 0.36736111111111114 0.03046875 0.05138888888888889
1 0.665234375 0.3909722222222222 0.02734375 0.04861111111111111
0 0.640234375 0.54375 0.01640625 0.059722222222222225
