4 0.209375 0.5131944444444444 0.0388671875 0.10833333333333334
4 0.305859375 0.34652777777777777 0.0400390625 0.0763888888888889
4 0.354296875 0.3402777777777778 0.02890625 0.1
5 0.43515625 0.35347222222222224 0.061328125 0.10833333333333334
4 0.51484375 0.25416666666666665 0.0279296875 0.07569444444444444
4 0.60625 0.7208333333333333 0.05625 0.21909722222222222
4 0.19296875 0.8416666666666667 0.0703125 0.2586805555555556
4 0.078125 0.39375 0.0642578125 0.07951388888888888
4 0.36953125 0.4083333333333333 0.003125 0.002777777777777778
4 0.391796875 0.22847222222222222 0.01484375 0.059722222222222225
4 0.40859375 0.2708333333333333 0.019921875 0.06701388888888889
4 0.434765625 0.25763888888888886 0.0224609375 0.07604166666666666
4 0.367578125 0.27569444444444446 0.0224609375 0.06666666666666667
4 0.5328125 0.31875 0.0248046875 0.07083333333333333
