4 0.95546875 0.6291666666666667 0.059375 0.15590277777777778
5 0.60546875 0.7680555555555556 0.1498046875 0.271875
5 0.51875 0.38125 0.0669921875 0.10972222222222222
5 0.596875 0.37916666666666665 0.0498046875 0.09097222222222222
5 0.35546875 0.2111111111111111 0.0517578125 0.049305555555555554
5 0.651953125 0.49375 0.0728515625 0.10833333333333334
5 0.601953125 0.30833333333333335 0.0421875 0.06041666666666667
5 0.838671875 0.50625 0.0666015625 0.14027777777777778
6 0.73046875 0.6270833333333333 0.1794921875 0.3121527777777778
6 0.6984375 0.22916666666666666 0.040625 0.05590277777777778
6 0.61171875 0.25763888888888886 0.0560546875 0.06944444444444445
7 0.58046875 0.2111111111111111 0.0876953125 0.09756944444444444
