0 0.36328125 0.8958333333333334 0.0578125 0.14444444444444443
0 0.634765625 0.7548611111111111 0.03828125 0.12916666666666668
0 0.533984375 0.5763888888888888 0.02734375 0.09444444444444444
0 0.69921875 0.7263888888888889 0.0390625 0.11388888888888889
0 0.690625 0.45 0.021875 0.06388888888888888
0 0.737890625 0.4361111111111111 0.02109375 0.058333333333333334
0 0.470703125 0.5923611111111111 0.03203125 0.10138888888888889
0 0.767578125 0.4618055555555556 0.02421875 0.06527777777777778
0 0.714453125 0.47708333333333336 0.02421875 0.06527777777777778
0 0.675390625 0.5034722222222222 0.02421875 0.07361111111111111
0 0.730859375 0.8215277777777777 0.04140625 0.13194444444444445
0 0.59765625 0.7236111111111111 0.034375 0.11944444444444445
0 0.8765625 0.4618055555555556 0.0265625 0.06805555555555555
0 0.8296875 0.46597222222222223 0.0234375 0.059722222222222225
0 0.664453125 0.45069444444444445 0.02109375 0.0625
0 0.73828125 0.6284722222222222 0.0328125 0.09027777777777778
0 0.656640625 0.5763888888888888 0.02890625 0.08611111111111111
0 0.721484375 0.42291666666666666 0.01953125 0.05694444444444444
0 0.5828125 0.6430555555555556 0.0265625 0.09722222222222222
0 0.524609375 0.53125 0.02578125 0.0763888888888889
0 0.609765625 0.5909722222222222 0.02890625 0.09305555555555556
0 0.71484375 0.3923611111111111 0.01875 0.05416666666666667
0 0.79765625 0.42291666666666666 0.0203125 0.05694444444444444
0 0.587890625 0.5611111111111111 0.02578125 0.08055555555555556
0 0.8328125 0.41944444444444445 0.021875 0.05555555555555555
0 0.739453125 0.39444444444444443 0.01640625 0.05
1 0.40234375 0.5715277777777777 0.0859375 0.10416666666666667
1 0.871875 0.6020833333333333 0.1203125 0.12361111111111112
1 0.737890625 0.5430555555555555 0.07265625 0.09166666666666666
1 0.47109375 0.48194444444444445 0.05625 0.06944444444444445
1 0.69765625 0.33958333333333335 0.0296875 0.05138888888888889
2 0.60234375 0.375 0.0609375 0.10277777777777777
