0 0.222265625 0.9097222222222222 0.06953125 0.14722222222222223
0 0.684765625 0.5180555555555556 0.02578125 0.08055555555555556
0 0.790625 0.49166666666666664 0.0234375 0.07222222222222222
0 0.81796875 0.42569444444444443 0.01875 0.059722222222222225
0 0.796875 0.41041666666666665 0.0171875 0.05416666666666667
0 0.73828125 0.3770833333333333 0.015625 0.04583333333333333
0 0.735546875 0.5222222222222223 0.02421875 0.075
0 0.59375 0.6041666666666666 0.0359375 0.10833333333333334
0 0.638671875 0.5645833333333333 0.02890625 0.09027777777777778
0 0.245703125 0.8111111111111111 0.05859375 0.13055555555555556
0 0.83046875 0.35138888888888886 0.0140625 0.041666666666666664
0 0.462109375 0.6694444444444444 0.04140625 0.11944444444444445
0 0.744921875 0.41458333333333336 0.01953125 0.05694444444444444
0 0.781640625 0.36736111111111114 0.01484375 0.04583333333333333
0 0.68046875 0.4263888888888889 0.0203125 0.058333333333333334
0 0.7125 0.4027777777777778 0.01875 0.05
0 0.812890625 0.38055555555555554 0.01640625 0.044444444444444446
0 0.76328125 0.38958333333333334 0.0171875 0.05138888888888889
0 0.46484375 0.6041666666666666 0.03125 0.08333333333333333
0 0.8 0.34097222222222223 0.0125 0.043055555555555555
1 0.1140625 0.7243055555555555 0.1328125 0.1375
1 0.666015625 0.3402777777777778 0.02734375 0.044444444444444446
1 0.591796875 0.37777777777777777 0.03984375 0.058333333333333334
1 0.62890625 0.3298611111111111 0.03125 0.04861111111111111
1 0.707421875 0.47291666666666665 0.04140625 0.06527777777777778
