0 0.870703125 0.4375 0.02421875 0.06388888888888888
0 0.822265625 0.45 0.02109375 0.06111111111111111
0 0.244921875 0.9104166666666667 0.06953125 0.1625
0 0.7609375 0.6013888888888889 0.03125 0.09444444444444444
0 0.32265625 0.90625 0.059375 0.1625
0 0.46953125 0.89375 0.0640625 0.16527777777777777
0 0.807421875 0.4222222222222222 0.01953125 0.05555555555555555
0 0.715234375 0.7708333333333334 0.03984375 0.12777777777777777
0 0.627734375 0.9125 0.05859375 0.14722222222222223
0 0.661328125 0.53125 0.02734375 0.0763888888888889
0 0.56796875 0.8805555555555555 0.053125 0.1527777777777778
0 0.27109375 0.7861111111111111 0.053125 0.1361111111111111
0 0.489453125 0.6576388888888889 0.03515625 0.10972222222222222
0 0.408984375 0.8284722222222223 0.04765625 0.14027777777777778
0 0.830859375 0.4076388888888889 0.02109375 0.05416666666666667
0 0.646875 0.45 0.0234375 0.06666666666666667
0 0.708203125 0.4486111111111111 0.01796875 0.06111111111111111
0 0.732421875 0.4534722222222222 0.02109375 0.06527777777777778
0 0.781640625 0.475 0.02421875 0.075
0 0.607421875 0.5527777777777778 0.03046875 0.09166666666666666
0 0.79921875 0.38055555555555554 0.0171875 0.04722222222222222
0 0.543359375 0.5583333333333333 0.02578125 0.08055555555555556
0 0.619140625 0.6694444444444444 0.04296875 0.1
0 0.387890625 0.9243055555555556 0.05078125 0.14027777777777778
0 0.562890625 0.5930555555555556 0.03203125 0.09166666666666666
0 0.70859375 0.5381944444444444 0.028125 0.08472222222222223
0 0.767578125 0.4201388888888889 0.01796875 0.05416666666666667
0 0.47421875 0.6145833333333334 0.0296875 0.09583333333333334
0 0.80546875 0.7305555555555555 0.0375 0.12222222222222222
0 0.692578125 0.46805555555555556 0.02109375 0.06666666666666667
0 0.541015625 0.6472222222222223 0.03359375 0.09166666666666666
0 0.80546875 0.5430555555555555 0.0265625 0.08055555555555556
0 0.750390625 0.42569444444444443 0.01953125 0.059722222222222225
0 0.868359375 0.5451388888888888 0.02578125 0.07916666666666666
0 0.825 0.3659722222222222 0.015625 0.04583333333333333
0 0.76171875 0.32569444444444445 0.015625 0.043055555555555555
0 0.78515625 0.42083333333333334 0.0171875 0.05277777777777778
0 0.691015625 0.4236111111111111 0.01796875 0.05277777777777778
0 0.774609375 0.3840277777777778 0.01640625 0.04583333333333333
0 0.721484375 0.425 0.01953125 0.05277777777777778
0 0.805859375 0.35208333333333336 0.01484375 0.043055555555555555
1 0.542578125 0.7604166666666666 0.08828125 0.14027777777777778
1 0.651953125 0.6145833333333334 0.06796875 0.1125
1 0.706640625 0.36736111111111114 0.03359375 0.05416666666666667
1 0.622265625 0.33819444444444446 0.03203125 0.04861111111111111
1 0.577734375 0.5152777777777777 0.04921875 0.075
1 0.68515625 0.35347222222222224 0.028125 0.043055555555555555
2 0.658203125 0.38125 0.03359375 0.0763888888888889
