1 0.094921875 0.7159722222222222 0.18359375 0.30416666666666664
1 0.5796875 0.6888888888888889 0.140625 0.25555555555555554
1 0.858203125 0.8673611111111111 0.21953125 0.2652777777777778
1 0.54453125 0.4756944444444444 0.0765625 0.14027777777777778
1 0.33046875 0.32916666666666666 0.0578125 0.09722222222222222
1 0.687109375 0.25555555555555554 0.04921875 0.05
3 0.456640625 0.20833333333333334 0.08359375 0.07222222222222222
3 0.2625 0.19166666666666668 0.1140625 0.08611111111111111
3 0.110546875 0.19583333333333333 0.04140625 0.06388888888888888
2 0.67890625 0.41875 0.18125 0.32083333333333336
