3 0.2890625 0.45208333333333334 0.1296875 0.4375
3 0.605078125 0.7145833333333333 0.18828125 0.5013888888888889
3 0.539453125 0.3576388888888889 0.08359375 0.20972222222222223
3 0.60625 0.2916666666666667 0.05625 0.13333333333333333
3 0.730078125 0.5354166666666667 0.20546875 0.3819444444444444
2 0.49375 0.2152777777777778 0.103125 0.08611111111111111
2 0.683203125 0.23402777777777778 0.04296875 0.06527777777777778
1 0.7390625 0.21319444444444444 0.034375 0.043055555555555555
0 0.11171875 0.20555555555555555 0.0140625 0.041666666666666664
0 0.14765625 0.2048611111111111 0.0140625 0.04861111111111111
