5 0.405078125 0.46319444444444446 0.09375 0.19722222222222222
4 0.274609375 0.6638888888888889 0.06328125 0.1753472222222222
4 0.183203125 0.7208333333333333 0.0478515625 0.21979166666666666
4 0.227734375 0.41388888888888886 0.0396484375 0.1111111111111111
4 0.301171875 0.4236111111111111 0.03046875 0.121875
4 0.17890625 0.5194444444444445 0.048046875 0.14444444444444443
4 0.304296875 0.3229166666666667 0.0244140625 0.08333333333333333
4 0.378515625 0.3451388888888889 0.0275390625 0.10138888888888889
4 0.40546875 0.30486111111111114 0.0185546875 0.06284722222222222
4 0.439453125 0.29791666666666666 0.015625 0.06527777777777778
4 0.543359375 0.2881944444444444 0.01796875 0.05694444444444444
4 0.76015625 0.44305555555555554 0.0373046875 0.10868055555555556
4 0.700390625 0.28680555555555554 0.0208984375 0.065625
4 0.39921875 0.2465277777777778 0.0205078125 0.05659722222222222
