0 0.451171875 0.9083333333333333 0.04921875 0.18333333333333332
0 0.433203125 0.5951388888888889 0.03515625 0.14305555555555555
0 0.508984375 0.6680555555555555 0.03046875 0.14722222222222223
0 0.5734375 0.6006944444444444 0.03125 0.1486111111111111
0 0.4875 0.4236111111111111 0.025 0.09166666666666666
0 0.532421875 0.35208333333333336 0.01796875 0.07361111111111111
0 0.503515625 0.3736111111111111 0.02265625 0.08611111111111111
1 0.495703125 0.28958333333333336 0.03828125 0.0763888888888889
0 0.418359375 0.2972222222222222 0.01484375 0.06111111111111111
0 0.439453125 0.27569444444444446 0.01484375 0.05416666666666667
1 0.469921875 0.23055555555555557 0.02734375 0.04722222222222222
1 0.4828125 0.20277777777777778 0.01875 0.03888888888888889
