3 0.55859375 0.38472222222222224 0.13125 0.375
3 0.61328125 0.21388888888888888 0.1 0.10277777777777777
3 0.7140625 0.19791666666666666 0.1125 0.09027777777777778
3 0.808203125 0.7756944444444445 0.38359375 0.4152777777777778
1 0.271875 0.28194444444444444 0.0515625 0.075
1 0.222265625 0.22430555555555556 0.03515625 0.05416666666666667
0 0.1953125 0.35138888888888886 0.021875 0.08333333333333333
0 0.159765625 0.34305555555555556 0.02109375 0.08888888888888889
0 0.145703125 0.2263888888888889 0.00859375 0.044444444444444446
0 0.1171875 0.21319444444444444 0.0125 0.043055555555555555
0 0.330078125 0.22569444444444445 0.02578125 0.04583333333333333
