0 0.471484375 0.9229166666666667 0.05390625 0.12916666666666668
0 0.2 0.8986111111111111 0.0625 0.16111111111111112
0 0.62109375 0.55 0.025 0.07777777777777778
0 0.122265625 0.9069444444444444 0.06640625 0.15555555555555556
0 0.712890625 0.5173611111111112 0.02734375 0.07361111111111111
0 0.29375 0.8430555555555556 0.0578125 0.15
0 0.76171875 0.5576388888888889 0.028125 0.07916666666666666
0 0.8015625 0.6993055555555555 0.0390625 0.1125
0 0.754296875 0.48125 0.02421875 0.06805555555555555
0 0.8390625 0.49444444444444446 0.025 0.06666666666666667
0 0.691015625 0.4048611111111111 0.01953125 0.05694444444444444
0 0.539453125 0.6319444444444444 0.03671875 0.1111111111111111
0 0.315234375 0.6694444444444444 0.04609375 0.10277777777777777
0 0.18125 0.7541666666666667 0.04375 0.11944444444444445
0 0.799609375 0.5729166666666666 0.02734375 0.08194444444444444
0 0.56015625 0.6902777777777778 0.0390625 0.10833333333333334
0 0.72421875 0.7027777777777777 0.0328125 0.10555555555555556
0 0.84765625 0.5611111111111111 0.0265625 0.075
0 0.63671875 0.6354166666666666 0.034375 0.10416666666666667
0 0.795703125 0.46041666666666664 0.01328125 0.059722222222222225
0 0.690234375 0.7944444444444444 0.03828125 0.12222222222222222
0 0.855859375 0.6479166666666667 0.03046875 0.09305555555555556
0 0.72109375 0.5631944444444444 0.0265625 0.07361111111111111
0 0.869921875 0.74375 0.03671875 0.11527777777777778
0 0.833203125 0.5909722222222222 0.02578125 0.08194444444444444
0 0.763671875 0.425 0.02421875 0.058333333333333334
0 0.676953125 0.5520833333333334 0.02890625 0.08472222222222223
0 0.662109375 0.5201388888888889 0.02265625 0.07361111111111111
0 0.7375 0.3902777777777778 0.0203125 0.05277777777777778
0 0.7984375 0.9347222222222222 0.05 0.1111111111111111
0 0.877734375 0.9375 0.04453125 0.1
0 0.809375 0.5361111111111111 0.0265625 0.07222222222222222
0 0.7359375 0.86875 0.0421875 0.14027777777777778
0 0.8578125 0.4395833333333333 0.0125 0.059722222222222225
0 0.86875 0.8534722222222222 0.0453125 0.13472222222222222
0 0.665234375 0.40625 0.02109375 0.05416666666666667
0 0.7265625 0.6284722222222222 0.03125 0.08472222222222223
0 0.773828125 0.6263888888888889 0.03203125 0.09722222222222222
0 0.67421875 0.9208333333333333 0.053125 0.12777777777777777
0 0.716796875 0.38958333333333334 0.01953125 0.05694444444444444
0 0.812890625 0.4076388888888889 0.01953125 0.05138888888888889
0 0.784375 0.38055555555555554 0.0171875 0.05
0 0.852734375 0.3819444444444444 0.01796875 0.05
1 0.283984375 0.7569444444444444 0.14453125 0.14444444444444443
1 0.2234375 0.6263888888888889 0.1015625 0.11388888888888889
1 0.57265625 0.8215277777777777 0.090625 0.1763888888888889
1 0.652734375 0.4486111111111111 0.04453125 0.06666666666666667
1 0.60546875 0.5041666666666667 0.05 0.08333333333333333
1 0.489453125 0.4479166666666667 0.03828125 0.06527777777777778
1 0.567578125 0.4673611111111111 0.05234375 0.07916666666666666
1 0.52421875 0.46805555555555556 0.0453125 0.075
1 0.57890625 0.3854166666666667 0.0453125 0.06805555555555555
1 0.627734375 0.32569444444444445 0.03046875 0.05416666666666667
0 0.809765625 0.46041666666666664 0.01328125 0.059722222222222225
0 0.8453125 0.4326388888888889 0.0125 0.059722222222222225
0 0.8328125 0.39166666666666666 0.0140625 0.05
0 0.801171875 0.37569444444444444 0.01640625 0.05694444444444444
