1 0.346875 0.33402777777777776 0.078125 0.09027777777777778
1 0.553125 0.6138888888888889 0.203125 0.2777777777777778
1 0.559765625 0.4125 0.11953125 0.1361111111111111
1 0.155859375 0.23958333333333334 0.03828125 0.05694444444444444
0 0.103125 0.3951388888888889 0.01875 0.10694444444444444
0 0.142578125 0.3861111111111111 0.01953125 0.1111111111111111
0 0.231640625 0.42430555555555555 0.03359375 0.11805555555555555
0 0.346484375 0.6159722222222223 0.04453125 0.18472222222222223
0 0.34375 0.2604166666666667 0.0375 0.0625
0 0.382421875 0.2604166666666667 0.03671875 0.0625
0 0.637890625 0.5298611111111111 0.03203125 0.14027777777777778
0 0.684765625 0.4722222222222222 0.02421875 0.1388888888888889
0 0.73125 0.5576388888888889 0.0375 0.14583333333333334
0 0.734765625 0.48055555555555557 0.02578125 0.09166666666666666
