0 0.6984375 0.42430555555555555 0.021875 0.05694444444444444
0 0.839453125 0.8666666666666667 0.03984375 0.14166666666666666
0 0.384375 0.8263888888888888 0.0484375 0.1361111111111111
0 0.71171875 0.9201388888888888 0.040625 0.12638888888888888
0 0.673828125 0.4791666666666667 0.02421875 0.06388888888888888
0 0.754296875 0.8777777777777778 0.03828125 0.125
0 0.48046875 0.7680555555555556 0.04375 0.12222222222222222
0 0.455859375 0.6604166666666667 0.04140625 0.10416666666666667
0 0.743359375 0.4513888888888889 0.02109375 0.058333333333333334
0 0.63515625 0.5895833333333333 0.0296875 0.07916666666666666
0 0.53203125 0.6458333333333334 0.0359375 0.10555555555555556
0 0.691015625 0.6041666666666666 0.03046875 0.08611111111111111
0 0.7234375 0.4041666666666667 0.01875 0.05277777777777778
0 0.70625 0.49444444444444446 0.0234375 0.06666666666666667
0 0.77578125 0.6013888888888889 0.0296875 0.08333333333333333
0 0.87109375 0.6409722222222223 0.0390625 0.09861111111111111
0 0.737890625 0.3680555555555556 0.01796875 0.044444444444444446
0 0.837890625 0.4777777777777778 0.02265625 0.06388888888888888
0 0.83046875 0.7673611111111112 0.034375 0.10138888888888889
0 0.8 0.6722222222222223 0.0296875 0.08888888888888889
0 0.7859375 0.41041666666666665 0.01875 0.05138888888888889
0 0.644921875 0.5305555555555556 0.02890625 0.075
0 0.852734375 0.6 0.03046875 0.08333333333333333
0 0.869921875 0.4527777777777778 0.02421875 0.06388888888888888
0 0.715234375 0.6465277777777778 0.03203125 0.0875
0 0.7984375 0.48819444444444443 0.0234375 0.06527777777777778
0 0.85546875 0.5076388888888889 0.025 0.06527777777777778
0 0.74375 0.7854166666666667 0.0375 0.10138888888888889
0 0.78359375 0.5340277777777778 0.0265625 0.06527777777777778
0 0.74609375 0.4083333333333333 0.0171875 0.04722222222222222
0 0.82109375 0.36736111111111114 0.015625 0.043055555555555555
0 0.813671875 0.45069444444444445 0.01796875 0.05416666666666667
0 0.8390625 0.43333333333333335 0.01875 0.05277777777777778
0 0.80078125 0.36319444444444443 0.0140625 0.04583333333333333
0 0.777734375 0.36875 0.01640625 0.04583333333333333
0 0.76328125 0.3645833333333333 0.0140625 0.043055555555555555
1 0.06640625 0.7402777777777778 0.1328125 0.13055555555555556
1 0.35390625 0.5576388888888889 0.096875 0.10416666666666667
1 0.613671875 0.40347222222222223 0.04453125 0.06527777777777778
1 0.614453125 0.35138888888888886 0.03203125 0.05
2 0.649609375 0.3784722222222222 0.03828125 0.06805555555555555
2 0.55625 0.4361111111111111 0.075 0.1111111111111111
