0 0.028515625 0.44375 0.05546875 0.09861111111111111
0 0.667578125 0.3 0.01953125 0.075
0 0.0296875 0.5611111111111111 0.059375 0.10833333333333334
0 0.42578125 0.29930555555555555 0.0203125 0.0763888888888889
0 0.298828125 0.3402777777777778 0.03515625 0.08611111111111111
0 0.4015625 0.2972222222222222 0.021875 0.07222222222222222
0 0.5875 0.24166666666666667 0.0140625 0.05555555555555555
0 0.3625 0.3145833333333333 0.025 0.08194444444444444
0 0.60859375 0.3159722222222222 0.021875 0.05694444444444444
0 0.323828125 0.3277777777777778 0.02421875 0.08611111111111111
0 0.692578125 0.32708333333333334 0.01953125 0.0763888888888889
1 0.507421875 0.34444444444444444 0.09140625 0.08888888888888889
1 0.539453125 0.26180555555555557 0.04453125 0.06805555555555555
