0 0.564453125 0.8118055555555556 0.04921875 0.14027777777777778
0 0.426171875 0.7673611111111112 0.04765625 0.13194444444444445
0 0.630078125 0.49236111111111114 0.02578125 0.07083333333333333
0 0.706640625 0.4513888888888889 0.02109375 0.058333333333333334
0 0.620703125 0.6041666666666666 0.03203125 0.09166666666666666
0 0.64453125 0.6583333333333333 0.0375 0.10277777777777777
0 0.503515625 0.5868055555555556 0.03359375 0.09583333333333334
0 0.31640625 0.7305555555555555 0.0546875 0.14166666666666666
0 0.80390625 0.5486111111111112 0.021875 0.08055555555555556
0 0.559765625 0.5451388888888888 0.02890625 0.07916666666666666
0 0.7140625 0.6 0.03125 0.08888888888888889
0 0.418359375 0.6409722222222223 0.03828125 0.10138888888888889
0 0.762109375 0.5923611111111111 0.03046875 0.08472222222222223
0 0.72421875 0.50625 0.0234375 0.0625
0 0.6625 0.4354166666666667 0.021875 0.059722222222222225
0 0.690625 0.5055555555555555 0.021875 0.058333333333333334
0 0.59453125 0.5729166666666666 0.028125 0.08472222222222223
0 0.8078125 0.4618055555555556 0.021875 0.05694444444444444
0 0.745703125 0.4625 0.02109375 0.05277777777777778
0 0.612109375 0.5305555555555556 0.02421875 0.07222222222222222
0 0.690234375 0.5520833333333334 0.02578125 0.07361111111111111
0 0.778125 0.46041666666666664 0.021875 0.059722222222222225
0 0.8328125 0.5631944444444444 0.0296875 0.08194444444444444
0 0.544921875 0.6138888888888889 0.03515625 0.1
0 0.586328125 0.5034722222222222 0.02421875 0.07083333333333333
0 0.816015625 0.5083333333333333 0.02421875 0.06111111111111111
0 0.817578125 0.4270833333333333 0.02109375 0.05138888888888889
0 0.673046875 0.4951388888888889 0.02421875 0.06805555555555555
0 0.7671875 0.5354166666666667 0.021875 0.059722222222222225
0 0.7328125 0.5659722222222222 0.025 0.07361111111111111
0 0.763671875 0.40555555555555556 0.01953125 0.05277777777777778
0 0.755859375 0.4951388888888889 0.02109375 0.059722222222222225
0 0.78515625 0.4354166666666667 0.01875 0.05138888888888889
0 0.724609375 0.42291666666666666 0.01953125 0.05138888888888889
0 0.753125 0.4354166666666667 0.01875 0.05138888888888889
0 0.830078125 0.3770833333333333 0.01796875 0.043055555555555555
0 0.776953125 0.35833333333333334 0.01953125 0.04722222222222222
0 0.787109375 0.39861111111111114 0.01796875 0.044444444444444446
0 0.72890625 0.4652777777777778 0.01875 0.05277777777777778
1 0.3875 0.5430555555555555 0.075 0.08888888888888889
1 0.70859375 0.37916666666666665 0.0375 0.05555555555555555
1 0.67265625 0.39652777777777776 0.0375 0.05694444444444444
