0 0.17578125 0.2569444444444444 0.015625 0.05555555555555555
0 0.125390625 0.1986111111111111 0.01640625 0.058333333333333334
1 0.298046875 0.25972222222222224 0.04296875 0.05555555555555555
1 0.609765625 0.4486111111111111 0.06796875 0.12222222222222222
0 0.793359375 0.4465277777777778 0.02890625 0.09583333333333334
0 0.725390625 0.35694444444444445 0.01640625 0.07777777777777778
0 0.701171875 0.2652777777777778 0.01484375 0.04722222222222222
2 0.59140625 0.6736111111111112 0.153125 0.3055555555555556
3 0.802734375 0.6784722222222223 0.19453125 0.31805555555555554
3 0.405078125 0.20416666666666666 0.09765625 0.08055555555555556
2 0.55234375 0.31180555555555556 0.075 0.2013888888888889
2 0.625390625 0.2861111111111111 0.05546875 0.14166666666666666
1 0.662890625 0.2611111111111111 0.02578125 0.04722222222222222
2 0.70234375 0.22291666666666668 0.0765625 0.0763888888888889
