0 0.39296875 0.8826388888888889 0.0578125 0.14583333333333334
0 0.69296875 0.45069444444444445 0.021875 0.0625
0 0.76796875 0.4895833333333333 0.028125 0.07083333333333333
0 0.79140625 0.43819444444444444 0.021875 0.05694444444444444
0 0.664453125 0.48194444444444445 0.01953125 0.06111111111111111
0 0.651953125 0.5486111111111112 0.03046875 0.08055555555555556
0 0.71953125 0.4222222222222222 0.0203125 0.05277777777777778
0 0.823828125 0.5048611111111111 0.02578125 0.06527777777777778
0 0.71640625 0.49236111111111114 0.025 0.06527777777777778
0 0.74609375 0.64375 0.0359375 0.09583333333333334
0 0.848828125 0.46041666666666664 0.02265625 0.0625
0 0.743359375 0.4409722222222222 0.02265625 0.059722222222222225
0 0.623046875 0.4888888888888889 0.02890625 0.07777777777777778
0 0.863671875 0.5458333333333333 0.02734375 0.075
0 0.73203125 0.5159722222222223 0.0265625 0.07083333333333333
0 0.12109375 0.9333333333333333 0.0703125 0.10833333333333334
0 0.86953125 0.39375 0.021875 0.05416666666666667
0 0.86328125 0.49236111111111114 0.025 0.0625
0 0.67265625 0.6493055555555556 0.0359375 0.10416666666666667
0 0.76328125 0.39861111111111114 0.0203125 0.05277777777777778
0 0.661328125 0.4375 0.02265625 0.05277777777777778
0 0.816796875 0.4652777777777778 0.02109375 0.058333333333333334
0 0.809375 0.4201388888888889 0.01875 0.05138888888888889
0 0.7359375 0.3923611111111111 0.01875 0.04583333333333333
0 0.784375 0.39444444444444443 0.015625 0.044444444444444446
1 0.792578125 0.5861111111111111 0.11328125 0.12222222222222222
1 0.50234375 0.55 0.0796875 0.10555555555555556
1 0.19765625 0.6694444444444444 0.1328125 0.1388888888888889
1 0.596484375 0.3902777777777778 0.04296875 0.06388888888888888
1 0.45703125 0.4888888888888889 0.065625 0.08333333333333333
1 0.379296875 0.6013888888888889 0.08828125 0.10555555555555556
1 0.33984375 0.5486111111111112 0.08125 0.1111111111111111
1 0.684375 0.4041666666666667 0.0359375 0.05555555555555555
