0 0.146484375 0.3020833333333333 0.02265625 0.0875
0 0.691796875 0.2604166666666667 0.01484375 0.04861111111111111
1 0.597265625 0.7284722222222222 0.12109375 0.20416666666666666
1 0.65859375 0.4951388888888889 0.08125 0.13472222222222222
1 0.535546875 0.38333333333333336 0.05390625 0.10555555555555556
1 0.603515625 0.37430555555555556 0.05703125 0.09027777777777778
1 0.82265625 0.83125 0.2 0.28194444444444444
2 0.668359375 0.9430555555555555 0.20390625 0.11388888888888889
1 0.53046875 0.3125 0.04375 0.04722222222222222
1 0.445703125 0.2152777777777778 0.05859375 0.04722222222222222
1 0.53671875 0.27361111111111114 0.0421875 0.041666666666666664
1 0.60546875 0.31527777777777777 0.04375 0.05
1 0.605078125 0.2777777777777778 0.03515625 0.03611111111111111
1 0.6609375 0.2361111111111111 0.0421875 0.05
3 0.597265625 0.2326388888888889 0.06953125 0.07361111111111111
1 0.278515625 0.23680555555555555 0.05078125 0.05416666666666667
3 0.145703125 0.2048611111111111 0.04296875 0.08194444444444444
