0 0.831640625 0.475 0.02421875 0.06666666666666667
0 0.71328125 0.44722222222222224 0.021875 0.06388888888888888
0 0.802734375 0.42569444444444443 0.01953125 0.05694444444444444
0 0.501953125 0.7805555555555556 0.05546875 0.15833333333333333
0 0.688671875 0.42430555555555555 0.02265625 0.0625
0 0.550390625 0.6138888888888889 0.02734375 0.1111111111111111
0 0.770703125 0.42083333333333334 0.01953125 0.05555555555555555
0 0.633203125 0.5583333333333333 0.03359375 0.09444444444444444
0 0.623828125 0.44930555555555557 0.02421875 0.06527777777777778
0 0.762890625 0.4861111111111111 0.01484375 0.06388888888888888
0 0.823828125 0.42777777777777776 0.01796875 0.05555555555555555
0 0.873046875 0.42916666666666664 0.01171875 0.058333333333333334
0 0.727734375 0.40694444444444444 0.01796875 0.05
0 0.70859375 0.3923611111111111 0.01875 0.04861111111111111
0 0.7453125 0.3854166666666667 0.0171875 0.04861111111111111
1 0.797265625 0.6131944444444445 0.12890625 0.10972222222222222
1 0.50390625 0.4513888888888889 0.05625 0.08333333333333333
1 0.17578125 0.7569444444444444 0.1578125 0.16944444444444445
1 0.31640625 0.5881944444444445 0.09375 0.11527777777777778
1 0.628125 0.3972222222222222 0.034375 0.05
1 0.5765625 0.39791666666666664 0.0421875 0.05416666666666667
1 0.6125 0.36527777777777776 0.0296875 0.04722222222222222
0 0.751171875 0.4597222222222222 0.01484375 0.06111111111111111
0 0.862890625 0.4444444444444444 0.01171875 0.058333333333333334
