4 0.89921875 0.6013888888888889 0.04375 0.12986111111111112
4 0.14765625 0.2513888888888889 0.0185546875 0.058680555555555555
5 0.58203125 0.6138888888888889 0.1158203125 0.23055555555555557
5 0.509765625 0.225 0.05078125 0.05243055555555556
5 0.52578125 0.3638888888888889 0.0501953125 0.08263888888888889
5 0.551171875 0.25625 0.04453125 0.05173611111111111
5 0.634375 0.2659722222222222 0.046484375 0.058333333333333334
5 0.675390625 0.24375 0.04453125 0.05659722222222222
6 0.695703125 0.5340277777777778 0.1400390625 0.25972222222222224
6 0.618359375 0.3625 0.0677734375 0.13680555555555557
7 0.618359375 0.21319444444444444 0.0708984375 0.07326388888888889
