0 0.491015625 0.8763888888888889 0.04296875 0.19444444444444445
0 0.19765625 0.7986111111111112 0.046875 0.20555555555555555
0 0.43203125 0.7229166666666667 0.0375 0.16805555555555557
0 0.459765625 0.6159722222222223 0.03671875 0.14305555555555555
0 0.52890625 0.56875 0.0296875 0.13472222222222222
0 0.39296875 0.3625 0.021875 0.07777777777777778
0 0.362109375 0.3548611111111111 0.02109375 0.08472222222222223
1 0.4515625 0.2951388888888889 0.040625 0.08194444444444444
0 0.5203125 0.2520833333333333 0.0140625 0.04861111111111111
0 0.424609375 0.28194444444444444 0.01328125 0.058333333333333334
