0 0.70859375 0.26666666666666666 0.0140625 0.04722222222222222
0 0.287109375 0.22083333333333333 0.01953125 0.030555555555555555
0 0.3234375 0.22569444444444445 0.021875 0.029166666666666667
0 0.349609375 0.22847222222222222 0.02421875 0.03194444444444444
0 0.131640625 0.25972222222222224 0.01484375 0.041666666666666664
3 0.6296875 0.6069444444444444 0.221875 0.5777777777777777
3 0.8171875 0.6805555555555556 0.196875 0.4111111111111111
3 0.428125 0.20277777777777778 0.096875 0.075
3 0.537890625 0.2763888888888889 0.09296875 0.17777777777777778
3 0.629296875 0.19652777777777777 0.17890625 0.09027777777777778
3 0.627734375 0.26875 0.05078125 0.08472222222222223
