7 0.685546875 0.2111111111111111 0.0552734375 0.075
5 0.562109375 0.5694444444444444 0.0921875 0.16180555555555556
5 0.66015625 0.5194444444444445 0.0998046875 0.11944444444444445
5 0.539453125 0.4131944444444444 0.05625 0.09444444444444444
5 0.529296875 0.32430555555555557 0.0525390625 0.08055555555555556
5 0.64375 0.89375 0.1609375 0.20972222222222223
5 0.576953125 0.2638888888888889 0.0515625 0.058680555555555555
4 0.776953125 0.4354166666666667 0.02421875 0.09618055555555556
6 0.619921875 0.34930555555555554 0.07421875 0.1625
6 0.862890625 0.7597222222222222 0.27265625 0.4777777777777778
