3 0.3484375 0.4388888888888889 0.1328125 0.29444444444444445
1 0.5640625 0.5590277777777778 0.09375 0.14305555555555555
3 0.5328125 0.29583333333333334 0.065625 0.20833333333333334
0 0.178125 0.25416666666666665 0.015625 0.041666666666666664
0 0.771484375 0.43680555555555556 0.02890625 0.0875
0 0.712890625 0.34791666666666665 0.01796875 0.06527777777777778
0 0.705078125 0.3013888888888889 0.01484375 0.05277777777777778
3 0.69765625 0.2298611111111111 0.053125 0.0763888888888889
1 0.648828125 0.21944444444444444 0.04921875 0.041666666666666664
0 0.739453125 0.2465277777777778 0.01484375 0.04583333333333333
