0 0.938671875 0.6472222222222223 0.06796875 0.14444444444444443
0 0.744140625 0.38125 0.01953125 0.08472222222222223
0 0.719140625 0.26458333333333334 0.01796875 0.05416666666666667
0 0.536328125 0.22916666666666666 0.01640625 0.04722222222222222
0 0.5140625 0.2298611111111111 0.0125 0.05694444444444444
0 0.172265625 0.30416666666666664 0.01953125 0.05
0 0.093359375 0.22152777777777777 0.01171875 0.043055555555555555
0 0.1328125 0.23125 0.0125 0.0625
3 0.39296875 0.1986111111111111 0.1390625 0.10833333333333334
1 0.616796875 0.4326388888888889 0.07109375 0.10694444444444444
1 0.53125 0.33125 0.0453125 0.09027777777777778
1 0.603515625 0.3402777777777778 0.04140625 0.06666666666666667
1 0.59296875 0.2791666666666667 0.0296875 0.06111111111111111
2 0.638671875 0.2513888888888889 0.03984375 0.075
1 0.599609375 0.225 0.05703125 0.04722222222222222
3 0.275 0.19930555555555557 0.0546875 0.05416666666666667
