0 0.205078125 0.35833333333333334 0.02265625 0.075
0 0.168359375 0.33611111111111114 0.01953125 0.07222222222222222
0 0.19609375 0.27361111111111114 0.0125 0.05
0 0.178515625 0.2861111111111111 0.01328125 0.06111111111111111
0 0.166015625 0.27152777777777776 0.01171875 0.05694444444444444
0 0.394140625 0.22847222222222222 0.02109375 0.04583333333333333
0 0.421875 0.23402777777777778 0.021875 0.034722222222222224
1 0.492578125 0.225 0.05859375 0.03611111111111111
1 0.588671875 0.33541666666666664 0.05234375 0.0763888888888889
1 0.67265625 0.2513888888888889 0.0484375 0.04722222222222222
0 0.7171875 0.26875 0.01875 0.05138888888888889
2 0.60390625 0.24027777777777778 0.0453125 0.11666666666666667
3 0.67421875 0.21458333333333332 0.08125 0.06527777777777778
