0 0.541796875 0.8548611111111111 0.04609375 0.20972222222222223
0 0.113671875 0.93125 0.07578125 0.1375
0 0.3140625 0.49583333333333335 0.0265625 0.1111111111111111
3 0.3953125 0.42291666666666666 0.0875 0.22361111111111112
0 0.536328125 0.4479166666666667 0.02265625 0.09583333333333334
0 0.509765625 0.42291666666666666 0.01484375 0.09027777777777778
0 0.496875 0.3861111111111111 0.0140625 0.075
0 0.533203125 0.325 0.01484375 0.06944444444444445
0 0.496875 0.32222222222222224 0.015625 0.05555555555555555
0 0.5125 0.3020833333333333 0.0140625 0.05416666666666667
0 0.514453125 0.35347222222222224 0.01171875 0.05694444444444444
