0 0.401953125 0.21319444444444444 0.01328125 0.0625
0 0.67421875 0.3875 0.025 0.08055555555555556
0 0.841015625 0.6125 0.03203125 0.1388888888888889
0 0.6359375 0.2847222222222222 0.015625 0.06944444444444445
0 0.71875 0.4395833333333333 0.028125 0.0625
0 0.680078125 0.3215277777777778 0.01328125 0.05416666666666667
0 0.58125 0.18125 0.0125 0.043055555555555555
3 0.565625 0.36527777777777776 0.1 0.23333333333333334
3 0.7 0.7680555555555556 0.2640625 0.4638888888888889
3 0.534765625 0.19444444444444445 0.04921875 0.08333333333333333
1 0.7 0.5118055555555555 0.084375 0.07361111111111111
0 0.6984375 0.28888888888888886 0.0203125 0.05
0 0.71328125 0.3715277777777778 0.025 0.05694444444444444
