3 0.14453125 0.3548611111111111 0.0296875 0.07916666666666666
3 0.421484375 0.23333333333333334 0.02578125 0.05
3 0.453515625 0.23333333333333334 0.02265625 0.05
3 0.48203125 0.23125 0.021875 0.04861111111111111
3 0.7796875 0.6111111111111112 0.2796875 0.5277777777777778
3 0.651953125 0.7493055555555556 0.28828125 0.5013888888888889
3 0.61171875 0.24375 0.0609375 0.13472222222222222
3 0.557421875 0.19444444444444445 0.11953125 0.075
3 0.349609375 0.20277777777777778 0.07421875 0.08888888888888889
0 0.740625 0.2652777777777778 0.015625 0.044444444444444446
0 0.14296875 0.24027777777777778 0.0171875 0.05
0 0.15078125 0.2298611111111111 0.0140625 0.043055555555555555
