4 0.126953125 0.5541666666666667 0.0369140625 0.10277777777777777
4 0.1734375 0.5444444444444444 0.03125 0.10868055555555556
4 0.2109375 0.59375 0.0533203125 0.16111111111111112
4 0.204296875 0.44375 0.0359375 0.10277777777777777
4 0.25078125 0.47291666666666665 0.0345703125 0.1125
4 0.3078125 0.3715277777777778 0.033984375 0.10451388888888889
4 0.080078125 0.39791666666666664 0.0625 0.06805555555555555
4 0.359375 0.28888888888888886 0.0203125 0.06666666666666667
7 0.422265625 0.4423611111111111 0.09921875 0.2361111111111111
4 0.70703125 0.39305555555555555 0.0375 0.09479166666666666
4 0.755859375 0.41388888888888886 0.0421875 0.12222222222222222
6 0.43125 0.2826388888888889 0.0751953125 0.14618055555555556
