0 0.549609375 0.8145833333333333 0.04765625 0.17916666666666667
0 0.06328125 0.7965277777777777 0.05625 0.2152777777777778
0 0.267578125 0.35555555555555557 0.02734375 0.09444444444444444
0 0.275 0.53125 0.028125 0.12916666666666668
0 0.676171875 0.43819444444444444 0.02109375 0.10138888888888889
0 0.894921875 0.7965277777777777 0.04609375 0.16805555555555557
0 0.243359375 0.4548611111111111 0.02734375 0.1125
0 0.695703125 0.5083333333333333 0.02734375 0.11944444444444445
0 0.876953125 0.6569444444444444 0.04921875 0.13055555555555556
0 0.064453125 0.3798611111111111 0.06328125 0.08472222222222223
0 0.21484375 0.37777777777777777 0.040625 0.08611111111111111
0 0.76171875 0.575 0.03125 0.125
0 0.306640625 0.3486111111111111 0.02109375 0.075
0 0.6421875 0.3923611111111111 0.0203125 0.09027777777777778
0 0.36875 0.26875 0.0171875 0.07083333333333333
0 0.971875 0.9215277777777777 0.05 0.14583333333333334
0 0.2125 0.9472222222222222 0.053125 0.10555555555555556
0 0.7296875 0.43680555555555556 0.03125 0.10694444444444444
0 0.61328125 0.3659722222222222 0.0203125 0.07916666666666666
0 0.713671875 0.4479166666666667 0.02578125 0.10138888888888889
0 0.34140625 0.2916666666666667 0.0140625 0.058333333333333334
0 0.6921875 0.3819444444444444 0.0234375 0.08611111111111111
0 0.81484375 0.6138888888888889 0.0390625 0.11666666666666667
0 0.8 0.5208333333333334 0.046875 0.11944444444444445
0 0.909375 0.9631944444444445 0.0390625 0.07361111111111111
1 0.549609375 0.6152777777777778 0.08203125 0.16111111111111112
1 0.6203125 0.4638888888888889 0.0703125 0.12222222222222222
1 0.356640625 0.3659722222222222 0.05546875 0.11805555555555555
1 0.46484375 0.2951388888888889 0.0375 0.0875
1 0.400390625 0.3111111111111111 0.03671875 0.08333333333333333
1 0.791796875 0.7423611111111111 0.12109375 0.2152777777777778
1 0.750390625 0.9458333333333333 0.17734375 0.10833333333333334
1 0.41640625 0.2548611111111111 0.0296875 0.06805555555555555
1 0.46171875 0.2048611111111111 0.0265625 0.04861111111111111
3 0.550390625 0.28055555555555556 0.05234375 0.13055555555555556
3 0.4328125 0.4638888888888889 0.078125 0.21944444444444444
0 0.903125 0.6965277777777777 0.0359375 0.08194444444444444
0 0.919140625 0.6472222222222223 0.03828125 0.12777777777777777
0 0.321484375 0.3090277777777778 0.01640625 0.05416666666666667
