4 0.894921875 0.6201388888888889 0.0552734375 0.17118055555555556
4 0.725 0.3506944444444444 0.027734375 0.10416666666666667
4 0.609375 0.27291666666666664 0.025390625 0.06770833333333333
5 0.5546875 0.2861111111111111 0.0546875 0.1
4 0.305078125 0.33055555555555555 0.0306640625 0.10034722222222223
4 0.078125 0.40069444444444446 0.0703125 0.06284722222222222
4 0.20859375 0.2881944444444444 0.0421875 0.05
4 0.39296875 0.20833333333333334 0.030078125 0.06041666666666667
4 0.639453125 0.28402777777777777 0.0287109375 0.08506944444444445
4 0.65625 0.27708333333333335 0.021875 0.059722222222222225
4 0.68515625 0.27361111111111114 0.0267578125 0.075
4 0.671875 0.31666666666666665 0.018359375 0.07152777777777777
4 0.5875 0.2659722222222222 0.0263671875 0.06840277777777778
