4 0.418359375 0.4618055555555556 0.0322265625 0.11006944444444444
5 0.5875 0.65625 0.1283203125 0.24270833333333333
5 0.838671875 0.8541666666666666 0.2296875 0.29097222222222224
5 0.673828125 0.5576388888888889 0.0962890625 0.1388888888888889
5 0.523828125 0.4201388888888889 0.06015625 0.11388888888888889
5 0.516796875 0.3215277777777778 0.0447265625 0.065625
5 0.33046875 0.36319444444444443 0.054296875 0.10173611111111111
5 0.5984375 0.37569444444444444 0.0546875 0.09583333333333334
5 0.55078125 0.2638888888888889 0.0375 0.04722222222222222
5 0.690625 0.2388888888888889 0.0439453125 0.04513888888888889
7 0.5640625 0.20208333333333334 0.1091796875 0.08715277777777777
5 0.6046875 0.28541666666666665 0.0404296875 0.07326388888888889
