0 0.190625 0.9 0.065625 0.2
0 0.475390625 0.7506944444444444 0.05078125 0.19305555555555556
0 0.481640625 0.5833333333333334 0.02890625 0.12222222222222222
0 0.31328125 0.6798611111111111 0.034375 0.1625
0 0.23359375 0.6986111111111111 0.0390625 0.16111111111111112
0 0.351171875 0.5715277777777777 0.02890625 0.13194444444444445
0 0.373046875 0.45555555555555555 0.02109375 0.10555555555555556
0 0.514453125 0.39166666666666666 0.02421875 0.09444444444444444
0 0.39140625 0.33541666666666664 0.015625 0.0763888888888889
0 0.41484375 0.3229166666666667 0.0234375 0.08194444444444444
