0 0.173046875 0.6715277777777777 0.03984375 0.14027777777777778
0 0.401953125 0.9236111111111112 0.06328125 0.14444444444444443
0 0.338671875 0.38125 0.02421875 0.09583333333333334
0 0.323828125 0.9111111111111111 0.06640625 0.1527777777777778
0 0.400390625 0.34444444444444444 0.02265625 0.09444444444444444
0 0.571875 0.7395833333333334 0.0375 0.1736111111111111
0 0.27578125 0.5229166666666667 0.0296875 0.12638888888888888
0 0.316015625 0.6430555555555556 0.02890625 0.16111111111111112
0 0.361328125 0.6284722222222222 0.02734375 0.15138888888888888
0 0.059375 0.4951388888888889 0.075 0.1125
0 0.353515625 0.29791666666666666 0.01796875 0.0763888888888889
0 0.370703125 0.5319444444444444 0.02734375 0.12777777777777777
0 0.367578125 0.4354166666666667 0.02890625 0.10416666666666667
0 0.633203125 0.29444444444444445 0.01953125 0.08055555555555556
0 0.252734375 0.6583333333333333 0.03984375 0.15833333333333333
0 0.3671875 0.24097222222222223 0.0171875 0.06527777777777778
0 0.519921875 0.6736111111111112 0.03671875 0.175
0 0.664453125 0.2965277777777778 0.01953125 0.07361111111111111
0 0.283203125 0.7118055555555556 0.03828125 0.16805555555555557
0 0.516796875 0.5902777777777778 0.03515625 0.12777777777777777
0 0.60625 0.2534722222222222 0.01875 0.06527777777777778
0 0.321875 0.2298611111111111 0.0171875 0.05416666666666667
1 0.435546875 0.5055555555555555 0.07109375 0.1527777777777778
1 0.409765625 0.24305555555555555 0.03984375 0.075
1 0.79296875 0.8798611111111111 0.246875 0.23472222222222222
1 0.534375 0.26944444444444443 0.04375 0.07222222222222222
1 0.45546875 0.33125 0.0453125 0.09583333333333334
1 0.43359375 0.6854166666666667 0.0921875 0.23194444444444445
1 0.408984375 0.1875 0.03671875 0.05555555555555555
3 0.566015625 0.38125 0.08671875 0.20694444444444443
1 0.13828125 0.8597222222222223 0.271875 0.28055555555555556
