3 0.055078125 0.4861111111111111 0.11015625 0.24444444444444444
3 0.2421875 0.32569444444444445 0.0515625 0.1375
3 0.169140625 0.17152777777777778 0.04140625 0.06805555555555555
3 0.594140625 0.5131944444444444 0.20390625 0.5458333333333333
3 0.555859375 0.22361111111111112 0.08828125 0.10833333333333334
1 0.678125 0.24513888888888888 0.0390625 0.05138888888888889
0 0.1640625 0.2833333333333333 0.0140625 0.05555555555555555
0 0.15078125 0.25555555555555554 0.0140625 0.044444444444444446
1 0.165625 0.5840277777777778 0.128125 0.24305555555555555
3 0.197265625 0.18263888888888888 0.02578125 0.06805555555555555
