0 0.166015625 0.5465277777777777 0.03203125 0.13472222222222222
0 0.65 0.36527777777777776 0.0203125 0.08611111111111111
0 0.839453125 0.63125 0.03984375 0.14027777777777778
0 0.786328125 0.6965277777777777 0.03984375 0.1597222222222222
0 0.308984375 0.3388888888888889 0.02109375 0.08888888888888889
0 0.3390625 0.28402777777777777 0.0125 0.059722222222222225
3 0.39453125 0.4340277777777778 0.1203125 0.2763888888888889
3 0.464453125 0.17291666666666666 0.03828125 0.09305555555555556
3 0.40234375 0.20972222222222223 0.034375 0.07222222222222222
3 0.53984375 0.18472222222222223 0.0296875 0.07222222222222222
0 0.320703125 0.2902777777777778 0.01171875 0.06111111111111111
1 0.378515625 0.27847222222222223 0.03984375 0.04861111111111111
