0 0.40078125 0.8951388888888889 0.065625 0.1486111111111111
0 0.5734375 0.5194444444444445 0.0265625 0.075
0 0.660546875 0.8243055555555555 0.04453125 0.1375
0 0.791796875 0.7138888888888889 0.04140625 0.1111111111111111
0 0.769140625 0.4625 0.02421875 0.06388888888888888
0 0.634375 0.6027777777777777 0.0328125 0.09166666666666666
0 0.574609375 0.9222222222222223 0.05703125 0.125
0 0.400390625 0.6555555555555556 0.04453125 0.11388888888888889
0 0.799609375 0.5361111111111111 0.02578125 0.075
0 0.794921875 0.4361111111111111 0.02109375 0.06388888888888888
0 0.50078125 0.6868055555555556 0.0390625 0.10972222222222222
0 0.70859375 0.7006944444444444 0.0375 0.1125
0 0.53671875 0.6291666666666667 0.0328125 0.09444444444444444
0 0.707421875 0.5763888888888888 0.02578125 0.08333333333333333
0 0.846875 0.47638888888888886 0.0234375 0.06388888888888888
0 0.68828125 0.5673611111111111 0.021875 0.08194444444444444
0 0.651953125 0.5506944444444445 0.02734375 0.0763888888888889
0 0.602734375 0.6472222222222223 0.03359375 0.09444444444444444
0 0.7703125 0.5361111111111111 0.025 0.07777777777777778
0 0.81484375 0.5784722222222223 0.0296875 0.08194444444444444
0 0.53515625 0.8388888888888889 0.04375 0.125
0 0.590234375 0.5895833333333333 0.02578125 0.0763888888888889
0 0.509765625 0.5861111111111111 0.03046875 0.08888888888888889
0 0.852734375 0.54375 0.02890625 0.08472222222222223
0 0.1921875 0.9493055555555555 0.0703125 0.09583333333333334
0 0.487109375 0.6173611111111111 0.03046875 0.0875
0 0.746875 0.5048611111111111 0.021875 0.0625
0 0.746484375 0.5458333333333333 0.01953125 0.06111111111111111
0 0.820703125 0.46041666666666664 0.02265625 0.0625
0 0.591015625 0.41805555555555557 0.02265625 0.058333333333333334
0 0.726953125 0.5395833333333333 0.01484375 0.08472222222222223
0 0.698828125 0.5215277777777778 0.02421875 0.07083333333333333
0 0.67734375 0.5055555555555555 0.025 0.06666666666666667
0 0.61171875 0.5180555555555556 0.0234375 0.06666666666666667
0 0.597265625 0.5611111111111111 0.02421875 0.06944444444444445
0 0.82265625 0.40694444444444444 0.0203125 0.05
0 0.859375 0.39166666666666666 0.0203125 0.05277777777777778
0 0.734765625 0.3645833333333333 0.01796875 0.05138888888888889
0 0.918359375 0.6006944444444444 0.03671875 0.09305555555555556
1 0.566015625 0.3972222222222222 0.04609375 0.06388888888888888
1 0.56640625 0.7243055555555555 0.084375 0.13194444444444445
1 0.738671875 0.6423611111111112 0.07734375 0.12083333333333333
1 0.49609375 0.45208333333333334 0.0609375 0.08472222222222223
1 0.34609375 0.6284722222222222 0.1046875 0.1125
1 0.354296875 0.5472222222222223 0.07890625 0.09444444444444444
1 0.6890625 0.41041666666666665 0.040625 0.0625
2 0.629296875 0.40694444444444444 0.04765625 0.07777777777777778
1 0.635546875 0.4791666666666667 0.04921875 0.08055555555555556
