0 0.1734375 0.27708333333333335 0.0203125 0.07361111111111111
1 0.566015625 0.5916666666666667 0.10703125 0.17777777777777778
1 0.744140625 0.6673611111111111 0.13671875 0.17083333333333334
3 0.8796875 0.8569444444444444 0.2328125 0.2861111111111111
0 0.863671875 0.5861111111111111 0.03984375 0.10555555555555556
0 0.85390625 0.5375 0.046875 0.10555555555555556
1 0.526171875 0.39861111111111114 0.06953125 0.10277777777777777
1 0.570703125 0.25833333333333336 0.04609375 0.04722222222222222
1 0.616015625 0.2465277777777778 0.04609375 0.04027777777777778
1 0.66015625 0.26805555555555555 0.04375 0.05
1 0.69609375 0.24930555555555556 0.034375 0.04027777777777778
3 0.61484375 0.33541666666666664 0.0640625 0.12083333333333333
2 0.424609375 0.21319444444444444 0.13984375 0.09583333333333334
