0 0.499609375 0.5861111111111111 0.04765625 0.1
0 0.561328125 0.5305555555555556 0.03828125 0.10833333333333334
0 0.6828125 0.5597222222222222 0.03125 0.11666666666666667
0 0.710546875 0.5611111111111111 0.03359375 0.08888888888888889
0 0.77421875 0.5416666666666666 0.0296875 0.10833333333333334
0 0.804296875 0.5881944444444445 0.03046875 0.09027777777777778
0 0.80625 0.51875 0.01875 0.05694444444444444
0 0.855859375 0.5583333333333333 0.03203125 0.1
0 0.8671875 0.5180555555555556 0.028125 0.058333333333333334
0 0.891796875 0.46319444444444446 0.02890625 0.07083333333333333
0 0.827734375 0.4548611111111111 0.02734375 0.09305555555555556
0 0.79296875 0.4076388888888889 0.01875 0.05416666666666667
0 0.774609375 0.37083333333333335 0.01953125 0.058333333333333334
0 0.83359375 0.41597222222222224 0.03125 0.07916666666666666
0 0.651171875 0.7416666666666667 0.03046875 0.125
0 0.667578125 0.7958333333333333 0.03984375 0.14166666666666666
0 0.69453125 0.8756944444444444 0.075 0.20416666666666666
0 0.526171875 0.89375 0.05703125 0.15138888888888888
0 0.13203125 0.9451388888888889 0.090625 0.10694444444444444
2 0.203125 0.6236111111111111 0.1875 0.18055555555555555
2 0.63671875 0.6118055555555556 0.1171875 0.31805555555555554
1 0.691015625 0.39652777777777776 0.04453125 0.05138888888888889
1 0.723828125 0.45902777777777776 0.05703125 0.09861111111111111
1 0.55859375 0.39652777777777776 0.0390625 0.05694444444444444
1 0.56484375 0.45694444444444443 0.053125 0.08333333333333333
