0 0.3234375 0.32013888888888886 0.0171875 0.08472222222222223
0 0.362890625 0.3527777777777778 0.02109375 0.08888888888888889
0 0.65859375 0.34930555555555554 0.0171875 0.07916666666666666
0 0.370703125 0.24375 0.01796875 0.06805555555555555
0 0.172265625 0.5319444444444444 0.03203125 0.13055555555555556
0 0.290625 0.39305555555555555 0.021875 0.09166666666666666
0 0.7046875 0.3527777777777778 0.0203125 0.08611111111111111
0 0.685546875 0.41944444444444445 0.02265625 0.10555555555555556
0 0.417578125 0.18472222222222223 0.01171875 0.05
0 0.634765625 0.26944444444444443 0.01796875 0.07222222222222222
1 0.75 0.6965277777777777 0.1359375 0.19305555555555556
3 0.0890625 0.8069444444444445 0.178125 0.3861111111111111
3 0.525390625 0.19930555555555557 0.03359375 0.06527777777777778
0 0.27109375 0.28194444444444444 0.0125 0.06111111111111111
