0 0.360546875 0.9104166666666667 0.06328125 0.1597222222222222
0 0.62109375 0.5881944444444445 0.0328125 0.09861111111111111
0 0.862890625 0.4076388888888889 0.02109375 0.0625
0 0.55625 0.8118055555555556 0.0453125 0.14027777777777778
0 0.769921875 0.5020833333333333 0.02578125 0.0763888888888889
0 0.73828125 0.43333333333333335 0.0203125 0.06111111111111111
0 0.7234375 0.5638888888888889 0.025 0.07777777777777778
0 0.82421875 0.4409722222222222 0.0234375 0.06527777777777778
0 0.860546875 0.5354166666666667 0.02890625 0.08194444444444444
0 0.691796875 0.4201388888888889 0.01796875 0.05138888888888889
0 0.680078125 0.5326388888888889 0.02421875 0.07361111111111111
0 0.49609375 0.5986111111111111 0.034375 0.10277777777777777
0 0.73046875 0.39652777777777776 0.0171875 0.04861111111111111
0 0.73515625 0.6402777777777777 0.0328125 0.10555555555555556
0 0.709375 0.4409722222222222 0.01875 0.0625
0 0.841796875 0.63125 0.03671875 0.10694444444444444
0 0.7953125 0.4125 0.0203125 0.058333333333333334
0 0.7625 0.42083333333333334 0.0171875 0.05555555555555555
0 0.71875 0.5027777777777778 0.021875 0.06666666666666667
0 0.53984375 0.5902777777777778 0.028125 0.07777777777777778
0 0.894921875 0.5791666666666667 0.03203125 0.08333333333333333
0 0.547265625 0.6569444444444444 0.03671875 0.10555555555555556
0 0.68828125 0.4798611111111111 0.021875 0.0625
0 0.82890625 0.3763888888888889 0.01875 0.05
0 0.7703125 0.45 0.01875 0.05555555555555555
0 0.6640625 0.5986111111111111 0.03125 0.1
0 0.750390625 0.3680555555555556 0.01640625 0.044444444444444446
0 0.895703125 0.45208333333333334 0.02421875 0.06527777777777778
1 0.2359375 0.6409722222222223 0.1 0.11527777777777778
1 0.61484375 0.35347222222222224 0.03125 0.04583333333333333
1 0.605859375 0.4173611111111111 0.04296875 0.06527777777777778
1 0.531640625 0.42777777777777776 0.04453125 0.06666666666666667
1 0.68046875 0.39166666666666666 0.0296875 0.04722222222222222
2 0.673828125 0.3368055555555556 0.04296875 0.07361111111111111
