1 0.28046875 0.7131944444444445 0.1453125 0.3375
1 0.6140625 0.7104166666666667 0.1328125 0.23472222222222222
1 0.80390625 0.7958333333333333 0.1609375 0.24166666666666667
1 0.666015625 0.5 0.09140625 0.11944444444444445
1 0.534375 0.4409722222222222 0.075 0.14305555555555555
1 0.5234375 0.3423611111111111 0.0453125 0.08194444444444444
1 0.730078125 0.24027777777777778 0.05078125 0.044444444444444446
3 0.3484375 0.20625 0.1390625 0.10694444444444444
3 0.51875 0.21666666666666667 0.0875 0.075
3 0.141796875 0.20833333333333334 0.05390625 0.08611111111111111
2 0.62265625 0.3215277777777778 0.103125 0.2152777777777778
