1 0.58515625 0.6361111111111111 0.1140625 0.2111111111111111
1 0.749609375 0.7 0.13359375 0.18888888888888888
1 0.6359375 0.45416666666666666 0.0796875 0.11944444444444445
2 0.609765625 0.3236111111111111 0.05546875 0.10277777777777777
0 0.738671875 0.3840277777777778 0.02265625 0.0875
1 0.708984375 0.2513888888888889 0.04609375 0.04722222222222222
2 0.671875 0.2111111111111111 0.084375 0.08055555555555556
0 0.60859375 0.24930555555555556 0.025 0.043055555555555555
1 0.458203125 0.21944444444444444 0.06953125 0.04722222222222222
0 0.265625 0.2652777777777778 0.025 0.06666666666666667
0 0.175 0.27152777777777776 0.015625 0.05416666666666667
0 0.14609375 0.21944444444444444 0.0109375 0.03333333333333333
3 0.324609375 0.19722222222222222 0.12734375 0.1
