3 0.6609375 0.7513888888888889 0.278125 0.49722222222222223
3 0.234375 0.24513888888888888 0.078125 0.15694444444444444
3 0.478125 0.21875 0.1546875 0.09583333333333334
3 0.608984375 0.3416666666666667 0.07890625 0.16111111111111112
3 0.6 0.21944444444444444 0.0703125 0.08333333333333333
1 0.68203125 0.5055555555555555 0.1078125 0.1527777777777778
0 0.82421875 0.5291666666666667 0.040625 0.12777777777777777
0 0.36796875 0.21944444444444444 0.0296875 0.05
0 0.667578125 0.24861111111111112 0.02890625 0.044444444444444446
0 0.675 0.1909722222222222 0.0484375 0.06527777777777778
0 0.72578125 0.21597222222222223 0.090625 0.10138888888888889
