1 0.11015625 0.6006944444444444 0.134375 0.19583333333333333
1 0.823828125 0.8111111111111111 0.19140625 0.275
0 0.131640625 0.4201388888888889 0.02734375 0.10138888888888889
0 0.844921875 0.53125 0.03671875 0.12083333333333333
0 0.7671875 0.4166666666666667 0.0265625 0.08611111111111111
0 0.71171875 0.28194444444444444 0.0140625 0.058333333333333334
0 0.605078125 0.24305555555555555 0.03046875 0.05
0 0.270703125 0.2125 0.01796875 0.03611111111111111
3 0.21015625 0.2611111111111111 0.046875 0.075
3 0.705859375 0.24861111111111112 0.04453125 0.08611111111111111
3 0.59296875 0.2 0.196875 0.10833333333333334
