4 0.15234375 0.6347222222222222 0.051171875 0.1753472222222222
4 0.13828125 0.5520833333333334 0.0421875 0.10972222222222222
4 0.23515625 0.5611111111111111 0.039453125 0.0920138888888889
4 0.2078125 0.4215277777777778 0.0283203125 0.07326388888888889
5 0.366015625 0.3729166666666667 0.0625 0.12916666666666668
4 0.638671875 0.3076388888888889 0.0302734375 0.08472222222222223
4 0.723046875 0.37222222222222223 0.0291015625 0.08611111111111111
4 0.809375 0.54375 0.0498046875 0.1597222222222222
4 0.445703125 0.3729166666666667 0.02578125 0.09583333333333334
4 0.4359375 0.31805555555555554 0.018359375 0.07013888888888889
4 0.276171875 0.3215277777777778 0.021875 0.08194444444444444
4 0.30546875 0.3013888888888889 0.0189453125 0.07013888888888889
4 0.32578125 0.3326388888888889 0.0169921875 0.07395833333333333
4 0.333984375 0.24791666666666667 0.01953125 0.05555555555555555
4 0.3453125 0.28541666666666665 0.0203125 0.06388888888888888
4 0.372265625 0.27708333333333335 0.0208984375 0.07395833333333333
5 0.425390625 0.2701388888888889 0.0490234375 0.07951388888888888
6 0.23203125 0.7416666666666667 0.4046875 0.5138888888888888
