0 0.861328125 0.4201388888888889 0.01640625 0.05416666666666667
0 0.24375 0.8236111111111111 0.0609375 0.1361111111111111
0 0.7703125 0.43819444444444444 0.015625 0.04861111111111111
0 0.666796875 0.4666666666666667 0.02578125 0.06944444444444445
0 0.5796875 0.6444444444444445 0.0390625 0.1
0 0.509765625 0.8270833333333333 0.05390625 0.13472222222222222
0 0.75078125 0.4618055555555556 0.01875 0.059722222222222225
0 0.160546875 0.8111111111111111 0.06328125 0.1388888888888889
0 0.7625 0.7263888888888889 0.04375 0.11388888888888889
0 0.348046875 0.7388888888888889 0.04921875 0.12222222222222222
0 0.509375 0.6006944444444444 0.034375 0.09305555555555556
0 0.67421875 0.7111111111111111 0.04375 0.11944444444444445
0 0.4015625 0.7548611111111111 0.040625 0.11527777777777778
0 0.74296875 0.4125 0.0140625 0.044444444444444446
0 0.55859375 0.5451388888888888 0.0265625 0.0763888888888889
0 0.736328125 0.37083333333333335 0.01328125 0.041666666666666664
0 0.808984375 0.42777777777777776 0.01640625 0.05277777777777778
0 0.590625 0.5458333333333333 0.028125 0.07777777777777778
0 0.433984375 0.8118055555555556 0.04765625 0.11527777777777778
0 0.798046875 0.38958333333333334 0.01328125 0.043055555555555555
0 0.826953125 0.4027777777777778 0.01484375 0.04722222222222222
0 0.773828125 0.38333333333333336 0.01171875 0.041666666666666664
0 0.408984375 0.9229166666666667 0.06484375 0.12916666666666668
0 0.836328125 0.3638888888888889 0.01171875 0.03611111111111111
0 0.783203125 0.35347222222222224 0.01015625 0.034722222222222224
0 0.815234375 0.35208333333333336 0.01015625 0.034722222222222224
0 0.6671875 0.6451388888888889 0.0296875 0.0763888888888889
0 0.754296875 0.32222222222222224 0.01015625 0.03333333333333333
0 0.798828125 0.3506944444444444 0.01015625 0.034722222222222224
0 0.7671875 0.35208333333333336 0.0109375 0.0375
1 0.690234375 0.5708333333333333 0.10390625 0.11388888888888889
1 0.31640625 0.6194444444444445 0.103125 0.1111111111111111
1 0.5109375 0.49236111111111114 0.065625 0.08472222222222223
1 0.60390625 0.35694444444444445 0.0328125 0.05
1 0.646484375 0.36041666666666666 0.03203125 0.05138888888888889
1 0.659375 0.3159722222222222 0.0234375 0.04027777777777778
1 0.625390625 0.325 0.02421875 0.03611111111111111
1 0.69921875 0.30972222222222223 0.0171875 0.03333333333333333
