0 0.396484375 0.7638888888888888 0.04609375 0.08611111111111111
0 0.598828125 0.7048611111111112 0.04453125 0.07916666666666666
0 0.6015625 0.59375 0.03125 0.08194444444444444
0 0.639453125 0.5027777777777778 0.03046875 0.05277777777777778
0 0.662890625 0.54375 0.02578125 0.06527777777777778
0 0.705078125 0.5506944444444445 0.02578125 0.0625
0 0.701953125 0.4597222222222222 0.01796875 0.041666666666666664
0 0.66640625 0.4479166666666667 0.015625 0.04583333333333333
0 0.687109375 0.4041666666666667 0.01328125 0.03611111111111111
0 0.708984375 0.4131944444444444 0.01953125 0.05138888888888889
0 0.737890625 0.4486111111111111 0.01953125 0.030555555555555555
0 0.73046875 0.49722222222222223 0.0140625 0.06666666666666667
0 0.7765625 0.58125 0.0375 0.09305555555555556
0 0.792578125 0.46111111111111114 0.01484375 0.05277777777777778
0 0.810546875 0.46458333333333335 0.01328125 0.05694444444444444
0 0.826171875 0.49444444444444446 0.01796875 0.06666666666666667
0 0.846875 0.5368055555555555 0.034375 0.08194444444444444
0 0.774609375 0.44166666666666665 0.02421875 0.041666666666666664
0 0.753515625 0.4013888888888889 0.01796875 0.05
0 0.7796875 0.40555555555555556 0.0265625 0.041666666666666664
0 0.806640625 0.39305555555555555 0.01484375 0.030555555555555555
0 0.83828125 0.4027777777777778 0.015625 0.044444444444444446
0 0.855859375 0.4270833333333333 0.01953125 0.029166666666666667
0 0.865234375 0.4701388888888889 0.02890625 0.059722222222222225
1 0.315234375 0.6805555555555556 0.14140625 0.12777777777777777
1 0.576953125 0.39305555555555555 0.04453125 0.075
1 0.60390625 0.3451388888888889 0.021875 0.0375
1 0.635546875 0.3715277777777778 0.02421875 0.059722222222222225
1 0.63671875 0.32708333333333334 0.028125 0.043055555555555555
1 0.684375 0.3402777777777778 0.0296875 0.05
1 0.717578125 0.3597222222222222 0.03984375 0.05
