0 0.494140625 0.7291666666666666 0.04453125 0.12777777777777777
0 0.549609375 0.6576388888888889 0.03671875 0.10972222222222222
0 0.380859375 0.7555555555555555 0.05390625 0.1361111111111111
0 0.83984375 0.4270833333333333 0.015625 0.05416666666666667
0 0.839453125 0.5083333333333333 0.02734375 0.075
0 0.766796875 0.5756944444444444 0.02890625 0.09027777777777778
0 0.58125 0.60625 0.03125 0.09861111111111111
0 0.620703125 0.6423611111111112 0.03203125 0.09583333333333334
0 0.66328125 0.5986111111111111 0.0265625 0.09166666666666666
0 0.721875 0.5590277777777778 0.0296875 0.07916666666666666
0 0.53359375 0.5798611111111112 0.03125 0.09027777777777778
0 0.80546875 0.43680555555555556 0.0171875 0.05694444444444444
0 0.801171875 0.5513888888888889 0.03046875 0.08888888888888889
0 0.843359375 0.6770833333333334 0.03046875 0.12361111111111112
0 0.8609375 0.8951388888888889 0.0515625 0.15138888888888888
0 0.751171875 0.5152777777777777 0.02578125 0.075
0 0.673828125 0.5305555555555556 0.02578125 0.06666666666666667
0 0.821484375 0.4618055555555556 0.02109375 0.059722222222222225
0 0.57734375 0.5125 0.021875 0.06666666666666667
0 0.627734375 0.5194444444444445 0.02421875 0.06944444444444445
0 0.732421875 0.6138888888888889 0.03359375 0.09722222222222222
0 0.73515625 0.37222222222222223 0.0140625 0.05277777777777778
0 0.812890625 0.40347222222222223 0.01171875 0.04861111111111111
0 0.62578125 0.5597222222222222 0.015625 0.06944444444444445
0 0.6390625 0.5791666666666667 0.0234375 0.07777777777777778
0 0.844140625 0.3770833333333333 0.01171875 0.05138888888888889
0 0.77578125 0.3861111111111111 0.015625 0.05277777777777778
1 0.66484375 0.7666666666666667 0.0859375 0.16944444444444445
1 0.658203125 0.41944444444444445 0.04296875 0.06388888888888888
1 0.3609375 0.5576388888888889 0.075 0.09305555555555556
1 0.598046875 0.4513888888888889 0.04453125 0.07222222222222222
1 0.668359375 0.48194444444444445 0.05078125 0.08055555555555556
1 0.619140625 0.34930555555555554 0.03359375 0.05138888888888889
0 0.5625 0.4888888888888889 0.0171875 0.07222222222222222
0 0.7453125 0.36736111111111114 0.0109375 0.043055555555555555
0 0.7640625 0.36944444444444446 0.0125 0.04722222222222222
0 0.792578125 0.36180555555555555 0.01171875 0.043055555555555555
