0 0.475 0.6819444444444445 0.0390625 0.15555555555555556
0 0.461328125 0.5409722222222222 0.02734375 0.11805555555555555
0 0.523046875 0.5138888888888888 0.03046875 0.12222222222222222
0 0.501953125 0.42777777777777776 0.02265625 0.09166666666666666
0 0.306640625 0.5097222222222222 0.02578125 0.125
0 0.38125 0.35625 0.021875 0.07083333333333333
0 0.416796875 0.36041666666666666 0.01796875 0.08472222222222223
0 0.416796875 0.2881944444444444 0.01171875 0.05138888888888889
0 0.505859375 0.3347222222222222 0.01953125 0.06944444444444445
1 0.5 0.25972222222222224 0.0359375 0.06111111111111111
1 0.38203125 0.4951388888888889 0.08125 0.1375
