3 0.55625 0.37777777777777777 0.1234375 0.35833333333333334
3 0.82734375 0.6388888888888888 0.3453125 0.5027777777777778
3 0.703515625 0.7555555555555555 0.37265625 0.4888888888888889
3 0.32109375 0.20277777777777778 0.08125 0.08333333333333333
0 0.158984375 0.32222222222222224 0.01796875 0.06944444444444445
0 0.451953125 0.23194444444444445 0.02421875 0.041666666666666664
0 0.397265625 0.23055555555555557 0.02265625 0.044444444444444446
0 0.419921875 0.23819444444444443 0.02578125 0.034722222222222224
0 0.726171875 0.2722222222222222 0.01640625 0.044444444444444446
3 0.524609375 0.19444444444444445 0.13359375 0.08333333333333333
3 0.60546875 0.24027777777777778 0.0546875 0.12777777777777777
