0 0.733984375 0.47152777777777777 0.02265625 0.07361111111111111
0 0.794140625 0.45069444444444445 0.02890625 0.07083333333333333
0 0.86640625 0.5319444444444444 0.0171875 0.07222222222222222
0 0.803515625 0.5263888888888889 0.01796875 0.06666666666666667
0 0.83125 0.38333333333333336 0.0125 0.05
2 0.59765625 0.4097222222222222 0.05625 0.09722222222222222
0 0.78828125 0.3798611111111111 0.0140625 0.04027777777777778
0 0.828125 0.5173611111111112 0.015625 0.07361111111111111
1 0.762109375 0.5458333333333333 0.07421875 0.1
0 0.741796875 0.6305555555555555 0.02421875 0.09166666666666666
0 0.76015625 0.5472222222222223 0.075 0.09722222222222222
0 0.593359375 0.5736111111111111 0.02734375 0.10833333333333334
0 0.761328125 0.42083333333333334 0.01796875 0.058333333333333334
0 0.7828125 0.6652777777777777 0.0328125 0.1361111111111111
0 0.691796875 0.4666666666666667 0.01328125 0.06388888888888888
1 0.220703125 0.6333333333333333 0.12265625 0.1111111111111111
1 0.859375 0.6229166666666667 0.1265625 0.10138888888888889
0 0.608984375 0.6805555555555556 0.02578125 0.11666666666666667
0 0.647265625 0.5819444444444445 0.02109375 0.09722222222222222
0 0.641015625 0.7263888888888889 0.03359375 0.15
0 0.52890625 0.8145833333333333 0.040625 0.1625
0 0.247265625 0.8291666666666667 0.06015625 0.1638888888888889
0 0.680859375 0.4597222222222222 0.01328125 0.06388888888888888
1 0.825390625 0.43472222222222223 0.01953125 0.05555555555555555
0 0.6359375 0.5361111111111111 0.0171875 0.08055555555555556
2 0.516015625 0.4305555555555556 0.05859375 0.08333333333333333
