0 0.351171875 0.2513888888888889 0.01484375 0.06111111111111111
0 0.656640625 0.3590277777777778 0.03671875 0.10138888888888889
0 0.76796875 0.41180555555555554 0.0296875 0.10972222222222222
0 0.642578125 0.2423611111111111 0.01796875 0.059722222222222225
0 0.680078125 0.24166666666666667 0.01953125 0.05
0 0.607421875 0.21597222222222223 0.01796875 0.05694444444444444
0 0.619140625 0.19791666666666666 0.01484375 0.04861111111111111
0 0.588671875 0.19166666666666668 0.01171875 0.05277777777777778
1 0.638671875 0.7125 0.14296875 0.2611111111111111
1 0.382421875 0.4986111111111111 0.08359375 0.15833333333333333
1 0.32421875 0.3611111111111111 0.0765625 0.13333333333333333
1 0.39609375 0.17777777777777778 0.0546875 0.05555555555555555
1 0.39765625 0.20347222222222222 0.03125 0.05138888888888889
1 0.473046875 0.14583333333333334 0.02578125 0.03888888888888889
3 0.558984375 0.3597222222222222 0.07421875 0.22777777777777777
