4 0.237890625 0.4305555555555556 0.0546875 0.11076388888888888
4 0.275390625 0.3888888888888889 0.0369140625 0.0920138888888889
4 0.209375 0.2861111111111111 0.05 0.050347222222222224
4 0.078125 0.4048611111111111 0.0607421875 0.09826388888888889
4 0.4203125 0.28194444444444444 0.0392578125 0.07777777777777778
5 0.552734375 0.28055555555555556 0.0662109375 0.10868055555555556
4 0.821484375 0.49236111111111114 0.0353515625 0.09895833333333333
4 0.698828125 0.31319444444444444 0.02421875 0.06527777777777778
4 0.641796875 0.3 0.0302734375 0.06701388888888889
4 0.66015625 0.2881944444444444 0.0205078125 0.0625
4 0.61484375 0.27291666666666664 0.0248046875 0.06527777777777778
4 0.596875 0.28055555555555556 0.0234375 0.05590277777777778
4 0.49765625 0.27152777777777776 0.033203125 0.08055555555555556
