0 0.4578125 0.7631944444444444 0.04375 0.16805555555555557
0 0.5359375 0.5534722222222223 0.0296875 0.13194444444444445
0 0.33203125 0.4979166666666667 0.0265625 0.1125
0 0.385546875 0.47291666666666665 0.02421875 0.10138888888888889
0 0.4078125 0.3472222222222222 0.01875 0.07222222222222222
0 0.4640625 0.41805555555555557 0.0234375 0.09166666666666666
0 0.519921875 0.3736111111111111 0.02109375 0.08055555555555556
0 0.480859375 0.3388888888888889 0.01484375 0.06666666666666667
0 0.475 0.37569444444444444 0.0171875 0.07916666666666666
0 0.491015625 0.2701388888888889 0.01328125 0.05416666666666667
0 0.50234375 0.30486111111111114 0.0125 0.05416666666666667
0 0.5296875 0.2833333333333333 0.0140625 0.058333333333333334
0 0.41328125 0.28888888888888886 0.0140625 0.05277777777777778
