0 0.65078125 0.7416666666666667 0.0890625 0.1638888888888889
0 0.182421875 0.7986111111111112 0.04609375 0.20555555555555555
0 0.80625 0.6722222222222223 0.0453125 0.1527777777777778
0 0.681640625 0.5215277777777778 0.03359375 0.12916666666666668
0 0.9015625 0.9222222222222223 0.0703125 0.14722222222222223
0 0.728515625 0.5333333333333333 0.03046875 0.12777777777777777
0 0.27734375 0.45 0.05625 0.1
0 0.581640625 0.32916666666666666 0.01796875 0.09444444444444444
0 0.42734375 0.7145833333333333 0.040625 0.1625
0 0.10703125 0.4236111111111111 0.059375 0.1
0 0.533984375 0.6972222222222222 0.07734375 0.1388888888888889
0 0.317578125 0.3416666666666667 0.01953125 0.09166666666666666
0 0.614453125 0.31319444444444444 0.01640625 0.08472222222222223
0 0.859765625 0.5465277777777777 0.03515625 0.12638888888888888
0 0.181640625 0.6340277777777777 0.03515625 0.1486111111111111
0 0.556640625 0.28958333333333336 0.01953125 0.07916666666666666
0 0.965234375 0.7284722222222222 0.04453125 0.16805555555555557
0 0.807421875 0.5861111111111111 0.03515625 0.11944444444444445
0 0.356640625 0.37916666666666665 0.02421875 0.09722222222222222
0 0.7078125 0.36319444444444443 0.0265625 0.0875
0 0.4875 0.6444444444444445 0.059375 0.12777777777777777
0 0.348828125 0.2972222222222222 0.01953125 0.075
0 0.368359375 0.2423611111111111 0.01640625 0.0625
0 0.58046875 0.25763888888888886 0.0171875 0.05694444444444444
0 0.010546875 0.53125 0.02109375 0.12361111111111112
0 0.446484375 0.25555555555555554 0.01953125 0.058333333333333334
0 0.24609375 0.4097222222222222 0.0375 0.08611111111111111
1 0.3390625 0.8277777777777777 0.1109375 0.28888888888888886
1 0.472265625 0.3159722222222222 0.06796875 0.08194444444444444
1 0.401171875 0.28055555555555556 0.03671875 0.07222222222222222
2 0.5484375 0.1986111111111111 0.0609375 0.11944444444444445
2 0.441015625 0.5208333333333334 0.17421875 0.2111111111111111
3 0.165625 0.3680555555555556 0.0734375 0.11944444444444445
0 0.3390625 0.3548611111111111 0.015625 0.06805555555555555
