0 0.919921875 0.6319444444444444 0.03828125 0.1527777777777778
0 0.648828125 0.2423611111111111 0.01484375 0.04583333333333333
0 0.626171875 0.21319444444444444 0.01640625 0.05138888888888889
3 0.202734375 0.69375 0.40390625 0.6125
3 0.336328125 0.33611111111111114 0.14921875 0.15
1 0.9234375 0.8875 0.153125 0.225
3 0.67578125 0.34444444444444444 0.0890625 0.16666666666666666
1 0.56328125 0.3416666666666667 0.0578125 0.1
1 0.60625 0.2513888888888889 0.040625 0.06666666666666667
3 0.46015625 0.14166666666666666 0.0453125 0.1388888888888889
3 0.395703125 0.19305555555555556 0.03359375 0.058333333333333334
3 0.553125 0.21944444444444444 0.0421875 0.1111111111111111
