3 0.248828125 0.22013888888888888 0.06484375 0.10416666666666667
3 0.627734375 0.6541666666666667 0.24140625 0.49166666666666664
3 0.877734375 0.7798611111111111 0.24140625 0.4263888888888889
3 0.580859375 0.3173611111111111 0.09453125 0.1986111111111111
3 0.524609375 0.2923611111111111 0.04765625 0.1125
3 0.416796875 0.2111111111111111 0.07578125 0.06944444444444445
1 0.205078125 0.20694444444444443 0.02890625 0.03333333333333333
1 0.617578125 0.2777777777777778 0.04609375 0.06111111111111111
0 0.653125 0.2361111111111111 0.0234375 0.05
0 0.723828125 0.2611111111111111 0.02109375 0.05555555555555555
