3 0.259375 0.6715277777777777 0.2171875 0.6569444444444444
3 0.748046875 0.6527777777777778 0.49296875 0.6944444444444444
0 0.712109375 0.32708333333333334 0.02109375 0.07083333333333333
3 0.482421875 0.21041666666666667 0.22890625 0.11527777777777778
3 0.6828125 0.21736111111111112 0.128125 0.10138888888888889
3 0.3140625 0.25277777777777777 0.0671875 0.12777777777777777
3 0.229296875 0.1909722222222222 0.05546875 0.0763888888888889
2 0.18359375 0.19652777777777777 0.0390625 0.04583333333333333
0 0.181640625 0.2326388888888889 0.01484375 0.04027777777777778
0 0.12109375 0.2013888888888889 0.0171875 0.03611111111111111
