1 0.200390625 0.8736111111111111 0.20546875 0.25277777777777777
3 0.56015625 0.4673611111111111 0.1234375 0.29305555555555557
1 0.696484375 0.5319444444444444 0.10390625 0.15833333333333333
1 0.62578125 0.375 0.0421875 0.08888888888888889
0 0.778515625 0.43680555555555556 0.02421875 0.07916666666666666
0 0.71953125 0.33541666666666664 0.015625 0.0625
0 0.699609375 0.31875 0.01796875 0.059722222222222225
3 0.61015625 0.28541666666666665 0.0484375 0.09861111111111111
3 0.6140625 0.20625 0.0546875 0.0763888888888889
2 0.585546875 0.2569444444444444 0.04140625 0.075
1 0.471484375 0.23125 0.06484375 0.0375
1 0.2703125 0.20555555555555555 0.040625 0.03611111111111111
0 0.31875 0.21180555555555555 0.0203125 0.034722222222222224
0 0.3453125 0.2152777777777778 0.021875 0.03333333333333333
0 0.420703125 0.21736111111111112 0.01953125 0.03194444444444444
0 0.537109375 0.22916666666666666 0.02890625 0.03333333333333333
1 0.6921875 0.24375 0.0375 0.05138888888888889
1 0.64921875 0.2569444444444444 0.0359375 0.05277777777777778
1 0.9125 0.9576388888888889 0.1671875 0.08472222222222223
0 0.13828125 0.19722222222222222 0.0125 0.03611111111111111
