1 0.5640625 0.5430555555555555 0.0875 0.175
1 0.7046875 0.6013888888888889 0.1109375 0.15
1 0.615625 0.4048611111111111 0.05625 0.10416666666666667
2 0.605859375 0.30694444444444446 0.03984375 0.08888888888888889
1 0.473046875 0.2222222222222222 0.06953125 0.04722222222222222
0 0.233203125 0.26319444444444445 0.02265625 0.05138888888888889
0 0.16953125 0.28888888888888886 0.0171875 0.06111111111111111
3 0.325 0.1951388888888889 0.128125 0.09305555555555556
0 0.717578125 0.3541666666666667 0.01953125 0.06666666666666667
2 0.695703125 0.2013888888888889 0.09765625 0.07777777777777778
