0 0.60546875 0.7548611111111111 0.0484375 0.13472222222222222
0 0.42421875 0.6993055555555555 0.046875 0.12361111111111112
0 0.51171875 0.7256944444444444 0.0453125 0.12638888888888888
0 0.34921875 0.8 0.0578125 0.14444444444444443
0 0.65859375 0.4777777777777778 0.028125 0.07222222222222222
0 0.67421875 0.5729166666666666 0.0328125 0.09027777777777778
0 0.775 0.5472222222222223 0.0328125 0.08333333333333333
0 0.653125 0.7034722222222223 0.0421875 0.11527777777777778
0 0.835546875 0.47708333333333336 0.02109375 0.059722222222222225
0 0.759375 0.49027777777777776 0.0234375 0.058333333333333334
0 0.70390625 0.45069444444444445 0.021875 0.05416666666666667
0 0.81953125 0.46597222222222223 0.0171875 0.06527777777777778
0 0.77578125 0.38263888888888886 0.01875 0.04583333333333333
0 0.719921875 0.48680555555555555 0.02109375 0.06805555555555555
0 0.728125 0.575 0.0203125 0.08333333333333333
0 0.883984375 0.4236111111111111 0.02578125 0.06111111111111111
0 0.7703125 0.46041666666666664 0.01875 0.05416666666666667
0 0.85390625 0.41180555555555554 0.0203125 0.05694444444444444
0 0.56015625 0.7527777777777778 0.046875 0.13055555555555556
0 0.4859375 0.675 0.040625 0.11388888888888889
0 0.789453125 0.43472222222222223 0.01640625 0.05555555555555555
0 0.732421875 0.44027777777777777 0.01640625 0.05555555555555555
0 0.758203125 0.43472222222222223 0.01484375 0.05277777777777778
0 0.819140625 0.40902777777777777 0.01484375 0.04861111111111111
0 0.432421875 0.9354166666666667 0.07109375 0.10416666666666667
0 0.8015625 0.35555555555555557 0.015625 0.04722222222222222
0 0.751953125 0.35625 0.01640625 0.043055555555555555
1 0.455078125 0.5208333333333334 0.06953125 0.08888888888888889
1 0.518359375 0.45069444444444445 0.05234375 0.07083333333333333
1 0.048046875 0.7680555555555556 0.08828125 0.1361111111111111
1 0.72734375 0.41458333333333336 0.034375 0.05138888888888889
1 0.62578125 0.33194444444444443 0.021875 0.04722222222222222
0 0.80703125 0.4284722222222222 0.0171875 0.06527777777777778
