0 0.292578125 0.43819444444444444 0.03203125 0.10972222222222222
0 0.75703125 0.4131944444444444 0.03125 0.0875
0 0.714453125 0.3548611111111111 0.02109375 0.0763888888888889
3 0.58046875 0.4340277777777778 0.1421875 0.41805555555555557
3 0.550390625 0.24166666666666667 0.07734375 0.15
3 0.3625 0.20069444444444445 0.140625 0.10416666666666667
3 0.66640625 0.20902777777777778 0.09375 0.08472222222222223
3 0.17734375 0.18333333333333332 0.0375 0.08333333333333333
3 0.25703125 0.19583333333333333 0.0578125 0.06111111111111111
1 0.66328125 0.2590277777777778 0.040625 0.05138888888888889
1 0.6921875 0.24722222222222223 0.0390625 0.041666666666666664
0 0.724609375 0.2625 0.01640625 0.041666666666666664
