0 0.247265625 0.4041666666666667 0.02578125 0.11388888888888889
0 0.663671875 0.6111111111111112 0.04765625 0.15833333333333333
0 0.893359375 0.8381944444444445 0.07421875 0.20972222222222223
0 0.901953125 0.68125 0.06015625 0.15416666666666667
0 0.7609375 0.38125 0.0265625 0.08472222222222223
0 0.680859375 0.36736111111111114 0.02734375 0.09027777777777778
0 0.56796875 0.2791666666666667 0.028125 0.07222222222222222
0 0.6796875 0.26319444444444445 0.01875 0.06805555555555555
0 0.63671875 0.2013888888888889 0.0171875 0.05
0 0.353125 0.20902777777777778 0.021875 0.05138888888888889
3 0.359765625 0.5104166666666666 0.21015625 0.6013888888888889
3 0.501953125 0.1423611111111111 0.05703125 0.0763888888888889
1 0.444921875 0.19583333333333333 0.02734375 0.03888888888888889
