1 0.64375 0.2652777777777778 0.040625 0.041666666666666664
1 0.60703125 0.24930555555555556 0.0328125 0.03194444444444444
1 0.655078125 0.22708333333333333 0.03828125 0.034722222222222224
1 0.6984375 0.22430555555555556 0.0390625 0.04027777777777778
1 0.725 0.22847222222222222 0.0359375 0.04027777777777778
3 0.13828125 0.5368055555555555 0.1984375 0.39305555555555555
3 0.6234375 0.5868055555555556 0.1640625 0.3347222222222222
3 0.23359375 0.18958333333333333 0.090625 0.08472222222222223
3 0.098046875 0.21458333333333332 0.05859375 0.0875
3 0.172265625 0.19930555555555557 0.03671875 0.06527777777777778
2 0.619921875 0.31527777777777777 0.05234375 0.09166666666666666
2 0.47421875 0.22083333333333333 0.04375 0.044444444444444446
