4 0.13359375 0.5541666666666667 0.0404296875 0.14965277777777777
4 0.07578125 0.3923611111111111 0.0779296875 0.07361111111111111
5 0.225 0.5513888888888889 0.140625 0.23680555555555555
5 0.345703125 0.6416666666666667 0.14921875 0.3003472222222222
5 0.438671875 0.32430555555555557 0.0587890625 0.10729166666666666
5 0.584375 0.46319444444444446 0.0923828125 0.159375
5 0.344921875 0.3819444444444444 0.0666015625 0.10902777777777778
4 0.312890625 0.29583333333333334 0.01953125 0.06944444444444445
4 0.2640625 0.3854166666666667 0.0298828125 0.1125
4 0.341015625 0.3055555555555556 0.015625 0.04756944444444444
5 0.407421875 0.2638888888888889 0.04296875 0.06701388888888889
4 0.360546875 0.27847222222222223 0.0177734375 0.060069444444444446
4 0.383203125 0.24097222222222223 0.01640625 0.04861111111111111
