0 0.396484375 0.2798611111111111 0.01484375 0.07361111111111111
0 0.817578125 0.6680555555555555 0.04296875 0.18055555555555555
0 0.7609375 0.44930555555555557 0.025 0.10416666666666667
0 0.67421875 0.34930555555555554 0.01875 0.07916666666666666
0 0.296484375 0.30069444444444443 0.01328125 0.0625
0 0.43125 0.16944444444444445 0.0125 0.05
0 0.736328125 0.4756944444444444 0.02578125 0.10416666666666667
0 0.362890625 0.26944444444444443 0.01484375 0.06111111111111111
0 0.387109375 0.2125 0.01328125 0.06111111111111111
0 0.347265625 0.3076388888888889 0.01796875 0.06805555555555555
0 0.580078125 0.18472222222222223 0.01015625 0.04722222222222222
3 0.246484375 0.5111111111111111 0.14609375 0.30277777777777776
3 0.532421875 0.22291666666666668 0.03515625 0.059722222222222225
0 0.294921875 0.2548611111111111 0.01640625 0.02638888888888889
0 0.18203125 0.46875 0.015625 0.10416666666666667
