0 0.627734375 0.8395833333333333 0.04140625 0.14027777777777778
0 0.44765625 0.9215277777777777 0.0546875 0.13194444444444445
0 0.627734375 0.53125 0.02890625 0.08472222222222223
0 0.55 0.6743055555555556 0.0375 0.1125
0 0.762109375 0.8666666666666667 0.04765625 0.15
0 0.6609375 0.7833333333333333 0.0375 0.13333333333333333
0 0.816796875 0.6569444444444444 0.03203125 0.09444444444444444
0 0.6890625 0.5319444444444444 0.0265625 0.075
0 0.620703125 0.6465277777777778 0.03359375 0.10694444444444444
0 0.58828125 0.5722222222222222 0.0296875 0.09444444444444444
0 0.48515625 0.6861111111111111 0.0390625 0.11944444444444445
0 0.861328125 0.8965277777777778 0.04765625 0.15138888888888888
0 0.769140625 0.45 0.02265625 0.058333333333333334
0 0.84453125 0.4777777777777778 0.025 0.07222222222222222
0 0.814453125 0.7979166666666667 0.03984375 0.12916666666666668
0 0.680859375 0.6472222222222223 0.03046875 0.09444444444444444
0 0.716015625 0.7986111111111112 0.04140625 0.13333333333333333
0 0.758984375 0.7118055555555556 0.03671875 0.10972222222222222
0 0.76015625 0.48125 0.025 0.07083333333333333
0 0.79765625 0.5909722222222222 0.03125 0.09027777777777778
0 0.80546875 0.48819444444444443 0.025 0.07083333333333333
0 0.823828125 0.4534722222222222 0.01953125 0.05694444444444444
0 0.755078125 0.38472222222222224 0.01953125 0.05555555555555555
0 0.541796875 0.5534722222222223 0.02265625 0.0875
0 0.72109375 0.41875 0.0203125 0.05416666666666667
0 0.665234375 0.6756944444444445 0.03203125 0.09861111111111111
0 0.5578125 0.5708333333333333 0.028125 0.08611111111111111
0 0.041796875 0.9388888888888889 0.06953125 0.11388888888888889
0 0.815234375 0.42569444444444443 0.01640625 0.04861111111111111
0 0.884375 0.3902777777777778 0.025 0.05555555555555555
1 0.697265625 0.45902777777777776 0.04296875 0.06805555555555555
1 0.597265625 0.4326388888888889 0.04296875 0.05694444444444444
