7 0.62734375 0.25763888888888886 0.0501953125 0.06944444444444445
5 0.62421875 0.9222222222222223 0.1578125 0.1527777777777778
5 0.573828125 0.6645833333333333 0.125 0.2361111111111111
5 0.523828125 0.33958333333333335 0.053125 0.07118055555555555
5 0.570703125 0.31180555555555556 0.0431640625 0.07048611111111111
5 0.576953125 0.26180555555555557 0.0328125 0.042708333333333334
5 0.719140625 0.2326388888888889 0.0400390625 0.04548611111111111
4 0.146875 0.42986111111111114 0.0345703125 0.10138888888888889
4 0.715625 0.36319444444444443 0.0205078125 0.04861111111111111
6 0.71328125 0.5652777777777778 0.1283203125 0.23368055555555556
4 0.221484375 0.2923611111111111 0.02421875 0.07326388888888889
