0 0.394921875 0.28125 0.01484375 0.06805555555555555
0 0.23671875 0.5597222222222222 0.0359375 0.1527777777777778
0 0.228515625 0.43194444444444446 0.02578125 0.10833333333333334
0 0.303125 0.4048611111111111 0.0234375 0.09861111111111111
0 0.276171875 0.3784722222222222 0.01953125 0.09027777777777778
0 0.3328125 0.3215277777777778 0.015625 0.07361111111111111
0 0.01875 0.8222222222222222 0.0375 0.16944444444444445
0 0.583984375 0.22569444444444445 0.01328125 0.0625
0 0.308984375 0.29791666666666666 0.01640625 0.07083333333333333
0 0.35859375 0.2902777777777778 0.0203125 0.05555555555555555
0 0.615234375 0.225 0.01171875 0.058333333333333334
0 0.402734375 0.20694444444444443 0.01328125 0.04722222222222222
0 0.36953125 0.23680555555555555 0.0109375 0.043055555555555555
0 0.434765625 0.21180555555555555 0.02109375 0.05416666666666667
