0 0.6359375 0.28125 0.0203125 0.07361111111111111
0 0.518359375 0.17291666666666666 0.01484375 0.05416666666666667
0 0.613671875 0.2 0.01484375 0.05555555555555555
0 0.58671875 0.18333333333333332 0.015625 0.05
0 0.666796875 0.22847222222222222 0.01484375 0.05138888888888889
0 0.673046875 0.2798611111111111 0.01953125 0.06805555555555555
0 0.03046875 0.7673611111111112 0.0609375 0.19027777777777777
0 0.4171875 0.18472222222222223 0.01875 0.05555555555555555
1 0.56484375 0.3416666666666667 0.059375 0.09722222222222222
1 0.54921875 0.17083333333333334 0.0265625 0.05
3 0.5625 0.2548611111111111 0.05625 0.09583333333333334
