1 0.2953125 0.21319444444444444 0.053125 0.034722222222222224
3 0.632421875 0.2326388888888889 0.10078125 0.10694444444444444
3 0.198828125 0.1875 0.03984375 0.08055555555555556
0 0.15703125 0.32708333333333334 0.0203125 0.06527777777777778
0 0.122265625 0.25069444444444444 0.01640625 0.04027777777777778
0 0.213671875 0.23472222222222222 0.01328125 0.03611111111111111
0 0.23671875 0.2326388888888889 0.0203125 0.04027777777777778
0 0.2546875 0.2152777777777778 0.0140625 0.025
3 0.425 0.20972222222222223 0.215625 0.12222222222222222
0 0.809375 0.4479166666666667 0.0203125 0.08194444444444444
