0 0.894921875 0.9083333333333333 0.06328125 0.17777777777777778
0 0.728515625 0.7409722222222223 0.05390625 0.18194444444444444
0 0.337890625 0.46597222222222223 0.02265625 0.12638888888888888
0 0.70546875 0.5493055555555556 0.0265625 0.13194444444444445
0 0.121875 0.7020833333333333 0.0390625 0.18194444444444444
0 0.300390625 0.5458333333333333 0.03046875 0.13055555555555556
0 0.744140625 0.51875 0.03203125 0.11805555555555555
0 0.901953125 0.7256944444444444 0.06171875 0.13472222222222222
0 0.612890625 0.35208333333333336 0.02265625 0.0763888888888889
0 0.76171875 0.6180555555555556 0.0328125 0.14444444444444443
0 0.872265625 0.6180555555555556 0.03828125 0.12777777777777777
0 0.13515625 0.6034722222222222 0.0328125 0.14583333333333334
0 0.687890625 0.4666666666666667 0.03046875 0.10833333333333334
0 0.49453125 0.7423611111111111 0.05 0.19583333333333333
0 0.67421875 0.3770833333333333 0.0265625 0.0875
0 0.383203125 0.39652777777777776 0.02265625 0.09861111111111111
0 0.325 0.3701388888888889 0.028125 0.0875
0 0.824609375 0.6604166666666667 0.03828125 0.13472222222222222
0 0.644140625 0.3388888888888889 0.01640625 0.08611111111111111
0 0.539453125 0.2798611111111111 0.02109375 0.06527777777777778
0 0.30703125 0.35694444444444445 0.03125 0.08611111111111111
0 0.3703125 0.2548611111111111 0.0125 0.06527777777777778
0 0.347265625 0.4083333333333333 0.01953125 0.10277777777777777
0 0.335546875 0.30416666666666664 0.01640625 0.058333333333333334
0 0.948828125 0.8798611111111111 0.06640625 0.17083333333333334
0 0.587890625 0.32430555555555557 0.02265625 0.0875
0 0.406640625 0.3645833333333333 0.01953125 0.09305555555555556
0 0.825 0.7722222222222223 0.0484375 0.15833333333333333
0 0.35546875 0.32569444444444445 0.021875 0.0763888888888889
1 0.434375 0.4375 0.05625 0.13055555555555556
1 0.23671875 0.3972222222222222 0.115625 0.1111111111111111
1 0.37109375 0.8020833333333334 0.1390625 0.3402777777777778
3 0.457421875 0.31875 0.03984375 0.1125
1 0.4 0.30972222222222223 0.034375 0.06944444444444445
3 0.61328125 0.5166666666666667 0.1109375 0.25833333333333336
3 0.5203125 0.225 0.0375 0.10833333333333334
0 0.321484375 0.28402777777777777 0.01796875 0.0625
