0 0.121484375 0.9291666666666667 0.06484375 0.14166666666666666
0 0.47734375 0.9340277777777778 0.071875 0.13194444444444445
0 0.34140625 0.4486111111111111 0.0203125 0.09166666666666666
0 0.4765625 0.45625 0.0203125 0.10416666666666667
0 0.52890625 0.49236111111111114 0.0234375 0.11527777777777778
0 0.408984375 0.37083333333333335 0.01953125 0.08055555555555556
0 0.49375 0.3736111111111111 0.0171875 0.08333333333333333
0 0.433203125 0.2708333333333333 0.01171875 0.04722222222222222
0 0.42109375 0.2923611111111111 0.0125 0.05416666666666667
0 0.454296875 0.2604166666666667 0.01171875 0.05138888888888889
0 0.494140625 0.2833333333333333 0.01640625 0.06111111111111111
0 0.529296875 0.32430555555555557 0.01796875 0.0625
0 0.516015625 0.30486111111111114 0.01171875 0.05694444444444444
0 0.512109375 0.25555555555555554 0.01328125 0.04722222222222222
1 0.474609375 0.22916666666666666 0.02890625 0.05
