3 0.1796875 0.43680555555555556 0.1328125 0.2875
3 0.33828125 0.3638888888888889 0.090625 0.18055555555555555
3 0.58125 0.4583333333333333 0.134375 0.3472222222222222
3 0.608203125 0.26805555555555555 0.04296875 0.08333333333333333
3 0.48671875 0.20555555555555555 0.0921875 0.06944444444444445
3 0.7453125 0.6423611111111112 0.1265625 0.17916666666666667
1 0.290234375 0.22013888888888888 0.04921875 0.0375
1 0.675390625 0.2361111111111111 0.04140625 0.03611111111111111
1 0.673828125 0.26666666666666666 0.05078125 0.041666666666666664
0 0.383984375 0.22152777777777777 0.02890625 0.043055555555555555
0 0.47265625 0.2361111111111111 0.03125 0.03611111111111111
0 0.5265625 0.24861111111111112 0.0265625 0.044444444444444446
