0 0.324609375 0.9201388888888888 0.06640625 0.14583333333333334
0 0.835546875 0.7159722222222222 0.03359375 0.11805555555555555
0 0.86953125 0.675 0.025 0.09166666666666666
0 0.220703125 0.9354166666666667 0.06640625 0.1125
0 0.85546875 0.8881944444444444 0.0421875 0.1597222222222222
0 0.800390625 0.5194444444444445 0.02578125 0.075
0 0.47578125 0.6034722222222222 0.028125 0.08472222222222223
0 0.708203125 0.5472222222222223 0.02265625 0.08055555555555556
0 0.780078125 0.7743055555555556 0.03515625 0.13194444444444445
0 0.6984375 0.8270833333333333 0.0453125 0.14305555555555555
0 0.599609375 0.5333333333333333 0.01953125 0.05277777777777778
0 0.773046875 0.6006944444444444 0.02578125 0.09583333333333334
0 0.360546875 0.73125 0.05703125 0.14027777777777778
0 0.724609375 0.6138888888888889 0.01953125 0.08888888888888889
0 0.479296875 0.6763888888888889 0.04140625 0.11388888888888889
0 0.885546875 0.7590277777777777 0.04296875 0.13194444444444445
0 0.7546875 0.5020833333333333 0.025 0.07361111111111111
0 0.878125 0.5166666666666667 0.01875 0.08055555555555556
0 0.84296875 0.6013888888888889 0.0203125 0.08055555555555556
0 0.8296875 0.5743055555555555 0.021875 0.0875
0 0.728515625 0.5201388888888889 0.01484375 0.06805555555555555
0 0.56796875 0.6326388888888889 0.034375 0.0875
0 0.785546875 0.4798611111111111 0.01796875 0.0625
0 0.6734375 0.50625 0.01875 0.059722222222222225
0 0.71875 0.47638888888888886 0.0140625 0.05555555555555555
0 0.885546875 0.43333333333333335 0.01484375 0.06388888888888888
0 0.828125 0.4930555555555556 0.015625 0.06944444444444445
0 0.6375 0.44722222222222224 0.0109375 0.04722222222222222
0 0.671484375 0.45 0.02109375 0.06111111111111111
0 0.80625 0.45069444444444445 0.0234375 0.0625
0 0.854296875 0.5020833333333333 0.02421875 0.06805555555555555
0 0.853125 0.5611111111111111 0.025 0.08055555555555556
0 0.760546875 0.45069444444444445 0.02109375 0.06527777777777778
0 0.61640625 0.4798611111111111 0.015625 0.05694444444444444
0 0.859375 0.4576388888888889 0.0140625 0.04861111111111111
0 0.77265625 0.5194444444444445 0.0140625 0.06388888888888888
0 0.63203125 0.4826388888888889 0.0171875 0.05694444444444444
0 0.63359375 0.5409722222222222 0.028125 0.0763888888888889
0 0.841015625 0.5048611111111111 0.02265625 0.0625
0 0.83046875 0.45208333333333334 0.021875 0.06527777777777778
0 0.68984375 0.5048611111111111 0.021875 0.07083333333333333
1 0.575390625 0.7284722222222222 0.08984375 0.15416666666666667
1 0.17421875 0.6604166666666667 0.134375 0.1375
1 0.612890625 0.5993055555555555 0.06171875 0.11805555555555555
1 0.598828125 0.425 0.04609375 0.06111111111111111
1 0.730078125 0.42430555555555555 0.04609375 0.059722222222222225
1 0.0265625 0.8951388888888889 0.0515625 0.1763888888888889
0 0.60234375 0.4951388888888889 0.01875 0.034722222222222224
0 0.62421875 0.4263888888888889 0.0109375 0.04722222222222222
0 0.8609375 0.42430555555555555 0.0140625 0.04861111111111111
