4 0.817578125 0.4909722222222222 0.0296875 0.09861111111111111
5 0.5890625 0.6854166666666667 0.130859375 0.24583333333333332
5 0.832421875 0.8236111111111111 0.22109375 0.3385416666666667
5 0.539453125 0.43819444444444444 0.06640625 0.11527777777777778
5 0.66484375 0.49236111111111114 0.0982421875 0.15416666666666667
6 0.6265625 0.24305555555555555 0.0685546875 0.09444444444444444
6 0.5328125 0.2791666666666667 0.0673828125 0.13576388888888888
7 0.626171875 0.3388888888888889 0.0740234375 0.1440972222222222
7 0.69765625 0.23055555555555557 0.0607421875 0.07152777777777777
4 0.701171875 0.2916666666666667 0.0162109375 0.0642361111111111
