1 0.611328125 0.35347222222222224 0.05859375 0.10138888888888889
1 0.643359375 0.42430555555555555 0.07421875 0.07916666666666666
1 0.82265625 0.6861111111111111 0.08125 0.16111111111111112
1 0.711328125 0.23333333333333334 0.03828125 0.03611111111111111
3 0.235546875 0.19166666666666668 0.05546875 0.075
3 0.53046875 0.29791666666666666 0.078125 0.2263888888888889
0 0.427734375 0.31319444444444444 0.02109375 0.05694444444444444
0 0.368359375 0.23055555555555557 0.02578125 0.03333333333333333
0 0.93984375 0.6534722222222222 0.053125 0.13194444444444445
3 0.518359375 0.2 0.22578125 0.10277777777777777
2 0.60625 0.28680555555555554 0.0421875 0.0875
2 0.744140625 0.7201388888888889 0.44765625 0.5597222222222222
