0 0.6125 0.7402777777777778 0.03125 0.11944444444444445
0 0.611328125 0.50625 0.02421875 0.07361111111111111
0 0.776171875 0.46319444444444446 0.02109375 0.0625
0 0.51875 0.5222222222222223 0.025 0.075
0 0.46484375 0.6465277777777778 0.034375 0.1125
0 0.38046875 0.7520833333333333 0.0453125 0.14027777777777778
0 0.752734375 0.5784722222222223 0.02578125 0.07361111111111111
0 0.692578125 0.5743055555555555 0.02578125 0.08472222222222223
0 0.73828125 0.6409722222222223 0.0296875 0.09305555555555556
0 0.813671875 0.4791666666666667 0.02109375 0.06111111111111111
0 0.6640625 0.63125 0.0296875 0.10694444444444444
0 0.5796875 0.6604166666666667 0.034375 0.11527777777777778
0 0.760546875 0.4465277777777778 0.02109375 0.0625
0 0.721875 0.55625 0.0234375 0.0763888888888889
0 0.55 0.5916666666666667 0.0265625 0.09166666666666666
0 0.735546875 0.5180555555555556 0.02421875 0.06666666666666667
0 0.6734375 0.5486111111111112 0.025 0.07777777777777778
0 0.669140625 0.42569444444444443 0.02265625 0.059722222222222225
0 0.742578125 0.39444444444444443 0.01796875 0.05
0 0.76171875 0.39375 0.0171875 0.04861111111111111
0 0.846875 0.5611111111111111 0.034375 0.08333333333333333
0 0.70390625 0.40625 0.021875 0.059722222222222225
0 0.79140625 0.39305555555555555 0.0171875 0.05
0 0.870703125 0.5625 0.03671875 0.08055555555555556
0 0.56875 0.5618055555555556 0.021875 0.0763888888888889
0 0.821875 0.43333333333333335 0.01875 0.05
0 0.83203125 0.5319444444444444 0.0234375 0.06944444444444445
0 0.837890625 0.4534722222222222 0.02109375 0.05416666666666667
0 0.73828125 0.46597222222222223 0.0203125 0.05416666666666667
0 0.837890625 0.4930555555555556 0.01953125 0.05555555555555555
0 0.78203125 0.4236111111111111 0.0171875 0.05277777777777778
2 0.5953125 0.38125 0.05625 0.07916666666666666
