0 0.2984375 0.90625 0.0625 0.15416666666666667
0 0.644921875 0.7805555555555556 0.03828125 0.12222222222222222
0 0.830078125 0.7298611111111111 0.03359375 0.1125
0 0.3859375 0.7430555555555556 0.0453125 0.11944444444444445
0 0.813671875 0.47152777777777777 0.01484375 0.05694444444444444
0 0.634765625 0.6569444444444444 0.03046875 0.10555555555555556
0 0.854296875 0.44722222222222224 0.02421875 0.06944444444444445
0 0.75234375 0.5993055555555555 0.028125 0.08472222222222223
0 0.73515625 0.4597222222222222 0.021875 0.06666666666666667
0 0.579296875 0.6555555555555556 0.03515625 0.1
0 0.711328125 0.4326388888888889 0.01796875 0.059722222222222225
0 0.691796875 0.66875 0.02890625 0.10138888888888889
0 0.480859375 0.6416666666666667 0.03671875 0.10277777777777777
0 0.814453125 0.8631944444444445 0.03359375 0.1375
0 0.596875 0.6166666666666667 0.028125 0.08333333333333333
0 0.795703125 0.49444444444444446 0.01171875 0.058333333333333334
0 0.758984375 0.45625 0.01796875 0.059722222222222225
0 0.777734375 0.5076388888888889 0.01640625 0.06805555555555555
0 0.7625 0.6680555555555555 0.03125 0.10555555555555556
0 0.680078125 0.6006944444444444 0.02890625 0.0875
0 0.73046875 0.41805555555555557 0.0171875 0.05277777777777778
0 0.87109375 0.41041666666666665 0.0171875 0.05694444444444444
0 0.707421875 0.3958333333333333 0.01640625 0.044444444444444446
0 0.85390625 0.39444444444444443 0.0171875 0.05277777777777778
0 0.746484375 0.36875 0.01484375 0.043055555555555555
1 0.323046875 0.5722222222222222 0.09140625 0.10555555555555556
1 0.596484375 0.5333333333333333 0.05859375 0.08055555555555556
1 0.6203125 0.4097222222222222 0.0390625 0.06111111111111111
1 0.575 0.4465277777777778 0.0453125 0.0625
1 0.6265625 0.3284722222222222 0.0265625 0.043055555555555555
1 0.574609375 0.38125 0.03984375 0.0625
1 0.574609375 0.9451388888888889 0.10390625 0.10138888888888889
2 0.574609375 0.38125 0.03984375 0.0625
