0 0.35546875 0.9076388888888889 0.0640625 0.15416666666666667
0 0.61328125 0.5472222222222223 0.028125 0.08888888888888889
0 0.7765625 0.44722222222222224 0.0234375 0.06388888888888888
0 0.698828125 0.7805555555555556 0.04453125 0.14166666666666666
0 0.692578125 0.54375 0.02734375 0.07916666666666666
0 0.68359375 0.41875 0.0203125 0.05416666666666667
0 0.63515625 0.5791666666666667 0.0296875 0.09166666666666666
0 0.55859375 0.5993055555555555 0.0375 0.10416666666666667
0 0.830078125 0.4409722222222222 0.01796875 0.059722222222222225
0 0.7046875 0.43333333333333335 0.0203125 0.05277777777777778
0 0.669921875 0.4423611111111111 0.01796875 0.05138888888888889
0 0.703125 0.47847222222222224 0.01875 0.05694444444444444
0 0.6703125 0.5055555555555555 0.0234375 0.07222222222222222
0 0.7265625 0.49166666666666664 0.025 0.06944444444444445
0 0.723828125 0.4083333333333333 0.01796875 0.05
0 0.43984375 0.95 0.0546875 0.09444444444444444
0 0.83984375 0.4173611111111111 0.0140625 0.04861111111111111
0 0.753125 0.41597222222222224 0.0171875 0.059722222222222225
0 0.73828125 0.4548611111111111 0.0203125 0.0625
0 0.885546875 0.3909722222222222 0.02421875 0.05694444444444444
0 0.796875 0.40694444444444444 0.0203125 0.05277777777777778
0 0.846875 0.38125 0.0171875 0.04583333333333333
0 0.69765625 0.40555555555555556 0.01875 0.04722222222222222
0 0.82109375 0.38263888888888886 0.015625 0.043055555555555555
0 0.534375 0.9493055555555555 0.0515625 0.06805555555555555
0 0.73515625 0.3784722222222222 0.0109375 0.043055555555555555
0 0.766796875 0.37083333333333335 0.01328125 0.05
1 0.1359375 0.6847222222222222 0.1546875 0.1388888888888889
1 0.613671875 0.3576388888888889 0.03203125 0.04027777777777778
1 0.51640625 0.4479166666666667 0.0546875 0.0763888888888889
1 0.61015625 0.40694444444444444 0.0390625 0.058333333333333334
1 0.575390625 0.3902777777777778 0.03828125 0.058333333333333334
1 0.66171875 0.36180555555555555 0.0328125 0.04861111111111111
1 0.645703125 0.3277777777777778 0.02265625 0.03888888888888889
