1 0.276953125 0.21180555555555555 0.05546875 0.05416666666666667
1 0.518359375 0.32708333333333334 0.04296875 0.0875
1 0.660546875 0.2652777777777778 0.04609375 0.044444444444444446
1 0.701171875 0.24513888888888888 0.03828125 0.04583333333333333
1 0.735546875 0.23402777777777778 0.03359375 0.034722222222222224
1 0.909375 0.9715277777777778 0.1734375 0.05694444444444444
2 0.746875 0.5861111111111111 0.1296875 0.26666666666666666
3 0.620703125 0.6861111111111111 0.24921875 0.6166666666666667
0 0.713671875 0.35 0.01953125 0.07222222222222222
2 0.637109375 0.37083333333333335 0.10078125 0.19166666666666668
2 0.541015625 0.26944444444444443 0.04921875 0.06111111111111111
0 0.385546875 0.22777777777777777 0.02734375 0.044444444444444446
1 0.530859375 0.21736111111111112 0.05234375 0.04027777777777778
