0 0.31875 0.33541666666666664 0.0296875 0.08194444444444444
1 0.54921875 0.325 0.0484375 0.08611111111111111
1 0.6265625 0.38125 0.0609375 0.10694444444444444
0 0.712890625 0.3284722222222222 0.01953125 0.06527777777777778
0 0.699609375 0.29444444444444445 0.01953125 0.05555555555555555
2 0.612890625 0.26458333333333334 0.05859375 0.11805555555555555
2 0.5296875 0.21597222222222223 0.1046875 0.09305555555555556
0 0.4671875 0.24791666666666667 0.025 0.05138888888888889
0 0.27578125 0.20833333333333334 0.0171875 0.05
0 0.8953125 0.6208333333333333 0.040625 0.13055555555555556
3 0.705859375 0.8638888888888889 0.33046875 0.2722222222222222
1 0.67109375 0.23055555555555557 0.046875 0.04722222222222222
