0 0.3171875 0.5069444444444444 0.025 0.12222222222222222
0 0.52734375 0.6881944444444444 0.034375 0.1597222222222222
0 0.476953125 0.40208333333333335 0.01953125 0.09305555555555556
0 0.507421875 0.38055555555555554 0.02109375 0.09444444444444444
0 0.4078125 0.3173611111111111 0.015625 0.07083333333333333
0 0.421484375 0.29305555555555557 0.01328125 0.058333333333333334
0 0.506640625 0.2916666666666667 0.01484375 0.05555555555555555
0 0.5359375 0.2659722222222222 0.0140625 0.05138888888888889
0 0.446875 0.24097222222222223 0.0109375 0.04583333333333333
0 0.499609375 0.25 0.01328125 0.044444444444444446
