0 0.116796875 0.8784722222222222 0.09453125 0.15416666666666667
0 0.1921875 0.9347222222222222 0.0671875 0.12777777777777777
0 0.284765625 0.9319444444444445 0.06328125 0.1361111111111111
0 0.40234375 0.8666666666666667 0.05625 0.15555555555555556
0 0.414453125 0.7513888888888889 0.04921875 0.125
0 0.480859375 0.7 0.02890625 0.11666666666666667
0 0.4859375 0.625 0.0328125 0.06388888888888888
0 0.51015625 0.8388888888888889 0.0609375 0.14166666666666666
0 0.5984375 0.8506944444444444 0.0515625 0.14027777777777778
0 0.7859375 0.8090277777777778 0.053125 0.12916666666666668
0 0.684765625 0.6520833333333333 0.02890625 0.09583333333333334
0 0.638671875 0.5881944444444445 0.04296875 0.12083333333333333
0 0.6 0.625 0.028125 0.08333333333333333
0 0.5734375 0.6986111111111111 0.0515625 0.1
0 0.5390625 0.6527777777777778 0.04375 0.07777777777777778
0 0.5453125 0.5784722222222223 0.0734375 0.10972222222222222
1 0.466015625 0.49722222222222223 0.06484375 0.08611111111111111
1 0.535546875 0.4388888888888889 0.05234375 0.08611111111111111
1 0.56484375 0.3993055555555556 0.05 0.0763888888888889
1 0.587890625 0.4708333333333333 0.05546875 0.1
1 0.6734375 0.46805555555555556 0.046875 0.07222222222222222
1 0.6671875 0.7694444444444445 0.1078125 0.16111111111111112
0 0.783984375 0.5166666666666667 0.03203125 0.08888888888888889
0 0.80625 0.5972222222222222 0.0296875 0.09166666666666666
0 0.829296875 0.575 0.02109375 0.06388888888888888
0 0.8578125 0.54375 0.0359375 0.11527777777777778
0 0.82578125 0.5222222222222223 0.0296875 0.06944444444444445
0 0.719140625 0.42569444444444443 0.03671875 0.059722222222222225
