0 0.654296875 0.5090277777777777 0.02734375 0.0763888888888889
0 0.277734375 0.7722222222222223 0.05859375 0.14722222222222223
0 0.83203125 0.5055555555555555 0.025 0.06666666666666667
0 0.747265625 0.5326388888888889 0.02734375 0.07361111111111111
0 0.61328125 0.5729166666666666 0.0296875 0.09027777777777778
0 0.58203125 0.5055555555555555 0.025 0.06944444444444445
0 0.729296875 0.39444444444444443 0.01953125 0.05
0 0.621875 0.46875 0.025 0.07083333333333333
0 0.681640625 0.6597222222222222 0.03828125 0.10555555555555556
0 0.58671875 0.5631944444444444 0.028125 0.09027777777777778
0 0.7671875 0.47638888888888886 0.021875 0.06111111111111111
0 0.636328125 0.4444444444444444 0.02109375 0.06111111111111111
0 0.66484375 0.43194444444444446 0.0234375 0.058333333333333334
0 0.808984375 0.4597222222222222 0.02265625 0.06111111111111111
0 0.68828125 0.4125 0.01875 0.05
0 0.70390625 0.4777777777777778 0.0140625 0.06666666666666667
0 0.668359375 0.6194444444444445 0.03046875 0.08611111111111111
0 0.78359375 0.46041666666666664 0.0203125 0.059722222222222225
0 0.8484375 0.5625 0.0359375 0.08611111111111111
0 0.7078125 0.40902777777777777 0.01875 0.05138888888888889
0 0.8625 0.50625 0.0234375 0.0625
0 0.78359375 0.40694444444444444 0.0171875 0.04722222222222222
0 0.736328125 0.5013888888888889 0.01953125 0.058333333333333334
0 0.85546875 0.47638888888888886 0.021875 0.06111111111111111
0 0.744140625 0.45069444444444445 0.02109375 0.05416666666666667
0 0.746484375 0.38263888888888886 0.01640625 0.043055555555555555
0 0.836328125 0.43680555555555556 0.01328125 0.04583333333333333
0 0.75234375 0.4111111111111111 0.0171875 0.04722222222222222
0 0.818359375 0.4111111111111111 0.01640625 0.04722222222222222
0 0.837890625 0.39305555555555555 0.01640625 0.041666666666666664
1 0.355859375 0.5763888888888888 0.08515625 0.10833333333333334
1 0.08125 0.7388888888888889 0.15625 0.15
1 0.5984375 0.3770833333333333 0.0375 0.05416666666666667
1 0.478125 0.47708333333333336 0.0546875 0.07361111111111111
1 0.501953125 0.5166666666666667 0.05703125 0.07777777777777778
1 0.66640625 0.3486111111111111 0.0296875 0.044444444444444446
1 0.700390625 0.3277777777777778 0.03046875 0.044444444444444446
0 0.696875 0.4583333333333333 0.0140625 0.06666666666666667
