3 0.13359375 0.5138888888888888 0.1546875 0.31666666666666665
3 0.29375 0.25972222222222224 0.075 0.16111111111111112
3 0.233984375 0.22152777777777777 0.05234375 0.10694444444444444
3 0.161328125 0.17569444444444443 0.05390625 0.07361111111111111
0 0.716796875 0.34444444444444444 0.02421875 0.06666666666666667
0 0.70390625 0.2833333333333333 0.0171875 0.05
0 0.72109375 0.2659722222222222 0.0203125 0.04861111111111111
1 0.66171875 0.4625 0.084375 0.13055555555555556
1 0.53125 0.3215277777777778 0.05 0.0875
1 0.203515625 0.31666666666666665 0.04921875 0.07777777777777778
