3 0.187890625 0.48333333333333334 0.23515625 0.4777777777777778
3 0.546875 0.39375 0.0953125 0.1986111111111111
3 0.68359375 0.2326388888888889 0.1 0.08472222222222223
1 0.608984375 0.3277777777777778 0.03984375 0.08611111111111111
3 0.140625 0.16875 0.0640625 0.08472222222222223
3 0.549609375 0.23402777777777778 0.08671875 0.12083333333333333
3 0.658203125 0.20555555555555555 0.08203125 0.1111111111111111
0 0.45 0.24791666666666667 0.0265625 0.04583333333333333
0 0.354296875 0.21805555555555556 0.02421875 0.03888888888888889
0 0.709375 0.2902777777777778 0.015625 0.06111111111111111
0 0.47421875 0.22152777777777777 0.0265625 0.04583333333333333
0 0.434375 0.22083333333333333 0.0203125 0.03888888888888889
