1 0.3953125 0.21458333333333332 0.046875 0.05694444444444444
0 0.342578125 0.2361111111111111 0.02109375 0.06666666666666667
0 0.540234375 0.40555555555555556 0.04453125 0.10555555555555556
0 0.6875 0.3451388888888889 0.025 0.09583333333333334
0 0.56640625 0.3090277777777778 0.0328125 0.0763888888888889
0 0.52734375 0.28958333333333336 0.01875 0.08194444444444444
0 0.645703125 0.28680555555555554 0.03203125 0.0625
3 0.463671875 0.1763888888888889 0.05546875 0.09444444444444444
3 0.530859375 0.22430555555555556 0.03359375 0.0763888888888889
0 0.58828125 0.1701388888888889 0.0125 0.04583333333333333
2 0.649609375 0.20694444444444443 0.03671875 0.06388888888888888
