3 0.194140625 0.5673611111111111 0.19609375 0.46805555555555556
3 0.28515625 0.3034722222222222 0.071875 0.1986111111111111
3 0.60078125 0.26875 0.046875 0.09027777777777778
3 0.75390625 0.6826388888888889 0.4921875 0.6347222222222222
3 0.20625 0.2465277777777778 0.0859375 0.10416666666666667
1 0.60234375 0.3326388888888889 0.059375 0.06805555555555555
1 0.680859375 0.23472222222222222 0.03828125 0.044444444444444446
0 0.134765625 0.2590277777777778 0.02109375 0.05416666666666667
0 0.330078125 0.21875 0.02265625 0.04027777777777778
0 0.3984375 0.23194444444444445 0.025 0.03611111111111111
0 0.447265625 0.22291666666666668 0.02578125 0.04027777777777778
0 0.532421875 0.22777777777777777 0.02890625 0.041666666666666664
0 0.566796875 0.23333333333333334 0.02421875 0.04722222222222222
0 0.701953125 0.29791666666666666 0.02421875 0.0625
