0 0.160546875 0.46319444444444446 0.06015625 0.10416666666666667
0 0.434375 0.4895833333333333 0.0421875 0.10694444444444444
0 0.4625 0.4375 0.0390625 0.08888888888888889
0 0.602734375 0.25972222222222224 0.01640625 0.06388888888888888
0 0.523828125 0.38125 0.04609375 0.06805555555555555
0 0.28359375 0.4618055555555556 0.059375 0.10416666666666667
0 0.3296875 0.4486111111111111 0.0578125 0.09166666666666666
1 0.150390625 0.8819444444444444 0.18359375 0.2361111111111111
1 0.88203125 0.4777777777777778 0.153125 0.10277777777777777
1 0.6375 0.35208333333333336 0.06875 0.07916666666666666
1 0.345703125 0.5569444444444445 0.18671875 0.12777777777777777
3 0.487890625 0.31319444444444444 0.14296875 0.14027777777777778
3 0.306640625 0.3840277777777778 0.13203125 0.20694444444444443
3 0.52578125 0.20416666666666666 0.046875 0.09722222222222222
0 0.401953125 0.31875 0.01953125 0.06805555555555555
