0 0.105078125 0.6145833333333334 0.04453125 0.14583333333333334
0 0.71484375 0.3125 0.0234375 0.07777777777777778
0 0.340625 0.2534722222222222 0.0203125 0.06805555555555555
0 0.541796875 0.47638888888888886 0.03046875 0.1
0 0.940625 0.7006944444444444 0.0515625 0.17083333333333334
0 0.228515625 0.3798611111111111 0.02890625 0.08472222222222223
1 0.25234375 0.4895833333333333 0.1359375 0.2513888888888889
1 0.456640625 0.1701388888888889 0.02890625 0.04861111111111111
2 0.659765625 0.5479166666666667 0.10234375 0.1875
3 0.65859375 0.31805555555555554 0.071875 0.18888888888888888
3 0.42734375 0.35 0.0734375 0.2111111111111111
3 0.561328125 0.33194444444444443 0.08203125 0.20833333333333334
