3 0.630859375 0.7298611111111111 0.24609375 0.5402777777777777
2 0.8453125 0.7604166666666666 0.196875 0.3763888888888889
0 0.794140625 0.4673611111111111 0.03046875 0.10138888888888889
0 0.315625 0.22291666666666668 0.028125 0.043055555555555555
0 0.4171875 0.22708333333333333 0.0328125 0.0375
1 0.44375 0.21666666666666667 0.059375 0.05277777777777778
1 0.521875 0.36666666666666664 0.05625 0.11666666666666667
2 0.662109375 0.4173611111111111 0.11796875 0.23194444444444445
1 0.5921875 0.3416666666666667 0.0359375 0.07777777777777778
2 0.528125 0.27847222222222223 0.046875 0.07083333333333333
1 0.61640625 0.2826388888888889 0.0453125 0.0375
1 0.67265625 0.25277777777777777 0.04375 0.05
1 0.585546875 0.26666666666666666 0.03984375 0.04722222222222222
3 0.5609375 0.2152777777777778 0.0828125 0.06944444444444445
1 0.629296875 0.2465277777777778 0.03671875 0.05138888888888889
1 0.714453125 0.23680555555555555 0.03671875 0.0375
