0 0.551171875 0.8951388888888889 0.04765625 0.1986111111111111
0 0.11328125 0.76875 0.0515625 0.19305555555555556
0 0.15078125 0.4111111111111111 0.0625 0.1
0 0.27421875 0.4263888888888889 0.053125 0.1
0 0.349609375 0.45069444444444445 0.06171875 0.10416666666666667
0 0.28359375 0.34305555555555556 0.0296875 0.08888888888888889
0 0.9078125 0.725 0.071875 0.1527777777777778
0 0.491796875 0.6173611111111111 0.03515625 0.1486111111111111
0 0.39296875 0.21666666666666667 0.015625 0.06388888888888888
0 0.43046875 0.39791666666666664 0.0296875 0.09027777777777778
0 0.925 0.88125 0.08125 0.15416666666666667
0 0.324609375 0.33958333333333335 0.02421875 0.08194444444444444
0 0.454296875 0.4965277777777778 0.03359375 0.11805555555555555
0 0.344921875 0.28402777777777777 0.02109375 0.06527777777777778
0 0.955859375 0.7277777777777777 0.05703125 0.1527777777777778
0 0.416796875 0.2 0.01171875 0.058333333333333334
1 0.644140625 0.7951388888888888 0.20546875 0.25416666666666665
1 0.39375 0.6736111111111112 0.0984375 0.23055555555555557
1 0.36015625 0.35555555555555557 0.0546875 0.08333333333333333
2 0.74765625 0.49583333333333335 0.21875 0.37222222222222223
3 0.55390625 0.23194444444444445 0.0546875 0.09444444444444444
3 0.454296875 0.1986111111111111 0.03515625 0.08611111111111111
3 0.508984375 0.17152777777777778 0.03203125 0.07916666666666666
