4 0.971484375 0.63125 0.0484375 0.15694444444444444
5 0.61171875 0.8125 0.1560546875 0.3079861111111111
5 0.55078125 0.4798611111111111 0.0783203125 0.140625
5 0.36796875 0.21458333333333332 0.0580078125 0.05381944444444445
5 0.611328125 0.29375 0.04140625 0.07083333333333333
5 0.53125 0.35138888888888886 0.0548828125 0.08576388888888889
6 0.72265625 0.50625 0.1734375 0.32916666666666666
6 0.64140625 0.2388888888888889 0.0671875 0.08402777777777778
6 0.525 0.29305555555555557 0.0533203125 0.06666666666666667
6 0.611328125 0.29375 0.04375 0.075
