0 0.032421875 0.5666666666666667 0.04140625 0.15833333333333333
0 0.429296875 0.29930555555555555 0.02265625 0.06527777777777778
0 0.15 0.24444444444444444 0.0140625 0.05277777777777778
0 0.10859375 0.22083333333333333 0.025 0.05
0 0.96328125 0.6486111111111111 0.05 0.14166666666666666
0 0.75625 0.4361111111111111 0.025 0.08888888888888889
0 0.70859375 0.3090277777777778 0.0171875 0.06805555555555555
1 0.541015625 0.39305555555555555 0.05703125 0.09722222222222222
1 0.598828125 0.3145833333333333 0.04140625 0.07083333333333333
1 0.668359375 0.26180555555555557 0.03828125 0.043055555555555555
1 0.616015625 0.24861111111111112 0.04609375 0.044444444444444446
1 0.70546875 0.24722222222222223 0.0328125 0.03611111111111111
1 0.745703125 0.23541666666666666 0.04453125 0.0375
3 0.21484375 0.20347222222222222 0.06875 0.10416666666666667
3 0.55390625 0.25416666666666665 0.0671875 0.08333333333333333
3 0.751953125 0.6604166666666667 0.17734375 0.32083333333333336
