0 0.590234375 0.40902777777777777 0.02734375 0.10138888888888889
0 0.078515625 0.6833333333333333 0.05078125 0.15555555555555556
0 0.637890625 0.6027777777777777 0.04140625 0.14722222222222223
0 0.89375 0.5055555555555555 0.071875 0.1
0 0.39140625 0.49166666666666664 0.025 0.13055555555555556
0 0.173828125 0.5736111111111111 0.03828125 0.13333333333333333
0 0.79296875 0.7819444444444444 0.0453125 0.18055555555555555
0 0.46640625 0.4361111111111111 0.021875 0.10277777777777777
0 0.27109375 0.7006944444444444 0.04375 0.15694444444444444
0 0.44609375 0.53125 0.0234375 0.13194444444444445
0 0.237890625 0.36875 0.03671875 0.09305555555555556
0 0.726953125 0.76875 0.03828125 0.18472222222222223
0 0.373046875 0.6715277777777777 0.03515625 0.1597222222222222
0 0.312109375 0.5902777777777778 0.03359375 0.15
0 0.341015625 0.5090277777777777 0.02421875 0.12083333333333333
0 0.81328125 0.5638888888888889 0.0390625 0.125
0 0.31796875 0.4361111111111111 0.025 0.10555555555555556
0 0.734375 0.5479166666666667 0.0296875 0.12083333333333333
0 0.4546875 0.37083333333333335 0.021875 0.08055555555555556
0 0.28359375 0.4222222222222222 0.0234375 0.10555555555555556
0 0.918359375 0.9215277777777777 0.08203125 0.15416666666666667
0 0.4265625 0.4513888888888889 0.0203125 0.1111111111111111
0 0.17734375 0.7055555555555556 0.0390625 0.15833333333333333
0 0.30078125 0.49375 0.021875 0.12361111111111112
0 0.983203125 0.8652777777777778 0.03359375 0.14444444444444443
0 0.816015625 0.7277777777777777 0.04140625 0.16944444444444445
0 0.158984375 0.3701388888888889 0.05546875 0.09305555555555556
0 0.56875 0.2076388888888889 0.015625 0.04583333333333333
0 0.737890625 0.6590277777777778 0.03828125 0.1375
0 0.916796875 0.825 0.06953125 0.1527777777777778
1 0.371875 0.38125 0.0484375 0.10694444444444444
3 0.469140625 0.2548611111111111 0.03671875 0.07083333333333333
0 0.41015625 0.3375 0.015625 0.06388888888888888
0 0.414453125 0.40555555555555556 0.01640625 0.06944444444444445
0 0.404296875 0.42430555555555555 0.01328125 0.07361111111111111
0 0.31328125 0.37083333333333335 0.0140625 0.06111111111111111
0 0.28203125 0.37569444444444444 0.0203125 0.07083333333333333
0 0.294140625 0.3506944444444444 0.01640625 0.06527777777777778
