0 0.144140625 0.7430555555555556 0.04453125 0.18888888888888888
0 0.83671875 0.7840277777777778 0.0421875 0.1736111111111111
0 0.03984375 0.8375 0.046875 0.20277777777777778
0 0.948828125 0.8826388888888889 0.05859375 0.18194444444444444
0 0.729296875 0.4638888888888889 0.02421875 0.10833333333333334
0 0.2359375 0.46111111111111114 0.0296875 0.11666666666666667
0 0.573828125 0.8805555555555555 0.04140625 0.18055555555555555
0 0.33984375 0.4083333333333333 0.0234375 0.10555555555555556
0 0.821484375 0.6416666666666667 0.03515625 0.1388888888888889
0 0.2984375 0.34097222222222223 0.0265625 0.08472222222222223
0 0.769921875 0.5465277777777777 0.03203125 0.11805555555555555
0 0.22265625 0.8111111111111111 0.0390625 0.18888888888888888
0 0.137890625 0.9090277777777778 0.04765625 0.17083333333333334
0 0.228125 0.6333333333333333 0.0296875 0.15555555555555556
0 0.75546875 0.6486111111111111 0.0359375 0.14166666666666666
0 0.666015625 0.4375 0.02421875 0.10277777777777777
0 0.28671875 0.6041666666666666 0.03125 0.14722222222222223
0 0.9 0.7145833333333333 0.0609375 0.14305555555555555
0 0.221875 0.3701388888888889 0.0390625 0.0875
0 0.19296875 0.5625 0.034375 0.13055555555555556
0 0.3296875 0.3548611111111111 0.0265625 0.0875
0 0.69296875 0.5673611111111111 0.0265625 0.13472222222222222
0 0.721875 0.37083333333333335 0.021875 0.08611111111111111
0 0.28203125 0.45208333333333334 0.0296875 0.10694444444444444
0 0.73671875 0.5715277777777777 0.028125 0.11805555555555555
0 0.262890625 0.5215277777777778 0.02578125 0.11527777777777778
0 0.559765625 0.2951388888888889 0.02890625 0.07083333333333333
1 0.434765625 0.49166666666666664 0.06796875 0.1638888888888889
1 0.737890625 0.8270833333333333 0.12578125 0.2569444444444444
1 0.574609375 0.7041666666666667 0.09453125 0.19444444444444445
1 0.5125 0.19930555555555557 0.0296875 0.0625
1 0.38515625 0.3076388888888889 0.04375 0.09583333333333334
1 0.46484375 0.21041666666666667 0.0265625 0.06805555555555555
3 0.378125 0.78125 0.1859375 0.4375
3 0.603515625 0.40694444444444444 0.08828125 0.20555555555555555
3 0.455859375 0.29930555555555555 0.04453125 0.10694444444444444
0 0.690234375 0.3458333333333333 0.01953125 0.06666666666666667
0 0.67109375 0.3472222222222222 0.0203125 0.06388888888888888
0 0.63828125 0.31527777777777777 0.0171875 0.05277777777777778
0 0.88125 0.6340277777777777 0.0375 0.10694444444444444
