0 0.402734375 0.7854166666666667 0.06015625 0.19305555555555556
0 0.909765625 0.7284722222222222 0.05703125 0.15694444444444444
0 0.2921875 0.37916666666666665 0.03125 0.09444444444444444
0 0.56640625 0.3958333333333333 0.0203125 0.09722222222222222
0 0.9484375 0.8527777777777777 0.0640625 0.15833333333333333
0 0.58203125 0.3090277777777778 0.01875 0.07916666666666666
0 0.622265625 0.4222222222222222 0.02421875 0.09722222222222222
0 0.48125 0.6423611111111112 0.03125 0.15416666666666667
0 0.03515625 0.6013888888888889 0.046875 0.13333333333333333
0 0.336328125 0.40555555555555556 0.01953125 0.09444444444444444
0 0.713671875 0.3993055555555556 0.02421875 0.09861111111111111
0 0.67265625 0.4777777777777778 0.0265625 0.12222222222222222
0 0.596875 0.4625 0.0203125 0.1111111111111111
0 0.626953125 0.3138888888888889 0.02265625 0.06944444444444445
0 0.315625 0.4479166666666667 0.03125 0.10416666666666667
0 0.673828125 0.33541666666666664 0.02109375 0.07916666666666666
0 0.316796875 0.30069444444444443 0.01953125 0.07361111111111111
0 0.4875 0.3 0.0203125 0.075
0 0.82421875 0.5076388888888889 0.0671875 0.10694444444444444
0 0.565234375 0.24166666666666667 0.01640625 0.05555555555555555
0 0.605859375 0.2722222222222222 0.01640625 0.06666666666666667
0 0.361328125 0.3236111111111111 0.02109375 0.075
1 0.174609375 0.4097222222222222 0.11640625 0.08888888888888889
1 0.40859375 0.34444444444444444 0.0734375 0.08055555555555556
1 0.535546875 0.2972222222222222 0.04140625 0.08055555555555556
1 0.448046875 0.29375 0.03984375 0.08472222222222223
1 0.761328125 0.7840277777777778 0.17109375 0.2652777777777778
3 0.395703125 0.24166666666666667 0.03359375 0.09444444444444444
3 0.462109375 0.21388888888888888 0.02734375 0.07777777777777778
1 0.31796875 0.5590277777777778 0.1609375 0.17083333333333334
0 0.321484375 0.36666666666666664 0.01328125 0.08611111111111111
