0 0.315234375 0.4930555555555556 0.06015625 0.10833333333333334
0 0.87109375 0.5604166666666667 0.065625 0.10972222222222222
0 0.4375 0.3819444444444444 0.0421875 0.08611111111111111
0 0.012109375 0.43819444444444444 0.02421875 0.09583333333333334
0 0.311328125 0.29791666666666666 0.01484375 0.06805555555555555
0 0.41875 0.2916666666666667 0.015625 0.058333333333333334
0 0.519140625 0.22708333333333333 0.02734375 0.05138888888888889
1 0.5125 0.37916666666666665 0.0765625 0.09444444444444444
1 0.58671875 0.30625 0.0375 0.07361111111111111
1 0.5640625 0.2388888888888889 0.0328125 0.06944444444444445
1 0.194140625 0.46041666666666664 0.16953125 0.12638888888888888
