0 0.3625 0.8659722222222223 0.0609375 0.1597222222222222
0 0.8078125 0.49166666666666664 0.0234375 0.06388888888888888
0 0.2203125 0.8986111111111111 0.0703125 0.15833333333333333
0 0.565625 0.7125 0.0390625 0.10833333333333334
0 0.83671875 0.45069444444444445 0.025 0.06527777777777778
0 0.511328125 0.6986111111111111 0.04140625 0.12222222222222222
0 0.684375 0.6756944444444445 0.0375 0.10972222222222222
0 0.462109375 0.7583333333333333 0.04609375 0.13055555555555556
0 0.822265625 0.5590277777777778 0.02890625 0.0875
0 0.73671875 0.5638888888888889 0.0296875 0.08055555555555556
0 0.689453125 0.6034722222222222 0.03046875 0.08194444444444444
0 0.84453125 0.7673611111111112 0.04375 0.14305555555555555
0 0.44296875 0.6604166666666667 0.0421875 0.10694444444444444
0 0.72890625 0.39444444444444443 0.0125 0.04722222222222222
0 0.78671875 0.47638888888888886 0.0234375 0.06666666666666667
0 0.7859375 0.6055555555555555 0.034375 0.1
0 0.614453125 0.6479166666666667 0.03671875 0.10972222222222222
0 0.5046875 0.5618055555555556 0.0296875 0.0875
0 0.728515625 0.6416666666666667 0.03359375 0.10277777777777777
0 0.810546875 0.4284722222222222 0.01796875 0.05416666666666667
0 0.63359375 0.5652777777777778 0.03125 0.08611111111111111
0 0.84140625 0.3958333333333333 0.0203125 0.05555555555555555
0 0.766015625 0.39861111111111114 0.01484375 0.04722222222222222
0 0.575390625 0.5694444444444444 0.02265625 0.07777777777777778
0 0.548828125 0.6590277777777778 0.02421875 0.09861111111111111
0 0.51328125 0.51875 0.0296875 0.07916666666666666
1 0.676953125 0.8534722222222222 0.10234375 0.19027777777777777
1 0.173828125 0.6729166666666667 0.12734375 0.12361111111111112
1 0.649609375 0.45069444444444445 0.04765625 0.0763888888888889
1 0.659375 0.5298611111111111 0.0546875 0.08472222222222223
1 0.58359375 0.4909722222222222 0.053125 0.08194444444444444
1 0.59921875 0.3770833333333333 0.040625 0.059722222222222225
0 0.560546875 0.6034722222222222 0.02578125 0.08194444444444444
0 0.779296875 0.39166666666666666 0.01328125 0.05277777777777778
0 0.796484375 0.39166666666666666 0.01484375 0.05277777777777778
1 0.73671875 0.3798611111111111 0.0125 0.04583333333333333
1 0.688671875 0.35138888888888886 0.03046875 0.03888888888888889
1 0.660546875 0.3284722222222222 0.02421875 0.0375
0 0.81171875 0.3680555555555556 0.0140625 0.044444444444444446
