7 0.4484375 0.2111111111111111 0.1357421875 0.12291666666666666
7 0.574609375 0.1951388888888889 0.134375 0.09305555555555556
7 0.536328125 0.3472222222222222 0.0724609375 0.16145833333333334
7 0.291015625 0.24305555555555555 0.065625 0.08333333333333333
5 0.59296875 0.6236111111111111 0.1203125 0.22013888888888888
5 0.621484375 0.3993055555555556 0.0662109375 0.090625
5 0.691796875 0.2569444444444444 0.0525390625 0.05520833333333333
7 0.909765625 0.86875 0.17890625 0.25972222222222224
4 0.69765625 0.31527777777777777 0.0142578125 0.05
6 0.605859375 0.2777777777777778 0.06015625 0.15833333333333333
