0 0.105859375 0.48194444444444445 0.03359375 0.125
0 0.771875 0.40902777777777777 0.040625 0.08194444444444444
0 0.71015625 0.36944444444444446 0.01875 0.07777777777777778
0 0.62421875 0.25833333333333336 0.025 0.05277777777777778
0 0.6125 0.27847222222222223 0.0296875 0.04027777777777778
0 0.41484375 0.22152777777777777 0.0203125 0.04861111111111111
0 0.2484375 0.19652777777777777 0.01875 0.03194444444444444
0 0.533984375 0.21805555555555556 0.02265625 0.044444444444444446
1 0.494921875 0.2298611111111111 0.05859375 0.04583333333333333
1 0.53828125 0.42083333333333334 0.0640625 0.12222222222222222
1 0.524609375 0.3173611111111111 0.05234375 0.09305555555555556
2 0.622265625 0.3527777777777778 0.06328125 0.11944444444444445
3 0.69609375 0.8923611111111112 0.2796875 0.2152777777777778
2 0.80625 0.7243055555555555 0.20625 0.3402777777777778
1 0.5734375 0.26180555555555557 0.05 0.05694444444444444
1 0.66015625 0.2590277777777778 0.0484375 0.05416666666666667
