4 0.70390625 0.2791666666666667 0.01875 0.05520833333333333
5 0.76875 0.7541666666666667 0.1826171875 0.2833333333333333
5 0.659375 0.2534722222222222 0.04375 0.051041666666666666
5 0.57890625 0.6125 0.105078125 0.22256944444444443
5 0.612109375 0.9034722222222222 0.18515625 0.19027777777777777
5 0.5265625 0.3784722222222222 0.0560546875 0.1111111111111111
5 0.60234375 0.32430555555555557 0.0453125 0.060069444444444446
5 0.612890625 0.27291666666666664 0.04140625 0.04583333333333333
5 0.64296875 0.45902777777777776 0.0919921875 0.15104166666666666
5 0.619140625 0.3784722222222222 0.0509765625 0.07326388888888889
6 0.44609375 0.21458333333333332 0.1392578125 0.115625
7 0.636328125 0.225 0.0546875 0.07222222222222222
