0 0.303125 0.3548611111111111 0.0375 0.1125
0 0.525 0.3451388888888889 0.0296875 0.09583333333333334
0 0.578515625 0.3763888888888889 0.03359375 0.10277777777777777
0 0.8296875 0.5583333333333333 0.04375 0.1388888888888889
0 0.631640625 0.26875 0.01953125 0.08194444444444444
0 0.683203125 0.2659722222222222 0.02734375 0.0763888888888889
0 0.6546875 0.21319444444444444 0.0140625 0.043055555555555555
3 0.213671875 0.7770833333333333 0.40078125 0.44583333333333336
3 0.80859375 0.7125 0.15625 0.26944444444444443
3 0.545703125 0.20972222222222223 0.06328125 0.1361111111111111
