1 0.54296875 0.4465277777777778 0.0796875 0.11805555555555555
1 0.66328125 0.49375 0.0875 0.12361111111111112
1 0.5984375 0.33125 0.040625 0.0763888888888889
1 0.637890625 0.2638888888888889 0.04453125 0.04722222222222222
1 0.7265625 0.23333333333333334 0.0359375 0.044444444444444446
3 0.3609375 0.20902777777777778 0.146875 0.09583333333333334
3 0.627734375 0.2152777777777778 0.07734375 0.07222222222222222
0 0.173046875 0.29583333333333334 0.02109375 0.06666666666666667
0 0.471875 0.30069444444444443 0.021875 0.0625
2 0.556640625 0.2361111111111111 0.06796875 0.11944444444444445
