4 0.173828125 0.30833333333333335 0.0255859375 0.071875
4 0.703515625 0.28055555555555556 0.0162109375 0.05590277777777778
5 0.846484375 0.8666666666666667 0.22734375 0.2638888888888889
5 0.629296875 0.8881944444444444 0.16328125 0.22083333333333333
5 0.571484375 0.6125 0.0962890625 0.18645833333333334
5 0.6515625 0.48680555555555555 0.090234375 0.1375
5 0.665625 0.25069444444444444 0.0453125 0.05416666666666667
5 0.523828125 0.35138888888888886 0.0578125 0.08680555555555555
5 0.549609375 0.2833333333333333 0.03671875 0.05277777777777778
5 0.5890625 0.3486111111111111 0.0486328125 0.07430555555555556
5 0.621484375 0.26805555555555555 0.0453125 0.058680555555555555
5 0.594140625 0.2965277777777778 0.0443359375 0.06493055555555556
6 0.7125 0.20972222222222223 0.071484375 0.071875
7 0.394140625 0.19791666666666666 0.1087890625 0.08888888888888889
