0 0.253515625 0.78125 0.04140625 0.19027777777777777
0 0.173828125 0.7972222222222223 0.04921875 0.18611111111111112
0 0.32265625 0.65625 0.0265625 0.15694444444444444
0 0.34453125 0.5229166666666667 0.0296875 0.12638888888888888
0 0.45 0.4777777777777778 0.021875 0.09444444444444444
0 0.4578125 0.7125 0.0296875 0.16111111111111112
0 0.44140625 0.5861111111111111 0.028125 0.09166666666666666
0 0.518359375 0.5520833333333334 0.03515625 0.1375
0 0.53828125 0.4527777777777778 0.0171875 0.08611111111111111
0 0.484765625 0.4166666666666667 0.01953125 0.08611111111111111
0 0.521484375 0.37777777777777777 0.02109375 0.08055555555555556
0 0.53046875 0.2881944444444444 0.0140625 0.05416666666666667
0 0.5 0.3111111111111111 0.0171875 0.05555555555555555
0 0.498046875 0.3736111111111111 0.01796875 0.06666666666666667
