1 0.25234375 0.8458333333333333 0.1625 0.30833333333333335
0 0.2734375 0.6430555555555556 0.0328125 0.10833333333333334
0 0.127734375 0.9319444444444445 0.05078125 0.1361111111111111
0 0.456640625 0.9270833333333334 0.04140625 0.14583333333333334
0 0.475390625 0.7423611111111111 0.04609375 0.17083333333333334
0 0.330078125 0.4895833333333333 0.02734375 0.09305555555555556
0 0.36796875 0.37569444444444444 0.015625 0.07916666666666666
0 0.396484375 0.37430555555555556 0.01953125 0.0875
0 0.486328125 0.4576388888888889 0.02265625 0.10138888888888889
0 0.533984375 0.5819444444444445 0.03515625 0.14166666666666666
0 0.465625 0.60625 0.0359375 0.10138888888888889
0 0.5140625 0.3138888888888889 0.015625 0.06666666666666667
0 0.533984375 0.3013888888888889 0.01328125 0.06111111111111111
