0 0.8921875 0.9090277777777778 0.0578125 0.16527777777777777
0 0.423828125 0.8777777777777778 0.05390625 0.18611111111111112
0 0.261328125 0.5618055555555556 0.03203125 0.13472222222222222
0 0.253515625 0.7152777777777778 0.04140625 0.17222222222222222
0 0.174609375 0.47847222222222224 0.03203125 0.10416666666666667
0 0.752734375 0.5027777777777778 0.02890625 0.11666666666666667
0 0.348828125 0.6166666666666667 0.05234375 0.1361111111111111
0 0.72421875 0.5881944444444445 0.0359375 0.12638888888888888
0 0.16875 0.37777777777777777 0.053125 0.08888888888888889
0 0.79375 0.5465277777777777 0.0296875 0.12083333333333333
0 0.68046875 0.39652777777777776 0.03125 0.09861111111111111
0 0.23515625 0.36944444444444446 0.0421875 0.08888888888888889
0 0.6984375 0.35625 0.028125 0.09305555555555556
0 0.014453125 0.3798611111111111 0.02890625 0.0875
0 0.309765625 0.38125 0.02109375 0.09861111111111111
0 0.290234375 0.3423611111111111 0.02734375 0.07916666666666666
0 0.9859375 0.9375 0.025 0.12222222222222222
0 0.416015625 0.26666666666666666 0.02109375 0.07222222222222222
1 0.6375 0.3506944444444444 0.059375 0.09305555555555556
1 0.3546875 0.33819444444444446 0.0421875 0.08472222222222223
1 0.461328125 0.23958333333333334 0.03203125 0.0763888888888889
1 0.449609375 0.30972222222222223 0.03828125 0.10555555555555556
1 0.541015625 0.2965277777777778 0.05703125 0.11805555555555555
2 0.405078125 0.19652777777777777 0.04609375 0.10694444444444444
3 0.572265625 0.4666666666666667 0.10546875 0.24166666666666667
3 0.541015625 0.2965277777777778 0.05703125 0.11805555555555555
3 0.442578125 0.42430555555555555 0.06796875 0.16527777777777777
3 0.45703125 0.175 0.028125 0.06666666666666667
1 0.396484375 0.2951388888888889 0.03359375 0.0625
