0 0.652734375 0.9055555555555556 0.04921875 0.13333333333333333
0 0.6203125 0.6034722222222222 0.03125 0.09305555555555556
0 0.384375 0.8701388888888889 0.0578125 0.14305555555555555
0 0.62890625 0.45 0.0234375 0.06111111111111111
0 0.714453125 0.4263888888888889 0.02265625 0.058333333333333334
0 0.486328125 0.9201388888888888 0.06015625 0.13194444444444445
0 0.8015625 0.5055555555555555 0.0265625 0.07222222222222222
0 0.340625 0.8145833333333333 0.05 0.14027777777777778
0 0.81796875 0.45 0.0234375 0.058333333333333334
0 0.723046875 0.5493055555555556 0.02578125 0.07361111111111111
0 0.571484375 0.6895833333333333 0.03984375 0.1125
0 0.766796875 0.5354166666666667 0.02578125 0.07361111111111111
0 0.68359375 0.6277777777777778 0.034375 0.09722222222222222
0 0.8328125 0.4041666666666667 0.021875 0.05277777777777778
0 0.766015625 0.6597222222222222 0.03671875 0.09722222222222222
0 0.520703125 0.61875 0.03671875 0.10416666666666667
0 0.739453125 0.4395833333333333 0.02109375 0.059722222222222225
0 0.808203125 0.5847222222222223 0.03515625 0.09444444444444444
0 0.809765625 0.4041666666666667 0.01953125 0.05
0 0.498046875 0.60625 0.03359375 0.09861111111111111
0 0.58671875 0.5895833333333333 0.0296875 0.09027777777777778
0 0.73671875 0.6208333333333333 0.03125 0.08888888888888889
0 0.778125 0.44583333333333336 0.021875 0.058333333333333334
0 0.738671875 0.5097222222222222 0.02734375 0.06666666666666667
0 0.55703125 0.6291666666666667 0.028125 0.08333333333333333
0 0.307421875 0.9513888888888888 0.06640625 0.08888888888888889
0 0.752734375 0.41805555555555557 0.01953125 0.05
0 0.680859375 0.42777777777777776 0.02421875 0.058333333333333334
0 0.664453125 0.5861111111111111 0.02734375 0.08055555555555556
0 0.7859375 0.4076388888888889 0.01875 0.04861111111111111
0 0.808203125 0.35 0.01796875 0.041666666666666664
0 0.568359375 0.5486111111111112 0.02421875 0.06944444444444445
0 0.673828125 0.53125 0.02265625 0.05694444444444444
0 0.830078125 0.34791666666666665 0.01796875 0.043055555555555555
1 0.68125 0.49027777777777776 0.05 0.06944444444444445
1 0.587109375 0.49236111111111114 0.05859375 0.0875
1 0.637109375 0.40694444444444444 0.03671875 0.05555555555555555
1 0.651171875 0.35347222222222224 0.03203125 0.04861111111111111
1 0.698828125 0.3902777777777778 0.03671875 0.05555555555555555
1 0.594921875 0.4173611111111111 0.03984375 0.059722222222222225
