0 0.14375 0.8270833333333333 0.0484375 0.20416666666666666
0 0.104296875 0.49166666666666664 0.06796875 0.10833333333333334
0 0.24453125 0.43819444444444444 0.059375 0.10138888888888889
0 0.203515625 0.6861111111111111 0.04140625 0.18611111111111112
0 0.815625 0.8381944444444445 0.075 0.17083333333333334
0 0.26875 0.7173611111111111 0.0390625 0.18194444444444444
0 0.0796875 0.39375 0.05625 0.08472222222222223
0 0.536328125 0.4756944444444444 0.06015625 0.10416666666666667
0 0.621484375 0.3284722222222222 0.02109375 0.07916666666666666
0 0.391015625 0.6611111111111111 0.04296875 0.16111111111111112
0 0.832421875 0.4777777777777778 0.06640625 0.1
0 0.420703125 0.26944444444444443 0.01796875 0.06111111111111111
0 0.375 0.5451388888888888 0.0359375 0.12083333333333333
0 0.38203125 0.27152777777777776 0.0171875 0.06805555555555555
0 0.022265625 0.7159722222222222 0.04453125 0.1125
0 0.36328125 0.26666666666666666 0.0171875 0.06944444444444445
0 0.127734375 0.9569444444444445 0.04921875 0.08333333333333333
0 0.030859375 0.6625 0.06171875 0.07777777777777778
0 0.789453125 0.44166666666666665 0.05546875 0.08055555555555556
0 0.0296875 0.6055555555555555 0.059375 0.10555555555555556
0 0.6296875 0.2569444444444444 0.015625 0.06111111111111111
0 0.600390625 0.26458333333333334 0.02109375 0.059722222222222225
1 0.484765625 0.34097222222222223 0.10546875 0.10138888888888889
1 0.384765625 0.46458333333333335 0.11484375 0.14305555555555555
1 0.53828125 0.2465277777777778 0.0515625 0.05416666666666667
3 0.563671875 0.3013888888888889 0.05234375 0.10555555555555556
3 0.516796875 0.16805555555555557 0.02890625 0.05555555555555555
1 0.45546875 0.21805555555555556 0.0296875 0.058333333333333334
0 0.40546875 0.2673611111111111 0.0125 0.059722222222222225
