0 0.10625 0.64375 0.04375 0.15694444444444444
0 0.868359375 0.63125 0.03359375 0.1375
1 0.657421875 0.4284722222222222 0.07109375 0.10694444444444444
1 0.758984375 0.5791666666666667 0.11796875 0.16111111111111112
3 0.286328125 0.7659722222222223 0.19140625 0.46805555555555556
3 0.65625 0.7111111111111111 0.1953125 0.4361111111111111
3 0.56171875 0.38819444444444445 0.084375 0.19305555555555556
3 0.550390625 0.2534722222222222 0.07109375 0.15694444444444444
1 0.630859375 0.3486111111111111 0.05078125 0.06944444444444445
0 0.664453125 0.2951388888888889 0.01640625 0.05138888888888889
1 0.623046875 0.28958333333333336 0.03671875 0.043055555555555555
1 0.6015625 0.2590277777777778 0.0359375 0.05138888888888889
