0 0.865625 0.4041666666666667 0.0125 0.06388888888888888
0 0.870703125 0.49583333333333335 0.02265625 0.09166666666666666
0 0.12734375 0.8277777777777777 0.078125 0.15555555555555556
0 0.72421875 0.4666666666666667 0.025 0.08611111111111111
0 0.6703125 0.4847222222222222 0.01875 0.06388888888888888
0 0.826171875 0.5131944444444444 0.01328125 0.0763888888888889
0 0.634765625 0.5118055555555555 0.01953125 0.07361111111111111
0 0.6953125 0.4861111111111111 0.0140625 0.07222222222222222
1 0.678125 0.5416666666666666 0.05625 0.1111111111111111
0 0.808984375 0.5444444444444444 0.02265625 0.08055555555555556
0 0.7890625 0.47638888888888886 0.021875 0.06388888888888888
0 0.5671875 0.5027777777777778 0.01875 0.06111111111111111
1 0.50078125 0.8375 0.09375 0.19722222222222222
0 0.7546875 0.4666666666666667 0.0171875 0.08611111111111111
0 0.537109375 0.5069444444444444 0.02265625 0.06944444444444445
0 0.832421875 0.6395833333333333 0.02421875 0.10972222222222222
0 0.138671875 0.9305555555555556 0.08203125 0.1388888888888889
0 0.776171875 0.6527777777777778 0.02734375 0.125
0 0.065234375 0.9145833333333333 0.08046875 0.1625
0 0.291796875 0.9243055555555556 0.06171875 0.15138888888888888
0 0.3609375 0.7201388888888889 0.0515625 0.12083333333333333
1 0.6 0.6083333333333333 0.0703125 0.13333333333333333
1 0.47890625 0.6666666666666666 0.096875 0.15555555555555556
1 0.723828125 0.93125 0.12109375 0.1375
0 0.444921875 0.9180555555555555 0.05859375 0.1527777777777778
0 0.24296875 0.8131944444444444 0.05625 0.14583333333333334
0 0.373828125 0.9201388888888888 0.05234375 0.1597222222222222
0 0.407421875 0.7236111111111111 0.05078125 0.125
0 0.794140625 0.40347222222222223 0.01171875 0.043055555555555555
1 0.626171875 0.4263888888888889 0.03515625 0.058333333333333334
1 0.589453125 0.4465277777777778 0.04140625 0.05416666666666667
1 0.66328125 0.36180555555555555 0.03125 0.04861111111111111
0 0.833984375 0.43125 0.01796875 0.059722222222222225
1 0.459375 0.5770833333333333 0.071875 0.08194444444444444
0 0.596875 0.50625 0.025 0.08194444444444444
0 0.51796875 0.49930555555555556 0.0171875 0.06527777777777778
0 0.766015625 0.41805555555555557 0.01484375 0.058333333333333334
