0 0.15859375 0.54375 0.059375 0.15138888888888888
0 0.051953125 0.8159722222222222 0.08828125 0.2625
0 0.2703125 0.375 0.028125 0.10833333333333334
0 0.3046875 0.2708333333333333 0.01875 0.075
0 0.512890625 0.25416666666666665 0.03359375 0.07222222222222222
0 0.651953125 0.24027777777777778 0.01796875 0.07777777777777778
0 0.690625 0.30069444444444443 0.03125 0.0763888888888889
0 0.61796875 0.18958333333333333 0.01875 0.05138888888888889
1 0.325 0.42083333333333334 0.0609375 0.13055555555555556
1 0.431640625 0.2861111111111111 0.05078125 0.10555555555555556
1 0.55390625 0.32430555555555557 0.0625 0.10416666666666667
1 0.65078125 0.3597222222222222 0.084375 0.11388888888888889
3 0.370703125 0.21388888888888888 0.05390625 0.10555555555555556
3 0.454296875 0.15902777777777777 0.05546875 0.1597222222222222
3 0.53828125 0.18541666666666667 0.0359375 0.07361111111111111
1 0.60859375 0.27847222222222223 0.05 0.06527777777777778
2 0.580859375 0.17916666666666667 0.03671875 0.07222222222222222
