1 0.171875 0.6604166666666667 0.1640625 0.14305555555555555
1 0.509375 0.6027777777777777 0.0875 0.14444444444444443
1 0.504296875 0.4847222222222222 0.05859375 0.10277777777777777
1 0.524609375 0.4236111111111111 0.04921875 0.09444444444444444
1 0.57265625 0.38680555555555557 0.0375 0.0875
1 0.6015625 0.40902777777777777 0.04375 0.07361111111111111
1 0.655859375 0.46041666666666664 0.04765625 0.07083333333333333
1 0.678125 0.3854166666666667 0.01875 0.05694444444444444
1 0.637890625 0.3506944444444444 0.03046875 0.05694444444444444
1 0.656640625 0.32222222222222224 0.03203125 0.044444444444444446
1 0.69609375 0.34930555555555554 0.0234375 0.05416666666666667
1 0.718359375 0.41180555555555554 0.04140625 0.04583333333333333
1 0.719140625 0.5020833333333333 0.05390625 0.0875
1 0.663671875 0.29305555555555557 0.02265625 0.03611111111111111
1 0.633984375 0.27847222222222223 0.02578125 0.059722222222222225
1 0.660546875 0.2701388888888889 0.01953125 0.02638888888888889
1 0.671484375 0.2520833333333333 0.02109375 0.02638888888888889
0 0.38828125 0.7770833333333333 0.05625 0.14027777777777778
0 0.448046875 0.8993055555555556 0.04140625 0.1486111111111111
0 0.5515625 0.76875 0.0421875 0.12361111111111112
0 0.507421875 0.7013888888888888 0.04140625 0.09722222222222222
0 0.61328125 0.6979166666666666 0.04375 0.12361111111111112
0 0.685546875 0.6972222222222222 0.03203125 0.14444444444444443
0 0.733203125 0.6631944444444444 0.03828125 0.09027777777777778
0 0.780859375 0.64375 0.03046875 0.09861111111111111
0 0.672265625 0.5388888888888889 0.03515625 0.075
0 0.637890625 0.5173611111111112 0.02578125 0.06527777777777778
0 0.61171875 0.5145833333333333 0.025 0.07916666666666666
0 0.586328125 0.4965277777777778 0.02890625 0.07916666666666666
0 0.71484375 0.5423611111111111 0.028125 0.0763888888888889
0 0.737890625 0.5625 0.02890625 0.06666666666666667
0 0.804296875 0.5506944444444445 0.03203125 0.09583333333333334
0 0.696875 0.8736111111111111 0.0609375 0.14166666666666666
0 0.8328125 0.45555555555555555 0.0234375 0.08055555555555556
0 0.79375 0.4326388888888889 0.021875 0.06805555555555555
0 0.776171875 0.41180555555555554 0.02109375 0.05416666666666667
0 0.747265625 0.4097222222222222 0.01953125 0.04722222222222222
0 0.76015625 0.4326388888888889 0.01875 0.059722222222222225
0 0.80703125 0.4083333333333333 0.01875 0.04722222222222222
0 0.84453125 0.4083333333333333 0.0234375 0.075
0 0.83515625 0.35 0.0140625 0.03888888888888889
0 0.85859375 0.3423611111111111 0.0125 0.0375
0 0.801953125 0.33125 0.01640625 0.04861111111111111
0 0.816796875 0.30972222222222223 0.01640625 0.04722222222222222
