0 0.6453125 0.3368055555555556 0.01875 0.0875
0 0.04375 0.6284722222222222 0.040625 0.15694444444444444
0 0.71484375 0.40347222222222223 0.0234375 0.09861111111111111
0 0.331640625 0.26944444444444443 0.01484375 0.06388888888888888
0 0.596875 0.22291666666666668 0.0109375 0.05694444444444444
1 0.37265625 0.29444444444444445 0.04375 0.08333333333333333
3 0.665234375 0.7791666666666667 0.19921875 0.44166666666666665
3 0.443359375 0.25833333333333336 0.05078125 0.12777777777777777
3 0.52578125 0.15486111111111112 0.0328125 0.07083333333333333
0 0.3109375 0.23819444444444443 0.0125 0.05416666666666667
