0 0.40859375 0.8840277777777777 0.05625 0.14305555555555555
0 0.52578125 0.9326388888888889 0.0546875 0.1125
0 0.5734375 0.5458333333333333 0.0296875 0.08055555555555556
0 0.60390625 0.5631944444444444 0.028125 0.08194444444444444
0 0.790234375 0.5604166666666667 0.03203125 0.08194444444444444
0 0.407421875 0.7291666666666666 0.04453125 0.11944444444444445
0 0.5109375 0.6034722222222222 0.03125 0.08472222222222223
0 0.745703125 0.40694444444444444 0.02109375 0.058333333333333334
0 0.821875 0.4618055555555556 0.0234375 0.0625
0 0.644140625 0.6576388888888889 0.03828125 0.09861111111111111
0 0.790625 0.43680555555555556 0.01875 0.05416666666666667
0 0.768359375 0.43472222222222223 0.02109375 0.058333333333333334
0 0.76171875 0.5354166666666667 0.028125 0.0763888888888889
0 0.715234375 0.40902777777777777 0.02265625 0.0625
0 0.712890625 0.55 0.02734375 0.075
0 0.84765625 0.4375 0.025 0.06111111111111111
0 0.67578125 0.54375 0.03125 0.08194444444444444
0 0.54296875 0.6291666666666667 0.0328125 0.08611111111111111
0 0.635546875 0.5756944444444444 0.02734375 0.07361111111111111
0 0.845703125 0.53125 0.03203125 0.07916666666666666
0 0.63515625 0.5215277777777778 0.0265625 0.06805555555555555
0 0.8078125 0.43333333333333335 0.01875 0.05277777777777778
0 0.8296875 0.4097222222222222 0.0171875 0.04722222222222222
1 0.582421875 0.7840277777777778 0.09609375 0.15694444444444444
1 0.339453125 0.575 0.08359375 0.10277777777777777
1 0.7 0.5 0.046875 0.07222222222222222
