5 0.61953125 0.4986111111111111 0.0923828125 0.1642361111111111
4 0.73046875 0.36319444444444443 0.0283203125 0.08472222222222223
5 0.75 0.8854166666666666 0.178125 0.2263888888888889
5 0.40390625 0.5770833333333333 0.1109375 0.2232638888888889
4 0.083203125 0.3958333333333333 0.0712890625 0.08020833333333334
4 0.206640625 0.28888888888888886 0.0537109375 0.04479166666666667
5 0.438671875 0.2986111111111111 0.0525390625 0.1
5 0.38046875 0.2701388888888889 0.051171875 0.08472222222222223
4 0.51640625 0.2701388888888889 0.040625 0.06840277777777778
4 0.81640625 0.38263888888888886 0.0640625 0.12048611111111111
4 0.141796875 0.6215277777777778 0.04140625 0.17048611111111112
4 0.332421875 0.2520833333333333 0.01640625 0.07361111111111111
4 0.658984375 0.24722222222222223 0.01640625 0.06388888888888888
