1 0.555859375 0.39444444444444443 0.06328125 0.1111111111111111
2 0.335546875 0.20416666666666666 0.10234375 0.08888888888888889
0 0.0328125 0.5256944444444445 0.046875 0.1375
1 0.76015625 0.6791666666666667 0.1546875 0.21666666666666667
0 0.937109375 0.6298611111111111 0.04921875 0.16805555555555557
0 0.812109375 0.4791666666666667 0.03359375 0.11388888888888889
0 0.70703125 0.27708333333333335 0.0171875 0.059722222222222225
2 0.6078125 0.2986111111111111 0.0625 0.14722222222222223
2 0.68125 0.21388888888888888 0.1609375 0.1
0 0.4703125 0.25 0.0359375 0.06666666666666667
3 0.252734375 0.15 0.04140625 0.06944444444444445
