0 0.337890625 0.7298611111111111 0.03671875 0.19027777777777777
0 0.17265625 0.6472222222222223 0.0328125 0.16111111111111112
0 0.32890625 0.55 0.0296875 0.14722222222222223
0 0.58125 0.3145833333333333 0.015625 0.0763888888888889
0 0.277734375 0.42083333333333334 0.02421875 0.10555555555555556
0 0.95390625 0.8097222222222222 0.0515625 0.1638888888888889
0 0.2078125 0.9194444444444444 0.0546875 0.16111111111111112
0 0.378515625 0.49444444444444446 0.02421875 0.13055555555555556
0 0.758984375 0.5777777777777777 0.03828125 0.13333333333333333
0 0.24765625 0.7319444444444444 0.0390625 0.17777777777777778
0 0.860546875 0.74375 0.04765625 0.15138888888888888
0 0.815234375 0.45069444444444445 0.04609375 0.10138888888888889
0 0.924609375 0.6979166666666666 0.04609375 0.1375
0 0.766796875 0.475 0.02890625 0.1
0 0.35546875 0.4131944444444444 0.021875 0.10694444444444444
0 0.321875 0.4618055555555556 0.0234375 0.0875
0 0.695703125 0.5340277777777778 0.03046875 0.11527777777777778
0 0.172265625 0.5041666666666667 0.03203125 0.11944444444444445
0 0.203515625 0.43333333333333335 0.02890625 0.10833333333333334
0 0.392578125 0.36736111111111114 0.02265625 0.09027777777777778
0 0.26640625 0.5777777777777777 0.03125 0.16111111111111112
0 0.856640625 0.6055555555555555 0.03671875 0.12222222222222222
0 0.661328125 0.3784722222222222 0.02109375 0.0875
0 0.158984375 0.825 0.06015625 0.18888888888888888
0 0.735546875 0.5166666666666667 0.03046875 0.11388888888888889
0 0.727734375 0.45555555555555555 0.03046875 0.08611111111111111
0 0.712890625 0.4222222222222222 0.02421875 0.06388888888888888
0 0.606640625 0.3 0.01484375 0.075
0 0.57421875 0.2152777777777778 0.0140625 0.05277777777777778
0 0.64609375 0.32708333333333334 0.0171875 0.07916666666666666
0 0.33828125 0.26875 0.021875 0.07083333333333333
1 0.332421875 0.35555555555555557 0.04609375 0.10555555555555556
1 0.440625 0.27361111111111114 0.0359375 0.07777777777777778
1 0.664453125 0.45902777777777776 0.07421875 0.09861111111111111
2 0.3796875 0.25763888888888886 0.0421875 0.09305555555555556
3 0.586328125 0.43680555555555556 0.08046875 0.18194444444444444
3 0.437109375 0.4791666666666667 0.08046875 0.2777777777777778
1 0.909765625 0.9423611111111111 0.17578125 0.11527777777777778
0 0.70390625 0.38472222222222224 0.0265625 0.07222222222222222
