1 0.71171875 0.5951388888888889 0.1171875 0.16527777777777777
2 0.904296875 0.8673611111111111 0.19140625 0.2652777777777778
2 0.63203125 0.26458333333333334 0.0546875 0.08194444444444444
2 0.71171875 0.7770833333333333 0.3640625 0.44583333333333336
1 0.52890625 0.3763888888888889 0.0625 0.10833333333333334
1 0.607421875 0.38055555555555554 0.05234375 0.08611111111111111
1 0.6046875 0.3145833333333333 0.0421875 0.059722222222222225
1 0.5359375 0.27569444444444446 0.0375 0.05694444444444444
1 0.6765625 0.2326388888888889 0.0453125 0.043055555555555555
0 0.059375 0.5236111111111111 0.03125 0.10555555555555556
