0 0.410546875 0.7979166666666667 0.05234375 0.12916666666666668
0 0.67578125 0.7993055555555556 0.0484375 0.1375
0 0.714453125 0.7416666666666667 0.04140625 0.12222222222222222
0 0.550390625 0.6576388888888889 0.04140625 0.10972222222222222
0 0.73046875 0.63125 0.034375 0.09583333333333334
0 0.348046875 0.9347222222222222 0.07109375 0.10555555555555556
0 0.555859375 0.8090277777777778 0.05078125 0.14027777777777778
0 0.95859375 0.8958333333333334 0.059375 0.19166666666666668
0 0.386328125 0.7298611111111111 0.03828125 0.10694444444444444
0 0.722265625 0.45069444444444445 0.02578125 0.06527777777777778
0 0.831640625 0.575 0.03359375 0.08888888888888889
0 0.7703125 0.6604166666666667 0.0375 0.10416666666666667
0 0.86171875 0.5055555555555555 0.03125 0.08055555555555556
0 0.290625 0.9111111111111111 0.071875 0.13055555555555556
0 0.489453125 0.7958333333333333 0.04921875 0.12777777777777777
0 0.824609375 0.4930555555555556 0.02734375 0.06944444444444445
0 0.59765625 0.6055555555555555 0.0390625 0.10555555555555556
0 0.778125 0.5638888888888889 0.03125 0.08333333333333333
0 0.519140625 0.6291666666666667 0.03828125 0.09444444444444444
0 0.715625 0.5618055555555556 0.028125 0.07916666666666666
0 0.79921875 0.5319444444444444 0.025 0.075
0 0.80625 0.6847222222222222 0.04375 0.11944444444444445
0 0.62265625 0.53125 0.034375 0.09305555555555556
0 0.68125 0.4527777777777778 0.025 0.06111111111111111
0 0.7359375 0.5027777777777778 0.0265625 0.075
0 0.51015625 0.7125 0.0421875 0.09444444444444444
0 0.769921875 0.5055555555555555 0.02421875 0.06944444444444445
0 0.681640625 0.5194444444444445 0.02578125 0.06944444444444445
0 0.66640625 0.575 0.03125 0.09166666666666666
0 0.753515625 0.46805555555555556 0.02265625 0.06666666666666667
0 0.369921875 0.6854166666666667 0.03984375 0.09861111111111111
0 0.87109375 0.95 0.0625 0.08888888888888889
0 0.688671875 0.6006944444444444 0.03203125 0.09305555555555556
0 0.754296875 0.4361111111111111 0.02421875 0.058333333333333334
0 0.8078125 0.4756944444444444 0.025 0.06527777777777778
0 0.7234375 0.3784722222222222 0.025 0.05416666666666667
0 0.785546875 0.42569444444444443 0.02265625 0.059722222222222225
1 0.24453125 0.6979166666666666 0.1421875 0.15416666666666667
1 0.120703125 0.6881944444444444 0.13359375 0.13472222222222222
1 0.41796875 0.5763888888888888 0.1140625 0.11666666666666667
1 0.5171875 0.45208333333333334 0.0546875 0.0763888888888889
1 0.673828125 0.4076388888888889 0.04609375 0.07083333333333333
1 0.38203125 0.5402777777777777 0.0796875 0.06944444444444445
