5 0.601953125 0.3104166666666667 0.03203125 0.059375
5 0.569140625 0.26319444444444445 0.04765625 0.05138888888888889
5 0.612890625 0.24097222222222223 0.0384765625 0.03611111111111111
5 0.51640625 0.32430555555555557 0.051953125 0.08229166666666667
6 0.663671875 0.6763888888888889 0.34453125 0.6444444444444445
6 0.741015625 0.5854166666666667 0.1416015625 0.24722222222222223
4 0.769921875 0.4215277777777778 0.02890625 0.08784722222222222
4 0.07890625 0.5527777777777778 0.044921875 0.13020833333333334
4 0.1671875 0.2777777777777778 0.0189453125 0.04756944444444444
7 0.24765625 0.2423611111111111 0.058203125 0.11006944444444444
