1 0.58828125 0.6993055555555555 0.1296875 0.21805555555555556
1 0.5515625 0.28958333333333336 0.0375 0.05416666666666667
1 0.638671875 0.26458333333333334 0.04609375 0.04583333333333333
1 0.627734375 0.225 0.04609375 0.03611111111111111
3 0.24140625 0.37430555555555556 0.1359375 0.33194444444444443
3 0.72890625 0.21944444444444444 0.1 0.10833333333333334
3 0.32890625 0.26319444444444445 0.05625 0.10694444444444444
3 0.33671875 0.2013888888888889 0.1578125 0.10555555555555556
3 0.15859375 0.17569444444444443 0.0546875 0.07083333333333333
0 0.579296875 0.2388888888888889 0.02578125 0.041666666666666664
