0 0.04296875 0.38055555555555554 0.0515625 0.08333333333333333
0 0.2125 0.7840277777777778 0.0359375 0.19027777777777777
0 0.23046875 0.6027777777777777 0.0390625 0.15
0 0.28515625 0.65625 0.0296875 0.1625
0 0.4875 0.4326388888888889 0.046875 0.09583333333333334
0 0.337109375 0.39861111111111114 0.02421875 0.10555555555555556
0 0.18984375 0.40625 0.04375 0.08194444444444444
0 0.3046875 0.5479166666666667 0.028125 0.1375
0 0.78671875 0.5944444444444444 0.0375 0.1388888888888889
0 0.32109375 0.4791666666666667 0.0265625 0.125
0 0.690234375 0.34097222222222223 0.01953125 0.0875
0 0.15859375 0.38333333333333336 0.0609375 0.08611111111111111
0 0.36171875 0.2861111111111111 0.0234375 0.06388888888888888
0 0.282421875 0.40902777777777777 0.03046875 0.10416666666666667
0 0.330078125 0.3125 0.02265625 0.06944444444444445
0 0.23046875 0.9493055555555555 0.05 0.09861111111111111
0 0.292578125 0.44722222222222224 0.02421875 0.1111111111111111
0 0.316796875 0.3701388888888889 0.02265625 0.08472222222222223
1 0.590625 0.3576388888888889 0.1046875 0.08472222222222223
1 0.408203125 0.37777777777777777 0.04921875 0.10555555555555556
1 0.526953125 0.24097222222222223 0.03515625 0.06805555555555555
1 0.012109375 0.4625 0.02421875 0.09166666666666666
3 0.452734375 0.2611111111111111 0.03828125 0.07222222222222222
3 0.626953125 0.5083333333333333 0.14296875 0.2638888888888889
3 0.40546875 0.2763888888888889 0.0609375 0.11944444444444445
3 0.503125 0.16041666666666668 0.0296875 0.07361111111111111
3 0.416015625 0.16875 0.02421875 0.06805555555555555
