0 0.778515625 0.5340277777777778 0.03046875 0.09305555555555556
0 0.816796875 0.42430555555555555 0.02109375 0.059722222222222225
0 0.41953125 0.8847222222222222 0.0609375 0.16944444444444445
0 0.730859375 0.38263888888888886 0.01953125 0.05416666666666667
0 0.658203125 0.3972222222222222 0.01953125 0.05277777777777778
0 0.766796875 0.4409722222222222 0.02265625 0.06527777777777778
0 0.277734375 0.9069444444444444 0.07265625 0.1638888888888889
0 0.84765625 0.38819444444444445 0.0125 0.05416666666666667
0 0.3703125 0.7666666666666667 0.0546875 0.13333333333333333
0 0.828515625 0.3819444444444444 0.01328125 0.05277777777777778
0 0.14375 0.925 0.090625 0.13055555555555556
0 0.769140625 0.39166666666666666 0.01796875 0.05
0 0.751171875 0.3659722222222222 0.01796875 0.05138888888888889
0 0.795703125 0.38680555555555557 0.01328125 0.059722222222222225
0 0.46328125 0.9368055555555556 0.0578125 0.09861111111111111
0 0.33984375 0.7576388888888889 0.0515625 0.13472222222222222
0 0.308984375 0.74375 0.03984375 0.11805555555555555
0 0.042578125 0.8534722222222222 0.08515625 0.1736111111111111
1 0.26015625 0.6833333333333333 0.1265625 0.1388888888888889
1 0.55703125 0.5118055555555555 0.0546875 0.0763888888888889
1 0.089453125 0.7097222222222223 0.13515625 0.13055555555555556
1 0.461328125 0.6055555555555555 0.07734375 0.10555555555555556
2 0.423046875 0.5041666666666667 0.07265625 0.09444444444444444
1 0.59765625 0.58125 0.0640625 0.10138888888888889
1 0.659375 0.4576388888888889 0.0390625 0.0625
1 0.691015625 0.5277777777777778 0.04765625 0.07777777777777778
1 0.69921875 0.4125 0.0359375 0.06666666666666667
1 0.71796875 0.6104166666666667 0.0515625 0.08472222222222223
1 0.644140625 0.3680555555555556 0.02890625 0.05277777777777778
1 0.5609375 0.6541666666666667 0.0765625 0.07777777777777778
1 0.565625 0.8083333333333333 0.109375 0.25277777777777777
1 0.042578125 0.8625 0.08515625 0.18333333333333332
2 0.688671875 0.7166666666666667 0.09765625 0.24444444444444444
2 0.566796875 0.7986111111111112 0.11015625 0.25555555555555554
