3 0.193359375 0.29444444444444445 0.08046875 0.18888888888888888
3 0.325 0.3347222222222222 0.128125 0.2833333333333333
3 0.398828125 0.20347222222222222 0.19921875 0.11527777777777778
3 0.62578125 0.22013888888888888 0.1046875 0.09305555555555556
3 0.5671875 0.4222222222222222 0.13125 0.26666666666666666
3 0.62265625 0.28402777777777777 0.05 0.09583333333333334
3 0.74375 0.21805555555555556 0.0859375 0.07222222222222222
3 0.225 0.19652777777777777 0.0546875 0.08194444444444444
1 0.5234375 0.23125 0.0625 0.05416666666666667
0 0.90234375 0.5736111111111111 0.05625 0.14444444444444443
