0 0.721484375 0.3798611111111111 0.03046875 0.09305555555555556
0 0.51875 0.3715277777777778 0.025 0.09583333333333334
0 0.409375 0.3416666666666667 0.0203125 0.09166666666666666
0 0.829296875 0.50625 0.06484375 0.10694444444444444
0 0.66796875 0.3013888888888889 0.021875 0.07777777777777778
0 0.32421875 0.35625 0.0203125 0.09305555555555556
0 0.6921875 0.7388888888888889 0.040625 0.18333333333333332
0 0.97109375 0.8125 0.0484375 0.17777777777777778
0 0.6828125 0.5020833333333333 0.03125 0.12083333333333333
0 0.801953125 0.6479166666666667 0.03828125 0.15416666666666667
0 0.590625 0.5027777777777778 0.0296875 0.125
0 0.352734375 0.3784722222222222 0.02109375 0.09583333333333334
0 0.298046875 0.3375 0.02578125 0.08333333333333333
0 0.39921875 0.9368055555555556 0.059375 0.10694444444444444
0 0.570703125 0.3388888888888889 0.02265625 0.08611111111111111
0 0.268359375 0.3638888888888889 0.02265625 0.09166666666666666
0 0.8875 0.7409722222222223 0.0515625 0.18472222222222223
0 0.009765625 0.33958333333333335 0.01953125 0.08472222222222223
1 0.520703125 0.21319444444444444 0.03203125 0.05694444444444444
1 0.3796875 0.28194444444444444 0.03125 0.06944444444444445
3 0.4609375 0.25555555555555554 0.0484375 0.11944444444444445
