3 0.724609375 0.5354166666666667 0.17109375 0.2902777777777778
3 0.278515625 0.3125 0.08359375 0.1638888888888889
3 0.5359375 0.28402777777777777 0.0625 0.15416666666666667
3 0.61796875 0.3229166666666667 0.0671875 0.14583333333333334
3 0.616015625 0.22847222222222222 0.10234375 0.10138888888888889
1 0.35625 0.46041666666666664 0.0828125 0.1597222222222222
1 0.419921875 0.22708333333333333 0.06171875 0.059722222222222225
1 0.47578125 0.22916666666666666 0.046875 0.05
0 0.153515625 0.26319444444444445 0.01328125 0.05416666666666667
0 0.1671875 0.24583333333333332 0.0140625 0.05
0 0.33515625 0.24305555555555555 0.0265625 0.044444444444444446
