0 0.290234375 0.7847222222222222 0.05703125 0.14444444444444443
0 0.73828125 0.45208333333333334 0.0234375 0.06527777777777778
0 0.525 0.6291666666666667 0.0375 0.1111111111111111
0 0.603515625 0.5770833333333333 0.03515625 0.09861111111111111
0 0.7984375 0.5631944444444444 0.028125 0.07916666666666666
0 0.4890625 0.6201388888888889 0.0375 0.10694444444444444
0 0.83125 0.40694444444444444 0.0203125 0.05555555555555555
0 0.87265625 0.9055555555555556 0.046875 0.14166666666666666
0 0.79453125 0.4361111111111111 0.0203125 0.06111111111111111
0 0.667578125 0.42569444444444443 0.02265625 0.059722222222222225
0 0.76796875 0.5722222222222222 0.0265625 0.08055555555555556
0 0.846875 0.5444444444444444 0.03125 0.09166666666666666
0 0.746484375 0.6201388888888889 0.03515625 0.10138888888888889
0 0.415625 0.7270833333333333 0.0453125 0.12916666666666668
0 0.876953125 0.47638888888888886 0.02578125 0.06944444444444445
0 0.791796875 0.6409722222222223 0.03203125 0.09305555555555556
0 0.78515625 0.7388888888888889 0.0390625 0.11944444444444445
0 0.82890625 0.6972222222222222 0.0390625 0.11944444444444445
0 0.6515625 0.44027777777777777 0.025 0.06388888888888888
0 0.581640625 0.4791666666666667 0.02890625 0.075
0 0.701953125 0.43194444444444446 0.02578125 0.06944444444444445
0 0.810546875 0.4215277777777778 0.02109375 0.059722222222222225
0 0.774609375 0.4215277777777778 0.01953125 0.05694444444444444
0 0.848046875 0.4895833333333333 0.02734375 0.06805555555555555
0 0.753515625 0.4041666666666667 0.02109375 0.05555555555555555
0 0.701171875 0.6034722222222222 0.03203125 0.10138888888888889
0 0.47890625 0.9361111111111111 0.0609375 0.08611111111111111
0 0.6515625 0.6701388888888888 0.0375 0.10416666666666667
0 0.69296875 0.5618055555555556 0.0296875 0.0763888888888889
1 0.627734375 0.7847222222222222 0.10078125 0.18333333333333332
1 0.7703125 0.49236111111111114 0.0515625 0.08194444444444444
1 0.630859375 0.5090277777777777 0.05859375 0.08472222222222223
1 0.459375 0.8423611111111111 0.0921875 0.15138888888888888
1 0.671484375 0.3590277777777778 0.03046875 0.043055555555555555
2 0.613671875 0.34097222222222223 0.02421875 0.04583333333333333
