0 0.690625 0.3458333333333333 0.0234375 0.08055555555555556
0 0.638671875 0.26458333333333334 0.01640625 0.0625
0 0.61015625 0.22013888888888888 0.01875 0.06527777777777778
0 0.53203125 0.18958333333333333 0.0171875 0.05138888888888889
1 0.446484375 0.1451388888888889 0.02265625 0.04027777777777778
1 0.446875 0.2701388888888889 0.0484375 0.09861111111111111
1 0.5234375 0.08611111111111111 0.0140625 0.025
3 0.300390625 0.6486111111111111 0.27890625 0.7027777777777777
2 0.398828125 0.19166666666666668 0.04453125 0.09166666666666666
3 0.3484375 0.2604166666666667 0.053125 0.14583333333333334
1 0.44765625 0.2638888888888889 0.0390625 0.08888888888888889
0 0.67890625 0.2520833333333333 0.01875 0.05138888888888889
0 0.661328125 0.24722222222222223 0.01796875 0.06944444444444445
3 0.4609375 0.15555555555555556 0.040625 0.11666666666666667
3 0.5140625 0.18541666666666667 0.0296875 0.07361111111111111
