0 0.15078125 0.6972222222222222 0.0453125 0.18333333333333332
0 0.92578125 0.7104166666666667 0.0421875 0.1597222222222222
0 0.025390625 0.8347222222222223 0.05078125 0.2111111111111111
0 0.315234375 0.3159722222222222 0.01640625 0.06805555555555555
0 0.1859375 0.48819444444444443 0.03125 0.12083333333333333
0 0.249609375 0.37430555555555556 0.02109375 0.08194444444444444
0 0.4109375 0.2111111111111111 0.009375 0.04722222222222222
3 0.453125 0.23680555555555555 0.05 0.11805555555555555
3 0.572265625 0.19722222222222222 0.03046875 0.06944444444444445
3 0.5140625 0.18055555555555555 0.0265625 0.06111111111111111
2 0.340234375 0.56875 0.16484375 0.42916666666666664
2 0.384765625 0.2847222222222222 0.05078125 0.10555555555555556
0 0.269921875 0.39375 0.01953125 0.09305555555555556
0 0.29609375 0.41944444444444445 0.0265625 0.06666666666666667
