0 0.66640625 0.40694444444444444 0.01875 0.05277777777777778
0 0.667578125 0.8798611111111111 0.04140625 0.13194444444444445
0 0.27578125 0.8388888888888889 0.0625 0.1361111111111111
0 0.735546875 0.7826388888888889 0.03828125 0.11805555555555555
0 0.5265625 0.78125 0.04375 0.12083333333333333
0 0.49296875 0.9090277777777778 0.05 0.13472222222222222
0 0.79140625 0.4909722222222222 0.0234375 0.06805555555555555
0 0.838671875 0.4625 0.02265625 0.06111111111111111
0 0.783203125 0.4479166666666667 0.01953125 0.05416666666666667
0 0.7203125 0.49236111111111114 0.0203125 0.05694444444444444
0 0.695703125 0.45208333333333334 0.01953125 0.05694444444444444
0 0.807421875 0.6958333333333333 0.03671875 0.1111111111111111
0 0.77109375 0.4222222222222222 0.01875 0.05277777777777778
0 0.838671875 0.5451388888888888 0.03203125 0.07916666666666666
0 0.72734375 0.5611111111111111 0.0296875 0.08333333333333333
0 0.346875 0.9472222222222222 0.0609375 0.09722222222222222
0 0.5828125 0.5298611111111111 0.025 0.07083333333333333
0 0.626953125 0.6055555555555555 0.02890625 0.08055555555555556
0 0.721484375 0.4354166666666667 0.01796875 0.04861111111111111
0 0.61015625 0.5576388888888889 0.025 0.07361111111111111
0 0.746484375 0.5020833333333333 0.02578125 0.07361111111111111
0 0.878125 0.4479166666666667 0.025 0.06805555555555555
0 0.6140625 0.7013888888888888 0.0375 0.10555555555555556
0 0.3390625 0.6840277777777778 0.046875 0.12083333333333333
0 0.821875 0.4326388888888889 0.0171875 0.05138888888888889
0 0.805859375 0.45902777777777776 0.01953125 0.05694444444444444
0 0.792578125 0.3819444444444444 0.01796875 0.044444444444444446
0 0.6984375 0.39375 0.0171875 0.043055555555555555
0 0.75078125 0.4479166666666667 0.021875 0.05416666666666667
0 0.748046875 0.4083333333333333 0.01640625 0.05277777777777778
0 0.869921875 0.40555555555555556 0.02109375 0.05555555555555555
0 0.70546875 0.41944444444444445 0.0171875 0.044444444444444446
0 0.770703125 0.35 0.01484375 0.044444444444444446
0 0.84609375 0.42291666666666666 0.0171875 0.04861111111111111
0 0.816796875 0.37916666666666665 0.01484375 0.044444444444444446
1 0.45 0.49166666666666664 0.0703125 0.08333333333333333
1 0.588671875 0.37777777777777777 0.03203125 0.05
1 0.041796875 0.8798611111111111 0.08359375 0.14305555555555555
1 0.628125 0.39375 0.040625 0.0625
1 0.560546875 0.4465277777777778 0.04921875 0.06527777777777778
1 0.74453125 0.38055555555555554 0.034375 0.05277777777777778
1 0.626171875 0.3388888888888889 0.02578125 0.044444444444444446
1 0.691015625 0.3229166666666667 0.02578125 0.0375
1 0.62890625 0.30972222222222223 0.0234375 0.03611111111111111
2 0.2671875 0.5986111111111111 0.14375 0.16944444444444445
