0 0.159765625 0.5736111111111111 0.05390625 0.16666666666666666
0 0.369140625 0.225 0.01796875 0.058333333333333334
0 0.29296875 0.36527777777777776 0.0265625 0.09444444444444444
0 0.628515625 0.18680555555555556 0.01640625 0.05138888888888889
0 0.512890625 0.2125 0.01640625 0.058333333333333334
0 0.3453125 0.2013888888888889 0.015625 0.05277777777777778
0 0.480859375 0.22430555555555556 0.01640625 0.059722222222222225
0 0.423828125 0.17083333333333334 0.01484375 0.04722222222222222
0 0.641015625 0.2673611111111111 0.01796875 0.07083333333333333
0 0.301171875 0.3104166666666667 0.02109375 0.07361111111111111
0 0.587109375 0.17291666666666666 0.01796875 0.04861111111111111
0 0.38515625 0.18333333333333332 0.0171875 0.04722222222222222
0 0.651171875 0.22708333333333333 0.01640625 0.05694444444444444
0 0.60390625 0.17083333333333334 0.0140625 0.041666666666666664
0 0.34765625 0.2708333333333333 0.0203125 0.06388888888888888
0 0.39921875 0.17083333333333334 0.015625 0.04722222222222222
3 0.420703125 0.24444444444444444 0.05546875 0.09166666666666666
3 0.259765625 0.6409722222222223 0.36640625 0.7180555555555556
