0 0.1046875 0.5354166666666667 0.0578125 0.15694444444444444
0 0.58046875 0.7006944444444444 0.0609375 0.18472222222222223
0 0.68828125 0.7791666666666667 0.0703125 0.20277777777777778
0 0.871484375 0.6555555555555556 0.06015625 0.16666666666666666
0 0.739453125 0.43125 0.04609375 0.11805555555555555
0 0.603125 0.45902777777777776 0.0375 0.12638888888888888
0 0.538671875 0.4097222222222222 0.03203125 0.10833333333333334
0 0.61328125 0.21458333333333332 0.0203125 0.0625
0 0.660546875 0.23125 0.02578125 0.06527777777777778
3 0.549609375 0.29444444444444445 0.03984375 0.11388888888888889
3 0.465234375 0.15069444444444444 0.03828125 0.08472222222222223
3 0.55859375 0.17152777777777778 0.05 0.11805555555555555
2 0.418359375 0.17083333333333334 0.03046875 0.04722222222222222
0 0.380078125 0.18611111111111112 0.01796875 0.05
