0 0.66640625 0.5479166666666667 0.0265625 0.07916666666666666
0 0.7296875 0.7006944444444444 0.0359375 0.11805555555555555
0 0.7703125 0.5333333333333333 0.0171875 0.05555555555555555
0 0.73671875 0.5909722222222222 0.0265625 0.07916666666666666
0 0.853515625 0.5430555555555555 0.01640625 0.06666666666666667
0 0.5671875 0.5493055555555556 0.025 0.08194444444444444
0 0.7046875 0.5361111111111111 0.025 0.08055555555555556
0 0.87109375 0.49236111111111114 0.0171875 0.07361111111111111
0 0.783984375 0.79375 0.04453125 0.15138888888888888
0 0.803125 0.4465277777777778 0.015625 0.05416666666666667
0 0.442578125 0.9486111111111111 0.05703125 0.09722222222222222
0 0.621484375 0.5708333333333333 0.02890625 0.09166666666666666
0 0.83203125 0.50625 0.021875 0.06805555555555555
0 0.790234375 0.5583333333333333 0.02421875 0.07777777777777778
0 0.809375 0.5215277777777778 0.021875 0.07083333333333333
0 0.30234375 0.7534722222222222 0.0546875 0.13472222222222222
0 0.575390625 0.9340277777777778 0.05546875 0.11527777777777778
0 0.317578125 0.9340277777777778 0.06484375 0.11527777777777778
0 0.5625 0.6319444444444444 0.034375 0.10555555555555556
0 0.8265625 0.5729166666666666 0.025 0.0763888888888889
0 0.81328125 0.6270833333333333 0.0296875 0.09583333333333334
0 0.841796875 0.7430555555555556 0.03828125 0.13333333333333333
0 0.858203125 0.6145833333333334 0.02109375 0.0875
0 0.71875 0.4083333333333333 0.0203125 0.05555555555555555
0 0.58671875 0.5638888888888889 0.021875 0.08888888888888889
0 0.722265625 0.5354166666666667 0.01953125 0.07083333333333333
0 0.84765625 0.41180555555555554 0.0203125 0.05694444444444444
0 0.752734375 0.4263888888888889 0.01796875 0.05555555555555555
0 0.74296875 0.53125 0.0203125 0.06527777777777778
0 0.743359375 0.47708333333333336 0.02109375 0.05694444444444444
0 0.778515625 0.4486111111111111 0.01328125 0.058333333333333334
0 0.737890625 0.425 0.01796875 0.05
1 0.275 0.6145833333333334 0.0921875 0.10972222222222222
1 0.55390625 0.7652777777777777 0.09375 0.1527777777777778
1 0.650390625 0.49375 0.04921875 0.0875
1 0.591015625 0.38472222222222224 0.03828125 0.06111111111111111
1 0.648828125 0.3638888888888889 0.03203125 0.05277777777777778
0 0.82265625 0.43194444444444446 0.0140625 0.04722222222222222
0 0.77265625 0.47291666666666665 0.0140625 0.05416666666666667
