0 0.855078125 0.5597222222222222 0.04296875 0.13333333333333333
0 0.77734375 0.425 0.0328125 0.10833333333333334
0 0.581640625 0.9069444444444444 0.04765625 0.14444444444444443
0 0.65859375 0.41875 0.0296875 0.10416666666666667
0 0.6828125 0.25763888888888886 0.0171875 0.05416666666666667
0 0.73203125 0.32569444444444445 0.0203125 0.07361111111111111
0 0.705078125 0.4638888888888889 0.03828125 0.11944444444444445
0 0.699609375 0.37916666666666665 0.02890625 0.09444444444444444
0 0.392578125 0.18888888888888888 0.01640625 0.044444444444444446
0 0.40859375 0.1840277777777778 0.0109375 0.043055555555555555
0 0.698828125 0.33819444444444446 0.02421875 0.0763888888888889
1 0.59453125 0.6576388888888889 0.1375 0.22361111111111112
1 0.838671875 0.8909722222222223 0.15859375 0.21805555555555556
1 0.574609375 0.3770833333333333 0.06796875 0.11805555555555555
1 0.540625 0.26944444444444443 0.0453125 0.07777777777777778
1 0.587890625 0.19722222222222222 0.02734375 0.044444444444444446
3 0.534375 0.16319444444444445 0.0375 0.09305555555555556
