7 0.60390625 0.2763888888888889 0.044921875 0.08125
5 0.53203125 0.39375 0.0578125 0.10416666666666667
5 0.598828125 0.7993055555555556 0.16640625 0.35104166666666664
5 0.578515625 0.34444444444444444 0.04453125 0.07256944444444445
5 0.56171875 0.27361111111111114 0.0392578125 0.05243055555555556
5 0.686328125 0.2465277777777778 0.03203125 0.034722222222222224
4 0.702734375 0.3611111111111111 0.0166015625 0.058333333333333334
4 0.175390625 0.4173611111111111 0.03671875 0.09722222222222222
4 0.2015625 0.34097222222222223 0.027734375 0.08159722222222222
4 0.42578125 0.23055555555555557 0.0279296875 0.034027777777777775
6 0.762890625 0.6527777777777778 0.1833984375 0.3142361111111111
