0 0.743359375 0.3527777777777778 0.02734375 0.09444444444444444
0 0.315234375 0.30694444444444446 0.02265625 0.075
0 0.2125 0.5736111111111111 0.040625 0.1388888888888889
0 0.10625 0.6048611111111111 0.046875 0.15138888888888888
0 0.160546875 0.6854166666666667 0.05703125 0.1736111111111111
0 0.321484375 0.40902777777777777 0.03203125 0.10972222222222222
0 0.355078125 0.25763888888888886 0.01953125 0.0625
0 0.571875 0.1451388888888889 0.0125 0.04027777777777778
1 0.73515625 0.4625 0.103125 0.16666666666666666
3 0.56171875 0.24861111111111112 0.0546875 0.08611111111111111
3 0.619921875 0.45 0.09296875 0.2111111111111111
1 0.5640625 0.3375 0.0609375 0.09722222222222222
3 0.65703125 0.27152777777777776 0.1125 0.2013888888888889
