1 0.534375 0.3486111111111111 0.05 0.08611111111111111
1 0.655078125 0.48333333333333334 0.08828125 0.12777777777777777
1 0.5890625 0.25 0.05 0.06111111111111111
1 0.68046875 0.24513888888888888 0.03125 0.05416666666666667
3 0.2671875 0.2673611111111111 0.053125 0.1125
3 0.215625 0.21458333333333332 0.0421875 0.06527777777777778
3 0.168359375 0.19930555555555557 0.03203125 0.07083333333333333
0 0.145703125 0.27291666666666664 0.02109375 0.05694444444444444
0 0.465625 0.23472222222222222 0.0234375 0.044444444444444446
0 0.5203125 0.24444444444444444 0.0328125 0.044444444444444446
