0 0.13984375 0.8902777777777777 0.0515625 0.2111111111111111
0 0.32265625 0.49444444444444446 0.0203125 0.10277777777777777
0 0.378515625 0.4576388888888889 0.02109375 0.10138888888888889
0 0.36796875 0.39652777777777776 0.0171875 0.08472222222222223
0 0.429296875 0.5125 0.02265625 0.11666666666666667
0 0.45859375 0.5215277777777778 0.025 0.11527777777777778
0 0.4953125 0.47708333333333336 0.0265625 0.10694444444444444
0 0.484375 0.3701388888888889 0.015625 0.0763888888888889
0 0.508203125 0.30416666666666664 0.01640625 0.06666666666666667
0 0.478125 0.27291666666666664 0.0140625 0.05416666666666667
