4 0.60078125 0.4951388888888889 0.023828125 0.11805555555555555
4 0.31640625 0.40208333333333335 0.044921875 0.1232638888888889
4 0.273046875 0.34444444444444444 0.0328125 0.11076388888888888
4 0.080078125 0.3951388888888889 0.0603515625 0.07673611111111112
4 0.37265625 0.30694444444444446 0.0234375 0.09166666666666666
4 0.3328125 0.2986111111111111 0.0310546875 0.08368055555555555
4 0.08828125 0.875 0.1234375 0.24722222222222223
4 0.377734375 0.24027777777777778 0.0212890625 0.06111111111111111
4 0.5875 0.20208333333333334 0.0203125 0.06493055555555556
4 0.649609375 0.25972222222222224 0.0255859375 0.075
4 0.630078125 0.21458333333333332 0.0162109375 0.04895833333333333
