0 0.3703125 0.2875 0.025 0.08888888888888889
0 0.79921875 0.71875 0.0546875 0.18194444444444444
0 0.819921875 0.5215277777777778 0.03515625 0.12083333333333333
0 0.702734375 0.31805555555555554 0.01484375 0.06111111111111111
0 0.467578125 0.22916666666666666 0.01640625 0.06666666666666667
0 0.525390625 0.16597222222222222 0.01015625 0.043055555555555555
1 0.7015625 0.4527777777777778 0.103125 0.14444444444444443
1 0.42265625 0.3506944444444444 0.0578125 0.12638888888888888
3 0.58203125 0.3909722222222222 0.1015625 0.28194444444444444
2 0.651953125 0.28958333333333336 0.09921875 0.18194444444444444
