1 0.805859375 0.6791666666666667 0.17578125 0.24166666666666667
1 0.3046875 0.40555555555555556 0.08125 0.12777777777777777
1 0.094140625 0.8256944444444444 0.18203125 0.3347222222222222
0 0.0203125 0.7125 0.040625 0.13055555555555556
0 0.20546875 0.46041666666666664 0.0296875 0.11527777777777778
3 0.357421875 0.5708333333333333 0.18984375 0.5361111111111111
3 0.57265625 0.15902777777777777 0.06875 0.1375
3 0.4515625 0.1763888888888889 0.05625 0.175
0 0.33515625 0.2375 0.0203125 0.06666666666666667
0 0.518359375 0.22152777777777777 0.02109375 0.07083333333333333
