0 0.511328125 0.5430555555555555 0.07421875 0.11666666666666667
0 0.426953125 0.7701388888888889 0.04921875 0.19583333333333333
0 0.34609375 0.36875 0.025 0.10138888888888889
0 0.4625 0.30069444444444443 0.01875 0.08194444444444444
0 0.2671875 0.4375 0.0578125 0.1
0 0.815625 0.4756944444444444 0.0640625 0.09305555555555556
0 0.03203125 0.6166666666666667 0.0421875 0.16111111111111112
0 0.380078125 0.32430555555555557 0.01640625 0.08472222222222223
0 0.311328125 0.325 0.01953125 0.075
0 0.28359375 0.3298611111111111 0.0203125 0.06805555555555555
0 0.76875 0.44375 0.0515625 0.08194444444444444
0 0.048046875 0.3701388888888889 0.05390625 0.09305555555555556
0 0.44375 0.29583333333333334 0.0171875 0.06666666666666667
0 0.424609375 0.28958333333333336 0.02109375 0.059722222222222225
0 0.3546875 0.29791666666666666 0.021875 0.06805555555555555
1 0.645703125 0.38055555555555554 0.08203125 0.08611111111111111
1 0.456640625 0.24027777777777778 0.03203125 0.06666666666666667
1 0.41796875 0.18680555555555556 0.0296875 0.05694444444444444
3 0.54140625 0.28888888888888886 0.0640625 0.13055555555555556
3 0.464453125 0.15902777777777777 0.02890625 0.07083333333333333
3 0.501953125 0.13125 0.02890625 0.07916666666666666
0 0.32734375 0.33194444444444443 0.0125 0.07222222222222222
