0 0.77734375 0.3840277777777778 0.0125 0.04861111111111111
0 0.811328125 0.45 0.01640625 0.06388888888888888
0 0.462109375 0.6583333333333333 0.03984375 0.11666666666666667
0 0.8 0.40694444444444444 0.0140625 0.04722222222222222
0 0.299609375 0.9125 0.07421875 0.14444444444444443
0 0.7609375 0.5 0.01875 0.06388888888888888
0 0.64609375 0.5097222222222222 0.0265625 0.07222222222222222
0 0.502734375 0.6826388888888889 0.03828125 0.1125
0 0.7359375 0.43194444444444446 0.0171875 0.05277777777777778
0 0.77421875 0.8659722222222223 0.046875 0.1625
0 0.4484375 0.9361111111111111 0.0578125 0.12777777777777777
0 0.595703125 0.5569444444444445 0.02578125 0.08055555555555556
0 0.53203125 0.6284722222222222 0.034375 0.09861111111111111
0 0.581640625 0.6625 0.03671875 0.10277777777777777
0 0.633984375 0.5715277777777777 0.03203125 0.09305555555555556
0 0.425390625 0.7708333333333334 0.04453125 0.10277777777777777
0 0.5671875 0.5659722222222222 0.0265625 0.07916666666666666
0 0.7390625 0.38333333333333336 0.015625 0.044444444444444446
0 0.756640625 0.44930555555555557 0.01640625 0.05138888888888889
0 0.81796875 0.35347222222222224 0.0125 0.043055555555555555
0 0.83203125 0.35 0.0140625 0.03888888888888889
0 0.79375 0.3388888888888889 0.0125 0.03888888888888889
0 0.415625 0.8743055555555556 0.0453125 0.1375
0 0.801953125 0.37916666666666665 0.01328125 0.03888888888888889
1 0.183203125 0.6708333333333333 0.12578125 0.12777777777777777
1 0.6109375 0.4 0.0390625 0.05
1 0.550390625 0.4666666666666667 0.04921875 0.075
1 0.673046875 0.32222222222222224 0.02578125 0.03888888888888889
1 0.63359375 0.30972222222222223 0.0234375 0.03611111111111111
