0 0.033203125 0.8763888888888889 0.06640625 0.22777777777777777
0 0.32421875 0.26458333333333334 0.0296875 0.08472222222222223
0 0.7703125 0.3770833333333333 0.034375 0.09305555555555556
0 0.79140625 0.45416666666666666 0.0359375 0.11666666666666667
0 0.6390625 0.26180555555555557 0.0265625 0.06805555555555555
0 0.675390625 0.2513888888888889 0.01953125 0.044444444444444446
0 0.616796875 0.1875 0.02265625 0.05277777777777778
2 0.2984375 0.6006944444444444 0.1609375 0.37916666666666665
3 0.698046875 0.38472222222222224 0.13359375 0.24166666666666667
3 0.560546875 0.3173611111111111 0.06953125 0.2013888888888889
2 0.379296875 0.14583333333333334 0.09296875 0.06111111111111111
3 0.469921875 0.16111111111111112 0.05859375 0.08611111111111111
2 0.523828125 0.1951388888888889 0.04140625 0.07916666666666666
