4 0.149609375 0.23958333333333334 0.01953125 0.05381944444444445
4 0.776953125 0.41944444444444445 0.0302734375 0.0920138888888889
5 0.60390625 0.35138888888888886 0.045703125 0.08645833333333333
5 0.533203125 0.22916666666666666 0.0568359375 0.05277777777777778
5 0.61875 0.24027777777777778 0.0423828125 0.04652777777777778
5 0.380078125 0.21597222222222223 0.0525390625 0.04722222222222222
5 0.68828125 0.2520833333333333 0.0376953125 0.04895833333333333
6 0.759375 0.6701388888888888 0.2060546875 0.3572916666666667
6 0.555078125 0.46458333333333335 0.09765625 0.21944444444444444
6 0.603515625 0.29375 0.0568359375 0.10381944444444445
5 0.519921875 0.3173611111111111 0.03984375 0.065625
