3 0.156640625 0.16527777777777777 0.08046875 0.08611111111111111
3 0.17109375 0.23333333333333334 0.0625 0.08333333333333333
3 0.26640625 0.20833333333333334 0.090625 0.1361111111111111
3 0.581640625 0.21597222222222223 0.06328125 0.0625
0 0.066015625 0.49722222222222223 0.03203125 0.11666666666666667
0 0.16796875 0.4027777777777778 0.028125 0.1
0 0.7546875 0.40069444444444446 0.0234375 0.08194444444444444
0 0.71328125 0.31666666666666665 0.0140625 0.06111111111111111
0 0.520703125 0.22777777777777777 0.02265625 0.041666666666666664
0 0.6890625 0.21805555555555556 0.0125 0.03888888888888889
2 0.41328125 0.21666666666666667 0.09375 0.06666666666666667
