0 0.099609375 0.9145833333333333 0.05546875 0.17083333333333334
0 0.212109375 0.8805555555555555 0.06171875 0.21388888888888888
0 0.3171875 0.5472222222222223 0.0265625 0.12777777777777777
0 0.34921875 0.6243055555555556 0.0375 0.1625
0 0.469921875 0.5743055555555555 0.03359375 0.12638888888888888
0 0.524609375 0.5520833333333334 0.02890625 0.13472222222222222
0 0.498046875 0.4513888888888889 0.02421875 0.09444444444444444
0 0.41640625 0.40694444444444444 0.021875 0.09722222222222222
0 0.372265625 0.4222222222222222 0.03671875 0.09444444444444444
0 0.54296875 0.33541666666666664 0.0171875 0.07083333333333333
1 0.448828125 0.275 0.03515625 0.06944444444444445
3 0.471875 0.20694444444444443 0.028125 0.08055555555555556
