0 0.700390625 0.91875 0.04609375 0.12638888888888888
0 0.612109375 0.8909722222222223 0.05078125 0.15138888888888888
0 0.386328125 0.7805555555555556 0.05234375 0.1361111111111111
0 0.823828125 0.6041666666666666 0.03515625 0.09444444444444444
0 0.697265625 0.7541666666666667 0.03828125 0.1111111111111111
0 0.605078125 0.5180555555555556 0.03046875 0.07777777777777778
0 0.034765625 0.9222222222222223 0.06796875 0.12222222222222222
0 0.292578125 0.9354166666666667 0.06328125 0.1125
0 0.79140625 0.5451388888888888 0.0296875 0.07916666666666666
0 0.44609375 0.6451388888888889 0.0421875 0.10972222222222222
0 0.6984375 0.46111111111111114 0.0234375 0.058333333333333334
0 0.571875 0.5631944444444444 0.03125 0.07916666666666666
0 0.720703125 0.3958333333333333 0.02109375 0.05277777777777778
0 0.65859375 0.5347222222222222 0.0265625 0.075
0 0.730859375 0.5034722222222222 0.02734375 0.0625
0 0.73046875 0.4479166666666667 0.0234375 0.059722222222222225
0 0.88671875 0.5861111111111111 0.0484375 0.09722222222222222
0 0.8296875 0.42430555555555555 0.0234375 0.059722222222222225
0 0.698828125 0.6145833333333334 0.03046875 0.08472222222222223
0 0.73671875 0.6458333333333334 0.03125 0.08888888888888889
0 0.753125 0.5736111111111111 0.028125 0.07777777777777778
0 0.71328125 0.5347222222222222 0.0234375 0.06111111111111111
0 0.540625 0.6694444444444444 0.040625 0.10277777777777777
0 0.749609375 0.42291666666666666 0.01484375 0.05138888888888889
0 0.677734375 0.44583333333333336 0.01796875 0.05555555555555555
0 0.68671875 0.5666666666666667 0.0171875 0.07777777777777778
0 0.800390625 0.41944444444444445 0.02421875 0.06111111111111111
0 0.859765625 0.40555555555555556 0.02421875 0.06111111111111111
0 0.68203125 0.4930555555555556 0.0234375 0.058333333333333334
1 0.619140625 0.3506944444444444 0.03671875 0.05416666666666667
1 0.66015625 0.32013888888888886 0.0328125 0.04583333333333333
