2 0.602734375 0.27291666666666664 0.04765625 0.11805555555555555
2 0.614453125 0.3486111111111111 0.06015625 0.11666666666666667
1 0.72890625 0.6493055555555556 0.1203125 0.1763888888888889
1 0.854296875 0.9486111111111111 0.20078125 0.10277777777777777
1 0.583984375 0.5861111111111111 0.10078125 0.18055555555555555
1 0.64609375 0.46111111111111114 0.06875 0.125
1 0.665234375 0.25625 0.04609375 0.05138888888888889
1 0.71484375 0.23333333333333334 0.059375 0.05277777777777778
1 0.32890625 0.21180555555555555 0.0515625 0.04861111111111111
3 0.525 0.3263888888888889 0.08125 0.2
0 0.41796875 0.3284722222222222 0.0171875 0.07083333333333333
0 0.837109375 0.5243055555555556 0.02890625 0.10694444444444444
0 0.708203125 0.29930555555555555 0.01484375 0.05694444444444444
0 0.2828125 0.20972222222222223 0.0203125 0.05
3 0.187890625 0.16597222222222222 0.06328125 0.05694444444444444
1 0.559765625 0.22291666666666668 0.05078125 0.04583333333333333
