0 0.800390625 0.5069444444444444 0.02734375 0.1111111111111111
0 0.252734375 0.40694444444444444 0.02265625 0.1
0 0.013671875 0.7381944444444445 0.02734375 0.16805555555555557
0 0.744140625 0.5680555555555555 0.03828125 0.11944444444444445
0 0.156640625 0.5368055555555555 0.03984375 0.12638888888888888
0 0.387890625 0.26666666666666666 0.01484375 0.06944444444444445
0 0.8390625 0.6340277777777777 0.0390625 0.12916666666666668
0 0.276953125 0.3388888888888889 0.01953125 0.08888888888888889
0 0.399609375 0.20625 0.00859375 0.0375
0 0.103125 0.7791666666666667 0.046875 0.16944444444444445
0 0.4234375 0.19652777777777777 0.009375 0.034722222222222224
2 0.333203125 0.3902777777777778 0.08359375 0.17777777777777778
3 0.437109375 0.28958333333333336 0.07109375 0.1625
3 0.471875 0.1701388888888889 0.0296875 0.06527777777777778
3 0.178125 0.8673611111111111 0.321875 0.2652777777777778
3 0.56640625 0.18333333333333332 0.0296875 0.06111111111111111
3 0.512890625 0.175 0.03203125 0.058333333333333334
0 0.172265625 0.45625 0.02578125 0.07916666666666666
