4 0.37421875 0.41458333333333336 0.030078125 0.09618055555555556
5 0.725 0.5263888888888889 0.112890625 0.1829861111111111
4 0.68984375 0.6402777777777777 0.0470703125 0.14652777777777778
4 0.722265625 0.4083333333333333 0.02734375 0.08576388888888889
4 0.69140625 0.3451388888888889 0.0279296875 0.09583333333333334
4 0.633984375 0.28958333333333336 0.0322265625 0.06770833333333333
6 0.552734375 0.26875 0.0818359375 0.16284722222222223
4 0.30703125 0.46111111111111114 0.046875 0.14131944444444444
4 0.30390625 0.36319444444444443 0.0328125 0.08472222222222223
4 0.353125 0.28402777777777777 0.024609375 0.07118055555555555
4 0.396875 0.28194444444444444 0.0251953125 0.09166666666666666
4 0.251953125 0.3638888888888889 0.0322265625 0.08819444444444445
4 0.130078125 0.5958333333333333 0.0505859375 0.1527777777777778
4 0.2203125 0.6402777777777777 0.043359375 0.12465277777777778
4 0.223828125 0.49930555555555556 0.03828125 0.109375
4 0.081640625 0.3972222222222222 0.0646484375 0.075
4 0.3609375 0.22777777777777777 0.021875 0.06909722222222223
