5 0.74140625 0.5756944444444444 0.121875 0.18888888888888888
7 0.58984375 0.35694444444444445 0.1423828125 0.29409722222222223
4 0.906640625 0.6451388888888889 0.084375 0.1527777777777778
4 0.725390625 0.35555555555555557 0.0244140625 0.075
4 0.746484375 0.36041666666666666 0.0384765625 0.10104166666666667
4 0.68671875 0.3194444444444444 0.0201171875 0.06076388888888889
4 0.2546875 0.4083333333333333 0.0310546875 0.12465277777777778
4 0.079296875 0.40208333333333335 0.0615234375 0.08159722222222222
4 0.666796875 0.32083333333333336 0.0224609375 0.0798611111111111
4 0.79453125 0.3993055555555556 0.0328125 0.11006944444444444
