1 0.4171875 0.6645833333333333 0.103125 0.2013888888888889
0 0.554296875 0.4895833333333333 0.02734375 0.1125
0 0.51015625 0.3402777777777778 0.01875 0.075
0 0.39609375 0.3236111111111111 0.0125 0.06388888888888888
0 0.4796875 0.2986111111111111 0.015625 0.058333333333333334
0 0.49453125 0.2791666666666667 0.0125 0.05
0 0.538671875 0.2743055555555556 0.01171875 0.05138888888888889
0 0.443359375 0.24722222222222223 0.01015625 0.044444444444444446
0 0.46484375 0.24305555555555555 0.0109375 0.044444444444444446
0 0.52890625 0.23819444444444443 0.009375 0.04027777777777778
3 0.50234375 0.2111111111111111 0.0328125 0.08055555555555556
2 0.5125 0.17569444444444443 0.0203125 0.043055555555555555
0 0.454296875 0.22083333333333333 0.00859375 0.027777777777777776
0 0.47265625 0.20833333333333334 0.009375 0.027777777777777776
