0 0.64296875 0.30833333333333335 0.0171875 0.075
0 0.4234375 0.26944444444444443 0.015625 0.06944444444444445
0 0.344921875 0.4215277777777778 0.02578125 0.10694444444444444
0 0.3546875 0.3236111111111111 0.0171875 0.075
0 0.440625 0.19791666666666666 0.0109375 0.05694444444444444
0 0.39296875 0.28194444444444444 0.0140625 0.075
0 0.395703125 0.21388888888888888 0.01171875 0.05555555555555555
1 0.567578125 0.21319444444444444 0.03046875 0.0625
3 0.534765625 0.21458333333333332 0.02890625 0.07083333333333333
3 0.56796875 0.21944444444444444 0.03125 0.05
0 0.35625 0.2604166666666667 0.015625 0.04583333333333333
2 0.169921875 0.44305555555555554 0.12890625 0.2111111111111111
0 0.040625 0.4444444444444444 0.0328125 0.1111111111111111
