0 0.729296875 0.6048611111111111 0.03828125 0.1486111111111111
0 0.84453125 0.91875 0.0734375 0.1625
0 0.634765625 0.45208333333333334 0.02578125 0.12083333333333333
0 0.823828125 0.7680555555555556 0.04921875 0.15
0 0.2921875 0.3416666666666667 0.0265625 0.09166666666666666
0 0.907421875 0.78125 0.05234375 0.16805555555555557
0 0.18359375 0.61875 0.034375 0.15416666666666667
0 0.21484375 0.44166666666666665 0.053125 0.10555555555555556
0 0.81640625 0.6333333333333333 0.0484375 0.1388888888888889
0 0.336328125 0.7270833333333333 0.03984375 0.19027777777777777
0 0.33125 0.3284722222222222 0.021875 0.09305555555555556
0 0.878125 0.4513888888888889 0.0640625 0.1
0 0.39609375 0.2604166666666667 0.015625 0.07361111111111111
0 0.487890625 0.3020833333333333 0.02734375 0.08194444444444444
0 0.66875 0.30069444444444443 0.021875 0.07916666666666666
0 0.636328125 0.3784722222222222 0.02109375 0.10138888888888889
0 0.78359375 0.4388888888888889 0.059375 0.09722222222222222
0 0.073046875 0.39166666666666666 0.05703125 0.07777777777777778
0 0.430078125 0.3020833333333333 0.01640625 0.08194444444444444
0 0.54921875 0.24027777777777778 0.021875 0.06111111111111111
0 0.575 0.2972222222222222 0.0171875 0.075
0 0.35546875 0.26944444444444443 0.01875 0.06666666666666667
0 0.36796875 0.25625 0.0171875 0.06527777777777778
0 0.64140625 0.30833333333333335 0.0234375 0.075
0 0.564453125 0.24097222222222223 0.01640625 0.05694444444444444
0 0.009765625 0.33958333333333335 0.01953125 0.08194444444444444
1 0.034765625 0.46597222222222223 0.06328125 0.10972222222222222
1 0.4546875 0.5875 0.1453125 0.18055555555555555
1 0.51953125 0.19722222222222222 0.0296875 0.058333333333333334
