0 0.496484375 0.8534722222222222 0.05546875 0.14027777777777778
0 0.72265625 0.39166666666666666 0.0203125 0.05
0 0.5578125 0.5180555555555556 0.03125 0.08333333333333333
0 0.82265625 0.42430555555555555 0.021875 0.05694444444444444
0 0.3375 0.8513888888888889 0.0625 0.15833333333333333
0 0.403125 0.7284722222222222 0.046875 0.11805555555555555
0 0.662109375 0.4361111111111111 0.02421875 0.06666666666666667
0 0.66875 0.7965277777777777 0.05 0.12083333333333333
0 0.787109375 0.4326388888888889 0.02109375 0.05694444444444444
0 0.705859375 0.4270833333333333 0.02265625 0.05694444444444444
0 0.844140625 0.39444444444444443 0.02109375 0.05555555555555555
0 0.675390625 0.6993055555555555 0.03671875 0.09027777777777778
0 0.705859375 0.6583333333333333 0.02734375 0.1
0 0.57578125 0.6590277777777778 0.040625 0.10694444444444444
0 0.494140625 0.7583333333333333 0.04296875 0.10555555555555556
0 0.51953125 0.5868055555555556 0.0328125 0.0875
0 0.820703125 0.5208333333333334 0.03046875 0.07222222222222222
0 0.957421875 0.8798611111111111 0.04765625 0.18472222222222223
0 0.426953125 0.8368055555555556 0.05234375 0.13472222222222222
0 0.609765625 0.5604166666666667 0.03203125 0.0875
0 0.765625 0.4222222222222222 0.0203125 0.05555555555555555
0 0.601953125 0.49027777777777776 0.02890625 0.06666666666666667
0 0.87109375 0.5361111111111111 0.0328125 0.08611111111111111
0 0.512890625 0.6833333333333333 0.04140625 0.10555555555555556
0 0.7390625 0.375 0.0171875 0.04722222222222222
0 0.779296875 0.39444444444444443 0.01640625 0.04722222222222222
0 0.75390625 0.39444444444444443 0.015625 0.04722222222222222
0 0.8109375 0.4013888888888889 0.015625 0.05555555555555555
1 0.308203125 0.6423611111111112 0.12109375 0.13472222222222222
1 0.70625 0.4930555555555556 0.059375 0.08611111111111111
1 0.799609375 0.5916666666666667 0.10859375 0.1111111111111111
1 0.612890625 0.41180555555555554 0.04609375 0.06805555555555555
1 0.580078125 0.3770833333333333 0.03828125 0.05694444444444444
1 0.65390625 0.34097222222222223 0.028125 0.043055555555555555
1 0.634375 0.3090277777777778 0.0234375 0.0375
0 0.714453125 0.6083333333333333 0.02890625 0.075
