1 0.5296875 0.3798611111111111 0.0546875 0.10138888888888889
1 0.548828125 0.29097222222222224 0.04453125 0.05138888888888889
2 0.7 0.24027777777777778 0.046875 0.05555555555555555
2 0.636328125 0.375 0.08046875 0.1638888888888889
0 0.9796875 0.7215277777777778 0.040625 0.14583333333333334
0 0.862109375 0.5625 0.03828125 0.10833333333333334
0 0.777734375 0.44375 0.02578125 0.08472222222222223
0 0.731640625 0.39861111111111114 0.01953125 0.08611111111111111
0 0.723828125 0.3576388888888889 0.01796875 0.07916666666666666
1 0.5546875 0.22152777777777777 0.0578125 0.04027777777777778
