0 0.65390625 0.45 0.0578125 0.1
0 0.494921875 0.55625 0.07265625 0.11805555555555555
0 0.28515625 0.5875 0.0671875 0.12777777777777777
0 0.387109375 0.53125 0.06953125 0.1125
0 0.244921875 0.6993055555555555 0.09296875 0.1375
0 0.783984375 0.47430555555555554 0.06953125 0.09861111111111111
0 0.05625 0.7534722222222222 0.0921875 0.1486111111111111
0 0.48984375 0.3402777777777778 0.025 0.08611111111111111
0 0.587109375 0.2152777777777778 0.01640625 0.06111111111111111
0 0.590625 0.4340277777777778 0.0625 0.09305555555555556
0 0.745703125 0.4111111111111111 0.02890625 0.09166666666666666
0 0.30625 0.2965277777777778 0.0203125 0.07361111111111111
0 0.66953125 0.3020833333333333 0.021875 0.07916666666666666
0 0.25234375 0.5180555555555556 0.065625 0.10555555555555556
0 0.095703125 0.65625 0.06796875 0.14027777777777778
0 0.158984375 0.6166666666666667 0.06328125 0.14722222222222223
0 0.339453125 0.4131944444444444 0.05390625 0.0875
0 0.348046875 0.28125 0.02109375 0.07083333333333333
0 0.401171875 0.2972222222222222 0.02421875 0.06666666666666667
0 0.814453125 0.45208333333333334 0.05546875 0.09583333333333334
0 0.60390625 0.2548611111111111 0.01875 0.05694444444444444
0 0.433203125 0.29375 0.02265625 0.06805555555555555
0 0.376953125 0.3951388888888889 0.05703125 0.09027777777777778
0 0.21328125 0.6569444444444444 0.0765625 0.1361111111111111
0 0.1828125 0.5458333333333333 0.05 0.10555555555555556
0 0.3703125 0.45 0.0546875 0.08888888888888889
1 0.1125 0.4666666666666667 0.1578125 0.12777777777777777
1 0.61328125 0.31319444444444444 0.0765625 0.06805555555555555
3 0.4625 0.25416666666666665 0.04375 0.11388888888888889
0 0.079296875 0.6034722222222222 0.07890625 0.11527777777777778
