0 0.158984375 0.9222222222222223 0.07890625 0.13333333333333333
0 0.526953125 0.78125 0.04765625 0.12638888888888888
0 0.275390625 0.8097222222222222 0.07109375 0.15
0 0.855078125 0.9090277777777778 0.04765625 0.13194444444444445
0 0.7078125 0.4479166666666667 0.021875 0.05416666666666667
0 0.48046875 0.7291666666666666 0.04375 0.1111111111111111
0 0.512109375 0.9472222222222222 0.05546875 0.09166666666666666
0 0.6265625 0.7847222222222222 0.0390625 0.11666666666666667
0 0.707421875 0.7006944444444444 0.03828125 0.10138888888888889
0 0.7125 0.5020833333333333 0.0296875 0.0763888888888889
0 0.612109375 0.6986111111111111 0.03671875 0.09166666666666666
0 0.75859375 0.5486111111111112 0.0265625 0.075
0 0.68046875 0.8131944444444444 0.04375 0.12083333333333333
0 0.676171875 0.47430555555555554 0.02734375 0.07361111111111111
0 0.85234375 0.46597222222222223 0.0265625 0.07083333333333333
0 0.742578125 0.4888888888888889 0.02265625 0.06666666666666667
0 0.744140625 0.4236111111111111 0.01796875 0.04722222222222222
0 0.792578125 0.5298611111111111 0.03046875 0.07916666666666666
0 0.688671875 0.43125 0.02109375 0.05416666666666667
0 0.814453125 0.5034722222222222 0.02734375 0.07361111111111111
0 0.455078125 0.7708333333333334 0.04765625 0.125
0 0.769921875 0.5034722222222222 0.02421875 0.06527777777777778
0 0.759765625 0.4527777777777778 0.01953125 0.05
0 0.87578125 0.43680555555555556 0.025 0.06527777777777778
0 0.728515625 0.3909722222222222 0.01796875 0.04583333333333333
0 0.813671875 0.42083333333333334 0.01953125 0.05277777777777778
0 0.707421875 0.40902777777777777 0.01953125 0.04861111111111111
0 0.784765625 0.45208333333333334 0.02109375 0.05416666666666667
0 0.8078125 0.46458333333333335 0.0234375 0.05416666666666667
0 0.84765625 0.4215277777777778 0.021875 0.05694444444444444
1 0.121875 0.6965277777777777 0.15 0.13472222222222222
1 0.56640625 0.6041666666666666 0.071875 0.11388888888888889
1 0.609765625 0.425 0.05078125 0.075
1 0.5421875 0.4777777777777778 0.0640625 0.07222222222222222
1 0.619921875 0.34930555555555554 0.03515625 0.05138888888888889
2 0.533203125 0.42083333333333334 0.06328125 0.07777777777777778
