0 0.456640625 0.8527777777777777 0.04609375 0.13333333333333333
0 0.78671875 0.40694444444444444 0.01875 0.05555555555555555
0 0.74453125 0.6576388888888889 0.034375 0.1125
0 0.60546875 0.61875 0.0328125 0.09583333333333334
0 0.754296875 0.5354166666666667 0.02734375 0.07916666666666666
0 0.466015625 0.7381944444444445 0.04609375 0.12638888888888888
0 0.66953125 0.4909722222222222 0.021875 0.06805555555555555
0 0.76953125 0.4361111111111111 0.0171875 0.05277777777777778
0 0.853125 0.42083333333333334 0.01875 0.058333333333333334
0 0.69921875 0.4388888888888889 0.0203125 0.05555555555555555
0 0.79453125 0.6270833333333333 0.034375 0.10138888888888889
0 0.689453125 0.46805555555555556 0.02109375 0.06666666666666667
0 0.770703125 0.4888888888888889 0.02109375 0.06388888888888888
0 0.77890625 0.8541666666666666 0.04375 0.1388888888888889
0 0.8171875 0.37569444444444444 0.0171875 0.04861111111111111
0 0.59140625 0.5520833333333334 0.028125 0.08194444444444444
0 0.848046875 0.3784722222222222 0.01328125 0.043055555555555555
0 0.717578125 0.39166666666666666 0.01796875 0.05277777777777778
0 0.5296875 0.5715277777777777 0.0328125 0.09583333333333334
0 0.775 0.36736111111111114 0.0140625 0.04027777777777778
0 0.749609375 0.4548611111111111 0.02109375 0.06527777777777778
0 0.751171875 0.4083333333333333 0.01640625 0.04722222222222222
0 0.841015625 0.9361111111111111 0.05703125 0.09166666666666666
0 0.754296875 0.38333333333333336 0.01484375 0.044444444444444446
0 0.698828125 0.9097222222222222 0.06015625 0.1388888888888889
0 0.76796875 0.3923611111111111 0.015625 0.04861111111111111
0 0.789453125 0.3375 0.01171875 0.03888888888888889
0 0.683203125 0.9229166666666667 0.06484375 0.11527777777777778
0 0.756640625 0.3284722222222222 0.01328125 0.04027777777777778
0 0.77734375 0.3215277777777778 0.0125 0.04027777777777778
1 0.440234375 0.5076388888888889 0.06796875 0.08194444444444444
1 0.61953125 0.35208333333333336 0.0265625 0.043055555555555555
1 0.651953125 0.36944444444444446 0.03046875 0.05
1 0.59453125 0.3854166666666667 0.034375 0.05694444444444444
