3 0.418359375 0.20833333333333334 0.09921875 0.08611111111111111
2 0.591015625 0.5138888888888888 0.15234375 0.44166666666666665
2 0.62421875 0.31180555555555556 0.059375 0.14027777777777778
2 0.653125 0.24861111111111112 0.065625 0.08611111111111111
2 0.6875 0.2222222222222222 0.059375 0.08611111111111111
2 0.575390625 0.2111111111111111 0.08359375 0.075
2 0.81328125 0.8083333333333333 0.175 0.24722222222222223
0 0.975 0.7131944444444445 0.05 0.15416666666666667
0 0.701171875 0.32083333333333336 0.01484375 0.06666666666666667
0 0.09375 0.4625 0.0296875 0.1
