0 0.75546875 0.4111111111111111 0.0140625 0.05277777777777778
0 0.680859375 0.6520833333333333 0.02890625 0.11527777777777778
0 0.605859375 0.7069444444444445 0.03828125 0.12222222222222222
0 0.5796875 0.6763888888888889 0.03125 0.11666666666666667
0 0.82109375 0.5875 0.0234375 0.09166666666666666
2 0.50546875 0.42083333333333334 0.0921875 0.13333333333333333
0 0.791796875 0.5444444444444444 0.01953125 0.075
1 0.100390625 0.8298611111111112 0.18984375 0.15138888888888888
1 0.4453125 0.5569444444444445 0.0890625 0.1111111111111111
0 0.782421875 0.6583333333333333 0.03515625 0.11666666666666667
0 0.7078125 0.7090277777777778 0.03125 0.13194444444444445
0 0.847265625 0.6395833333333333 0.03046875 0.10138888888888889
0 0.869140625 0.5402777777777777 0.02265625 0.08333333333333333
0 0.737890625 0.75 0.03515625 0.15833333333333333
0 0.451953125 0.7145833333333333 0.03828125 0.14583333333333334
0 0.177734375 0.9111111111111111 0.06328125 0.15555555555555556
0 0.643359375 0.7743055555555556 0.03828125 0.1597222222222222
0 0.521484375 0.66875 0.03203125 0.10972222222222222
0 0.27421875 0.6756944444444445 0.0515625 0.12638888888888888
0 0.387109375 0.8458333333333333 0.05078125 0.1638888888888889
1 0.60703125 0.5583333333333333 0.0671875 0.09722222222222222
1 0.60078125 0.4236111111111111 0.04375 0.04722222222222222
0 0.641015625 0.49930555555555556 0.02109375 0.06527777777777778
0 0.64375 0.45069444444444445 0.015625 0.059722222222222225
0 0.749609375 0.4951388888888889 0.01953125 0.06805555555555555
0 0.7171875 0.4979166666666667 0.0140625 0.06805555555555555
0 0.72890625 0.5631944444444444 0.021875 0.08194444444444444
0 0.74921875 0.5840277777777778 0.025 0.08472222222222223
0 0.66171875 0.6201388888888889 0.021875 0.09861111111111111
0 0.709765625 0.6076388888888888 0.01796875 0.07361111111111111
0 0.82578125 0.5020833333333333 0.01875 0.07083333333333333
0 0.8078125 0.51875 0.015625 0.07083333333333333
0 0.50390625 0.6395833333333333 0.0234375 0.10972222222222222
0 0.7734375 0.5243055555555556 0.0171875 0.0763888888888889
2 0.710546875 0.32708333333333334 0.02890625 0.07361111111111111
1 0.679296875 0.3861111111111111 0.02890625 0.04722222222222222
1 0.65546875 0.36319444444444443 0.0296875 0.05138888888888889
1 0.711328125 0.45208333333333334 0.04296875 0.05138888888888889
1 0.626171875 0.39166666666666666 0.02890625 0.03333333333333333
0 0.8703125 0.46458333333333335 0.01875 0.04583333333333333
0 0.80390625 0.45625 0.0203125 0.04583333333333333
0 0.805859375 0.40069444444444446 0.01796875 0.04583333333333333
0 0.78359375 0.4048611111111111 0.0140625 0.04583333333333333
0 0.7359375 0.42291666666666666 0.015625 0.05416666666666667
0 0.705078125 0.4 0.01484375 0.05555555555555555
