0 0.9421875 0.7409722222222223 0.0546875 0.17083333333333334
0 0.34921875 0.25555555555555554 0.0140625 0.058333333333333334
0 0.72265625 0.36666666666666664 0.01875 0.06944444444444445
0 0.425 0.1673611111111111 0.0109375 0.0375
2 0.12890625 0.7395833333333334 0.2328125 0.44583333333333336
3 0.258203125 0.8173611111111111 0.30390625 0.36527777777777776
3 0.677734375 0.6423611111111112 0.29296875 0.7152777777777778
3 0.464453125 0.17083333333333334 0.02578125 0.058333333333333334
3 0.553515625 0.2798611111111111 0.07890625 0.1875
0 0.161328125 0.49166666666666664 0.04140625 0.075
