0 0.91953125 0.4701388888888889 0.0640625 0.0875
0 0.430859375 0.3104166666666667 0.02109375 0.08472222222222223
0 0.60546875 0.2263888888888889 0.0140625 0.041666666666666664
0 0.31796875 0.2902777777777778 0.0140625 0.06111111111111111
0 0.342578125 0.28888888888888886 0.01640625 0.06388888888888888
1 0.666015625 0.5340277777777778 0.17265625 0.12083333333333333
1 0.4 0.2833333333333333 0.040625 0.08333333333333333
1 0.541015625 0.23055555555555557 0.03203125 0.06944444444444445
0 0.483984375 0.2951388888888889 0.01328125 0.06805555555555555
0 0.456640625 0.3 0.01640625 0.06666666666666667
0 0.365625 0.2881944444444444 0.015625 0.059722222222222225
