0 0.424609375 0.9076388888888889 0.05859375 0.1486111111111111
0 0.30546875 0.8680555555555556 0.0625 0.15555555555555556
0 0.79375 0.5048611111111111 0.0265625 0.07083333333333333
0 0.690625 0.6034722222222222 0.034375 0.09305555555555556
0 0.465234375 0.73125 0.04921875 0.13194444444444445
0 0.730859375 0.5069444444444444 0.02265625 0.06666666666666667
0 0.815625 0.46458333333333335 0.0234375 0.0625
0 0.708203125 0.7527777777777778 0.04609375 0.12222222222222222
0 0.705859375 0.40902777777777777 0.02109375 0.05138888888888889
0 0.7703125 0.5743055555555555 0.03125 0.08472222222222223
0 0.591796875 0.7277777777777777 0.04140625 0.11666666666666667
0 0.728515625 0.3993055555555556 0.02109375 0.05138888888888889
0 0.64140625 0.5305555555555556 0.0296875 0.08055555555555556
0 0.748046875 0.5465277777777777 0.02578125 0.07361111111111111
0 0.841015625 0.4888888888888889 0.02734375 0.07222222222222222
0 0.68046875 0.4895833333333333 0.0265625 0.07083333333333333
0 0.845703125 0.43819444444444444 0.02265625 0.05416666666666667
0 0.662109375 0.41805555555555557 0.02421875 0.06111111111111111
0 0.708984375 0.5013888888888889 0.02421875 0.07222222222222222
0 0.76015625 0.3958333333333333 0.0171875 0.04722222222222222
0 0.755859375 0.4847222222222222 0.01796875 0.05555555555555555
0 0.76640625 0.4534722222222222 0.021875 0.05416666666666667
0 0.801171875 0.40555555555555556 0.01796875 0.05
0 0.7453125 0.3763888888888889 0.0171875 0.04722222222222222
0 0.783984375 0.39791666666666664 0.01796875 0.04861111111111111
1 0.69921875 0.4527777777777778 0.040625 0.06111111111111111
1 0.712109375 0.3659722222222222 0.02734375 0.04027777777777778
