0 0.28984375 0.6458333333333334 0.0390625 0.14444444444444443
0 0.46171875 0.5006944444444444 0.0265625 0.11527777777777778
0 0.49609375 0.4618055555555556 0.021875 0.09861111111111111
0 0.5453125 0.39652777777777776 0.0171875 0.08472222222222223
0 0.479296875 0.3680555555555556 0.01484375 0.07222222222222222
0 0.51875 0.3486111111111111 0.015625 0.06388888888888888
0 0.42109375 0.29583333333333334 0.015625 0.05555555555555555
0 0.48046875 0.2923611111111111 0.015625 0.05138888888888889
0 0.499609375 0.26944444444444443 0.01328125 0.05
0 0.515625 0.2902777777777778 0.0140625 0.03611111111111111
0 0.4515625 0.24930555555555556 0.009375 0.04861111111111111
0 0.43359375 0.2465277777777778 0.009375 0.043055555555555555
