1 0.539453125 0.36875 0.06015625 0.10694444444444444
3 0.6890625 0.48680555555555555 0.1328125 0.25416666666666665
3 0.62890625 0.2222222222222222 0.08125 0.1
3 0.569921875 0.21805555555555556 0.03984375 0.06111111111111111
0 0.06015625 0.5125 0.03125 0.1111111111111111
0 0.29453125 0.28680555555555554 0.0296875 0.05694444444444444
3 0.34140625 0.21180555555555555 0.1765625 0.07083333333333333
2 0.619140625 0.32708333333333334 0.03671875 0.07083333333333333
2 0.2171875 0.20555555555555555 0.084375 0.08333333333333333
2 0.14765625 0.18055555555555555 0.0609375 0.075
