0 0.129296875 0.6125 0.04921875 0.15
0 0.196875 0.44027777777777777 0.040625 0.11666666666666667
0 0.291015625 0.31875 0.03203125 0.09861111111111111
0 0.355859375 0.20277777777777778 0.02421875 0.058333333333333334
0 0.525390625 0.22847222222222222 0.02109375 0.07361111111111111
0 0.7203125 0.32916666666666666 0.03125 0.075
3 0.401171875 0.3902777777777778 0.14296875 0.34444444444444444
1 0.350390625 0.3111111111111111 0.05859375 0.08055555555555556
3 0.455078125 0.16319444444444445 0.05546875 0.1375
3 0.59296875 0.19027777777777777 0.0890625 0.19722222222222222
1 0.253515625 0.48333333333333334 0.09453125 0.19166666666666668
