0 0.282421875 0.3451388888888889 0.03984375 0.08472222222222223
0 0.11328125 0.6055555555555555 0.0546875 0.1361111111111111
0 0.567578125 0.23541666666666666 0.02109375 0.05416666666666667
0 0.654296875 0.2604166666666667 0.01640625 0.0625
0 0.975 0.6895833333333333 0.05 0.1736111111111111
1 0.284765625 0.8743055555555556 0.18828125 0.2513888888888889
3 0.420703125 0.3298611111111111 0.10546875 0.3236111111111111
0 0.512890625 0.2611111111111111 0.02109375 0.06666666666666667
1 0.628515625 0.32013888888888886 0.04921875 0.07916666666666666
3 0.6796875 0.45416666666666666 0.0984375 0.22777777777777777
2 0.58359375 0.18194444444444444 0.0359375 0.075
3 0.519921875 0.17708333333333334 0.03671875 0.07916666666666666
