0 0.14296875 0.36319444444444443 0.0203125 0.08194444444444444
0 0.859375 0.5125 0.03125 0.10555555555555556
1 0.65 0.5034722222222222 0.084375 0.14583333333333334
1 0.5375 0.39444444444444443 0.05 0.09444444444444444
1 0.53046875 0.29097222222222224 0.0421875 0.05416666666666667
1 0.551171875 0.26666666666666666 0.03359375 0.06388888888888888
1 0.58125 0.25763888888888886 0.0296875 0.04027777777777778
2 0.64609375 0.24166666666666667 0.05625 0.09444444444444444
1 0.713671875 0.24375 0.06171875 0.05138888888888889
3 0.225390625 0.23055555555555557 0.07734375 0.1361111111111111
