0 0.855078125 0.3770833333333333 0.03203125 0.07916666666666666
0 0.26015625 0.41944444444444445 0.0234375 0.1
0 0.3859375 0.2263888888888889 0.0140625 0.03888888888888889
0 0.32890625 0.29375 0.015625 0.06805555555555555
0 0.344921875 0.2701388888888889 0.01328125 0.0625
1 0.447265625 0.2465277777777778 0.03515625 0.05694444444444444
1 0.62734375 0.3229166666666667 0.0359375 0.07916666666666666
1 0.361328125 0.3576388888888889 0.06328125 0.10694444444444444
1 0.587890625 0.2548611111111111 0.02734375 0.05694444444444444
3 0.634375 0.6284722222222222 0.1625 0.36527777777777776
3 0.533203125 0.21597222222222223 0.05390625 0.14305555555555555
3 0.5640625 0.3763888888888889 0.0859375 0.16666666666666666
0 0.652734375 0.29097222222222224 0.01484375 0.05138888888888889
