0 0.48046875 0.6201388888888889 0.0328125 0.15416666666666667
0 0.311328125 0.5173611111111112 0.02421875 0.12361111111111112
0 0.332421875 0.5479166666666667 0.02890625 0.12916666666666668
0 0.430078125 0.6659722222222222 0.03203125 0.14305555555555555
0 0.412109375 0.5361111111111111 0.03515625 0.1111111111111111
0 0.45390625 0.5180555555555556 0.025 0.125
0 0.45546875 0.4284722222222222 0.0203125 0.08472222222222223
0 0.48828125 0.3993055555555556 0.0203125 0.09027777777777778
0 0.546875 0.3576388888888889 0.015625 0.08194444444444444
0 0.515234375 0.3298611111111111 0.01484375 0.07083333333333333
0 0.464453125 0.3486111111111111 0.01640625 0.075
0 0.408203125 0.3486111111111111 0.01796875 0.075
0 0.48984375 0.3263888888888889 0.0203125 0.06388888888888888
