0 0.597265625 0.5194444444444445 0.02734375 0.08055555555555556
0 0.534375 0.9104166666666667 0.053125 0.1375
0 0.708203125 0.40625 0.02109375 0.05694444444444444
0 0.73984375 0.46597222222222223 0.021875 0.0625
0 0.63359375 0.49027777777777776 0.025 0.07777777777777778
0 0.72890625 0.40555555555555556 0.0203125 0.05555555555555555
0 0.873828125 0.4409722222222222 0.01796875 0.05138888888888889
0 0.759375 0.7534722222222222 0.040625 0.12361111111111112
0 0.853515625 0.49375 0.02578125 0.06527777777777778
0 0.794921875 0.46805555555555556 0.02265625 0.06388888888888888
0 0.715234375 0.5006944444444444 0.02421875 0.07083333333333333
0 0.81015625 0.39305555555555555 0.01875 0.05
0 0.4828125 0.5743055555555555 0.0296875 0.0875
0 0.78671875 0.425 0.01875 0.05277777777777778
0 0.862109375 0.40694444444444444 0.02109375 0.05
0 0.753515625 0.4284722222222222 0.02109375 0.05694444444444444
0 0.84375 0.5340277777777778 0.028125 0.08472222222222223
0 0.50859375 0.7104166666666667 0.0390625 0.1125
0 0.502734375 0.60625 0.03046875 0.09027777777777778
0 0.83046875 0.3972222222222222 0.0171875 0.04722222222222222
0 0.687890625 0.48819444444444443 0.02421875 0.07361111111111111
0 0.768359375 0.3993055555555556 0.01953125 0.05138888888888889
1 0.644921875 0.3798611111111111 0.03359375 0.04861111111111111
2 0.633203125 0.3013888888888889 0.03828125 0.07222222222222222
