5 0.557421875 0.5479166666666667 0.0896484375 0.15138888888888888
5 0.526171875 0.2951388888888889 0.04296875 0.07083333333333333
5 0.573828125 0.25625 0.0421875 0.04861111111111111
5 0.61328125 0.26875 0.038671875 0.05381944444444445
5 0.606640625 0.30833333333333335 0.0359375 0.07152777777777777
5 0.644921875 0.23958333333333334 0.04140625 0.04027777777777778
6 0.85390625 0.8138888888888889 0.2796875 0.3607638888888889
6 0.673046875 0.5013888888888889 0.1193359375 0.22430555555555556
6 0.729296875 0.21666666666666667 0.0416015625 0.058333333333333334
7 0.454296875 0.20069444444444445 0.0765625 0.075
