0 0.909765625 0.6305555555555555 0.05078125 0.15833333333333333
0 0.67421875 0.23958333333333334 0.0171875 0.0625
0 0.535546875 0.3784722222222222 0.02734375 0.09861111111111111
0 0.299609375 0.26458333333333334 0.02109375 0.0625
0 0.355078125 0.225 0.01953125 0.06111111111111111
0 0.646875 0.26875 0.01875 0.07361111111111111
0 0.540625 0.28194444444444444 0.01875 0.06944444444444445
0 0.532421875 0.22916666666666666 0.01796875 0.06111111111111111
0 0.59609375 0.17152777777777778 0.0140625 0.04583333333333333
0 0.626171875 0.17222222222222222 0.01328125 0.044444444444444446
0 0.730859375 0.35138888888888886 0.02265625 0.08611111111111111
1 0.4 0.1875 0.0328125 0.05555555555555555
3 0.453125 0.17291666666666666 0.046875 0.1375
3 0.658984375 0.61875 0.15859375 0.35694444444444445
3 0.54765625 0.15138888888888888 0.046875 0.08888888888888889
