1 0.344921875 0.6333333333333333 0.11328125 0.11666666666666667
2 0.537109375 0.4270833333333333 0.07734375 0.09027777777777778
1 0.63203125 0.40208333333333335 0.0375 0.06805555555555555
1 0.678125 0.42986111111111114 0.0515625 0.07083333333333333
1 0.698046875 0.35694444444444445 0.03984375 0.05277777777777778
0 0.670703125 0.5486111111111112 0.03203125 0.11388888888888889
0 0.614453125 0.5763888888888888 0.04140625 0.09722222222222222
0 0.581640625 0.6423611111111112 0.03671875 0.11527777777777778
0 0.550390625 0.6243055555555556 0.03515625 0.11527777777777778
0 0.560546875 0.5395833333333333 0.03828125 0.0875
0 0.548046875 0.9215277777777777 0.08046875 0.15694444444444444
0 0.246484375 0.8951388888888889 0.07421875 0.17083333333333334
0 0.7375 0.5416666666666666 0.034375 0.08611111111111111
0 0.709765625 0.45902777777777776 0.03046875 0.07361111111111111
0 0.758984375 0.4513888888888889 0.03359375 0.07222222222222222
0 0.792578125 0.475 0.03359375 0.08055555555555556
0 0.833984375 0.50625 0.02734375 0.07361111111111111
0 0.8640625 0.5472222222222223 0.03125 0.08888888888888889
0 0.82109375 0.45416666666666666 0.028125 0.06111111111111111
0 0.8359375 0.44305555555555554 0.034375 0.06111111111111111
