0 0.167578125 0.5458333333333333 0.05703125 0.10833333333333334
0 0.246484375 0.6451388888888889 0.05859375 0.13194444444444445
0 0.822265625 0.6486111111111111 0.03671875 0.15555555555555556
0 0.605078125 0.2708333333333333 0.01171875 0.05555555555555555
0 0.2984375 0.3951388888888889 0.0234375 0.09861111111111111
0 0.221484375 0.5020833333333333 0.05390625 0.10972222222222222
0 0.598046875 0.42430555555555555 0.03203125 0.09861111111111111
0 0.106640625 0.4048611111111111 0.05078125 0.08194444444444444
0 0.65234375 0.40694444444444444 0.0296875 0.1
0 0.174609375 0.4465277777777778 0.04765625 0.09027777777777778
0 0.72109375 0.37777777777777777 0.0265625 0.08888888888888889
0 0.321875 0.36527777777777776 0.0203125 0.09444444444444444
0 0.63359375 0.4354166666666667 0.021875 0.10694444444444444
0 0.355078125 0.29791666666666666 0.01640625 0.07916666666666666
0 0.6671875 0.2986111111111111 0.0171875 0.075
0 0.31953125 0.32083333333333336 0.015625 0.058333333333333334
0 0.673046875 0.35347222222222224 0.01796875 0.09305555555555556
1 0.676171875 0.8409722222222222 0.13046875 0.2569444444444444
1 0.847265625 0.8659722222222223 0.14296875 0.23194444444444445
1 0.44921875 0.3625 0.0453125 0.10277777777777777
1 0.361328125 0.3861111111111111 0.05234375 0.10555555555555556
1 0.44765625 0.46111111111111114 0.0578125 0.14444444444444443
1 0.401953125 0.2708333333333333 0.03515625 0.08611111111111111
1 0.408984375 0.6048611111111111 0.16328125 0.19583333333333333
1 0.564453125 0.2534722222222222 0.03515625 0.059722222222222225
1 0.511328125 0.1951388888888889 0.03046875 0.08472222222222223
1 0.42421875 0.18472222222222223 0.0265625 0.05
3 0.510546875 0.18888888888888888 0.03359375 0.08611111111111111
3 0.458203125 0.25833333333333336 0.03828125 0.08888888888888889
