0 0.56640625 0.48194444444444445 0.0359375 0.12222222222222222
0 0.803125 0.49583333333333335 0.0390625 0.13055555555555556
0 0.863671875 0.5277777777777778 0.03515625 0.16111111111111112
0 0.86171875 0.45555555555555555 0.028125 0.09166666666666666
0 0.655859375 0.22847222222222222 0.02109375 0.05416666666666667
0 0.637109375 0.23402777777777778 0.02265625 0.059722222222222225
1 0.542578125 0.3076388888888889 0.05234375 0.07916666666666666
1 0.69921875 0.4756944444444444 0.084375 0.12916666666666668
1 0.6109375 0.26666666666666666 0.053125 0.075
2 0.659765625 0.3416666666666667 0.07890625 0.14722222222222223
