0 0.4171875 0.7430555555555556 0.0515625 0.13055555555555556
0 0.768359375 0.475 0.02890625 0.07222222222222222
0 0.727734375 0.39166666666666666 0.02265625 0.058333333333333334
0 0.44609375 0.6291666666666667 0.040625 0.09722222222222222
0 0.805078125 0.8222222222222222 0.03828125 0.11944444444444445
0 0.621484375 0.6145833333333334 0.03828125 0.09861111111111111
0 0.816015625 0.49236111111111114 0.03046875 0.07361111111111111
0 0.754296875 0.53125 0.03203125 0.08472222222222223
0 0.846484375 0.7284722222222222 0.03671875 0.10138888888888889
0 0.80859375 0.43333333333333335 0.025 0.06111111111111111
0 0.83671875 0.3958333333333333 0.021875 0.05555555555555555
0 0.776171875 0.40625 0.02421875 0.059722222222222225
1 0.526171875 0.6979166666666666 0.09609375 0.1486111111111111
1 0.37109375 0.5715277777777777 0.0984375 0.11805555555555555
1 0.697265625 0.7131944444444445 0.08984375 0.14583333333333334
1 0.5828125 0.5131944444444444 0.053125 0.07083333333333333
1 0.315234375 0.8513888888888889 0.10859375 0.21666666666666667
1 0.629296875 0.9083333333333333 0.14296875 0.1638888888888889
1 0.43984375 0.49236111111111114 0.071875 0.09027777777777778
1 0.684765625 0.5826388888888889 0.05546875 0.09583333333333334
1 0.678125 0.4548611111111111 0.0375 0.06805555555555555
1 0.61171875 0.3611111111111111 0.0296875 0.04722222222222222
