0 0.41015625 0.8118055555555556 0.0546875 0.12916666666666668
0 0.541796875 0.7826388888888889 0.04296875 0.11805555555555555
0 0.10546875 0.9104166666666667 0.075 0.13194444444444445
0 0.8453125 0.7131944444444445 0.040625 0.10972222222222222
0 0.479296875 0.7270833333333333 0.04296875 0.1125
0 0.345703125 0.9097222222222222 0.06484375 0.14166666666666666
0 0.471484375 0.6291666666666667 0.04296875 0.09444444444444444
0 0.775 0.42291666666666666 0.0234375 0.05694444444444444
0 0.830078125 0.5756944444444444 0.03359375 0.08194444444444444
0 0.70703125 0.5895833333333333 0.03125 0.08472222222222223
0 0.548828125 0.6152777777777778 0.03359375 0.09444444444444444
0 0.799609375 0.5479166666666667 0.02734375 0.07083333333333333
0 0.6359375 0.5736111111111111 0.025 0.06388888888888888
0 0.758984375 0.7388888888888889 0.03984375 0.11944444444444445
0 0.753515625 0.5722222222222222 0.03359375 0.08333333333333333
0 0.66015625 0.6166666666666667 0.0296875 0.07777777777777778
0 0.821484375 0.39652777777777776 0.01953125 0.05416666666666667
0 0.7359375 0.6736111111111112 0.0328125 0.09166666666666666
0 0.7984375 0.7972222222222223 0.034375 0.11388888888888889
0 0.6265625 0.6743055555555556 0.034375 0.0875
0 0.837890625 0.3840277777777778 0.01953125 0.05138888888888889
0 0.60078125 0.6263888888888889 0.025 0.1
0 0.86796875 0.5388888888888889 0.0234375 0.07222222222222222
0 0.734765625 0.3840277777777778 0.02109375 0.05416666666666667
0 0.67421875 0.5763888888888888 0.0296875 0.08055555555555556
0 0.798046875 0.3770833333333333 0.01796875 0.05138888888888889
0 0.770703125 0.3798611111111111 0.01328125 0.04861111111111111
1 0.8 0.4909722222222222 0.0578125 0.08194444444444444
1 0.571875 0.39444444444444443 0.0453125 0.06666666666666667
1 0.47265625 0.46597222222222223 0.0625 0.08194444444444444
1 0.6046875 0.4222222222222222 0.05 0.07777777777777778
1 0.6625 0.4597222222222222 0.0421875 0.06388888888888888
1 0.60390625 0.3659722222222222 0.034375 0.05138888888888889
1 0.53359375 0.5305555555555556 0.0609375 0.09444444444444444
1 0.64375 0.5229166666666667 0.046875 0.07361111111111111
1 0.68671875 0.3729166666666667 0.03125 0.043055555555555555
