0 0.267578125 0.8958333333333334 0.06328125 0.16666666666666666
0 0.519140625 0.8104166666666667 0.05078125 0.14027777777777778
0 0.4015625 0.925 0.0640625 0.14444444444444443
0 0.32890625 0.89375 0.0640625 0.1625
0 0.4015625 0.75625 0.0484375 0.12916666666666668
0 0.793359375 0.45208333333333334 0.02265625 0.059722222222222225
0 0.426953125 0.6597222222222222 0.04140625 0.1111111111111111
0 0.8171875 0.5069444444444444 0.028125 0.075
0 0.7203125 0.4076388888888889 0.021875 0.05694444444444444
0 0.619921875 0.5611111111111111 0.03203125 0.08888888888888889
0 0.861328125 0.5069444444444444 0.03046875 0.08055555555555556
0 0.519140625 0.6416666666666667 0.03828125 0.10555555555555556
0 0.705859375 0.5631944444444444 0.02734375 0.07361111111111111
0 0.56640625 0.6416666666666667 0.0390625 0.10833333333333334
0 0.357421875 0.6888888888888889 0.04765625 0.12777777777777777
0 0.748046875 0.49027777777777776 0.02578125 0.06944444444444445
0 0.738671875 0.5777777777777777 0.03046875 0.08611111111111111
0 0.633984375 0.43194444444444446 0.02265625 0.058333333333333334
0 0.7078125 0.6618055555555555 0.0390625 0.10416666666666667
0 0.51796875 0.5722222222222222 0.034375 0.08055555555555556
0 0.70078125 0.5020833333333333 0.0265625 0.06805555555555555
0 0.816796875 0.44583333333333336 0.02109375 0.05555555555555555
0 0.641015625 0.5861111111111111 0.03515625 0.1
0 0.751953125 0.4048611111111111 0.02109375 0.05138888888888889
0 0.7078125 0.3923611111111111 0.0234375 0.04861111111111111
0 0.86015625 0.39861111111111114 0.021875 0.058333333333333334
0 0.793359375 0.4041666666666667 0.02109375 0.05
0 0.750390625 0.4486111111111111 0.02109375 0.05
0 0.836328125 0.39791666666666664 0.01953125 0.05138888888888889
0 0.7671875 0.3951388888888889 0.01875 0.04861111111111111
1 0.6015625 0.3701388888888889 0.03125 0.04027777777777778
1 0.6609375 0.34097222222222223 0.034375 0.05138888888888889
