0 0.472265625 0.8263888888888888 0.04609375 0.13055555555555556
0 0.371875 0.8673611111111111 0.05625 0.15694444444444444
0 0.799609375 0.4638888888888889 0.02421875 0.06666666666666667
0 0.54921875 0.7284722222222222 0.04375 0.12638888888888888
0 0.449609375 0.7020833333333333 0.04296875 0.11527777777777778
0 0.74609375 0.5229166666666667 0.028125 0.0763888888888889
0 0.284765625 0.9368055555555556 0.06484375 0.12083333333333333
0 0.837890625 0.47638888888888886 0.02734375 0.07222222222222222
0 0.40234375 0.7840277777777778 0.04375 0.11805555555555555
0 0.696484375 0.6583333333333333 0.03515625 0.10277777777777777
0 0.653125 0.7270833333333333 0.0390625 0.1125
0 0.801171875 0.6277777777777778 0.03359375 0.1
0 0.38515625 0.6465277777777778 0.040625 0.10694444444444444
0 0.60625 0.7729166666666667 0.0453125 0.12638888888888888
0 0.487109375 0.6416666666666667 0.03984375 0.10833333333333334
0 0.861328125 0.9076388888888889 0.04453125 0.13472222222222222
0 0.7828125 0.54375 0.0265625 0.0763888888888889
0 0.62734375 0.6763888888888889 0.0359375 0.1
0 0.751953125 0.43680555555555556 0.01640625 0.059722222222222225
0 0.26328125 0.825 0.05625 0.1361111111111111
0 0.57265625 0.6201388888888889 0.034375 0.09583333333333334
0 0.71640625 0.41944444444444445 0.0234375 0.06111111111111111
0 0.8421875 0.4222222222222222 0.0125 0.041666666666666664
0 0.7578125 0.6895833333333333 0.0390625 0.11805555555555555
0 0.4359375 0.5784722222222223 0.0359375 0.09583333333333334
0 0.7734375 0.41944444444444445 0.0203125 0.058333333333333334
0 0.792578125 0.40625 0.01953125 0.05416666666666667
0 0.744921875 0.4111111111111111 0.01953125 0.05555555555555555
1 0.644140625 0.5881944444444445 0.06953125 0.10972222222222222
1 0.63671875 0.49236111111111114 0.0546875 0.08472222222222223
1 0.565625 0.5479166666666667 0.0609375 0.09861111111111111
1 0.5640625 0.41041666666666665 0.0421875 0.0625
1 0.61328125 0.35138888888888886 0.0296875 0.04722222222222222
1 0.58828125 0.37916666666666665 0.03125 0.05
1 0.690234375 0.36527777777777776 0.03359375 0.05555555555555555
1 0.707421875 0.9340277777777778 0.11171875 0.09861111111111111
0 0.812890625 0.38819444444444445 0.01640625 0.04861111111111111
0 0.83984375 0.37777777777777777 0.0140625 0.03611111111111111
1 0.652734375 0.35138888888888886 0.02734375 0.044444444444444446
