0 0.369140625 0.2534722222222222 0.01796875 0.06527777777777778
0 0.693359375 0.35138888888888886 0.02421875 0.08055555555555556
0 0.425 0.17291666666666666 0.0140625 0.04861111111111111
0 0.41328125 0.26944444444444443 0.0171875 0.07777777777777778
0 0.63828125 0.29583333333333334 0.0140625 0.06111111111111111
1 0.664453125 0.39861111111111114 0.06328125 0.08333333333333333
1 0.790625 0.6895833333333333 0.140625 0.22083333333333333
3 0.61875 0.6069444444444444 0.15 0.3527777777777778
3 0.556640625 0.2833333333333333 0.08515625 0.2
2 0.298046875 0.3486111111111111 0.09296875 0.2
3 0.47109375 0.18263888888888888 0.03125 0.07361111111111111
0 0.652734375 0.27291666666666664 0.01484375 0.05138888888888889
1 0.604296875 0.26875 0.02421875 0.0625
