0 0.20234375 0.7833333333333333 0.046875 0.17777777777777778
0 0.4703125 0.7277777777777777 0.0390625 0.175
0 0.541796875 0.6152777777777778 0.03671875 0.14444444444444443
0 0.37578125 0.4409722222222222 0.021875 0.09583333333333334
0 0.507421875 0.47430555555555554 0.01953125 0.09861111111111111
0 0.48515625 0.35347222222222224 0.0203125 0.0763888888888889
0 0.50703125 0.39166666666666666 0.0203125 0.08055555555555556
0 0.516796875 0.28541666666666665 0.01484375 0.0625
0 0.53203125 0.32013888888888886 0.0125 0.06805555555555555
0 0.41640625 0.3055555555555556 0.0171875 0.06388888888888888
0 0.4984375 0.23958333333333334 0.0296875 0.07361111111111111
