7 0.598828125 0.36875 0.1193359375 0.3315972222222222
5 0.678515625 0.40694444444444444 0.06796875 0.11423611111111111
4 0.827734375 0.7430555555555556 0.05546875 0.21944444444444444
4 0.930859375 0.7548611111111111 0.0787109375 0.18993055555555555
4 0.76484375 0.42083333333333334 0.0326171875 0.08611111111111111
4 0.734765625 0.37083333333333335 0.02734375 0.096875
4 0.677734375 0.31319444444444444 0.0212890625 0.07083333333333333
4 0.0828125 0.40069444444444446 0.0439453125 0.07673611111111112
4 0.9296875 0.5888888888888889 0.0626953125 0.13645833333333332
4 0.458984375 0.28055555555555556 0.03046875 0.08402777777777778
4 0.695703125 0.3090277777777778 0.0193359375 0.06944444444444445
