5 0.548828125 0.6090277777777777 0.10546875 0.215625
5 0.655859375 0.4930555555555556 0.09296875 0.13055555555555556
5 0.2640625 0.8006944444444445 0.1376953125 0.2989583333333333
5 0.058203125 0.6631944444444444 0.11640625 0.3013888888888889
5 0.53359375 0.28680555555555554 0.0421875 0.06284722222222222
5 0.5171875 0.3875 0.0560546875 0.11909722222222222
4 0.871875 0.5277777777777778 0.0359375 0.09930555555555555
4 0.956640625 0.6618055555555555 0.04609375 0.14027777777777778
4 0.183203125 0.36527777777777776 0.0240234375 0.07534722222222222
4 0.142578125 0.36736111111111114 0.021875 0.07222222222222222
6 0.74609375 0.8548611111111111 0.409375 0.2875
6 0.90078125 0.8590277777777777 0.196875 0.2791666666666667
5 0.60625 0.3541666666666667 0.0486328125 0.078125
5 0.577734375 0.2548611111111111 0.03671875 0.043055555555555555
6 0.630078125 0.2513888888888889 0.06171875 0.09652777777777778
