3 0.23984375 0.6493055555555556 0.2671875 0.7013888888888888
1 0.52734375 0.4 0.0546875 0.10277777777777777
1 0.618359375 0.40555555555555556 0.06484375 0.1
1 0.72890625 0.21736111111111112 0.03125 0.034722222222222224
2 0.538671875 0.2791666666666667 0.05078125 0.08888888888888889
2 0.321875 0.21180555555555555 0.0625 0.05694444444444444
3 0.253125 0.2833333333333333 0.0578125 0.12777777777777777
3 0.244921875 0.21319444444444444 0.05546875 0.07361111111111111
3 0.624609375 0.26180555555555557 0.04921875 0.08472222222222223
0 0.69453125 0.22916666666666666 0.0203125 0.041666666666666664
0 0.491796875 0.32083333333333336 0.01796875 0.06388888888888888
