4 0.76484375 0.5847222222222223 0.0361328125 0.11875
4 0.732421875 0.3506944444444444 0.0322265625 0.075
4 0.18125 0.44166666666666665 0.0408203125 0.10520833333333333
4 0.29375 0.3923611111111111 0.0326171875 0.09027777777777778
4 0.347265625 0.41875 0.02734375 0.10694444444444444
4 0.35078125 0.3013888888888889 0.01875 0.07256944444444445
4 0.393359375 0.31666666666666665 0.0234375 0.08263888888888889
4 0.312109375 0.3055555555555556 0.0265625 0.06979166666666667
4 0.37421875 0.28055555555555556 0.01875 0.05798611111111111
4 0.144140625 0.6604166666666667 0.06015625 0.18055555555555555
4 0.4171875 0.24791666666666667 0.0173828125 0.06388888888888888
4 0.571875 0.2673611111111111 0.022265625 0.06770833333333333
5 0.528515625 0.24861111111111112 0.0416015625 0.06875
7 0.54296875 0.15902777777777777 0.05 0.10729166666666666
4 0.11015625 0.8729166666666667 0.1140625 0.2513888888888889
4 0.3375 0.26805555555555555 0.0142578125 0.058333333333333334
4 0.46015625 0.22361111111111112 0.0169921875 0.052083333333333336
4 0.354296875 0.2388888888888889 0.0119140625 0.04375
