0 0.159765625 0.32569444444444445 0.02109375 0.07083333333333333
0 0.37109375 0.30972222222222223 0.0234375 0.06666666666666667
0 0.318359375 0.21597222222222223 0.02265625 0.034722222222222224
0 0.38203125 0.2222222222222222 0.021875 0.041666666666666664
0 0.17421875 0.23333333333333334 0.015625 0.04722222222222222
0 0.674609375 0.25972222222222224 0.01640625 0.03611111111111111
0 0.730859375 0.22777777777777777 0.01484375 0.030555555555555555
2 0.690234375 0.2375 0.04609375 0.06388888888888888
2 0.628125 0.33611111111111114 0.0984375 0.2222222222222222
2 0.572265625 0.24583333333333332 0.08671875 0.125
