1 0.6109375 0.27708333333333335 0.040625 0.05138888888888889
3 0.239453125 0.21875 0.05234375 0.09583333333333334
3 0.7421875 0.5986111111111111 0.16875 0.31666666666666665
3 0.36015625 0.20416666666666666 0.14375 0.08611111111111111
0 0.9625 0.7069444444444445 0.046875 0.1388888888888889
0 0.833984375 0.5097222222222222 0.03515625 0.1111111111111111
0 0.451171875 0.2375 0.02578125 0.03611111111111111
0 0.4796875 0.2298611111111111 0.03125 0.03194444444444444
0 0.61875 0.23402777777777778 0.015625 0.029166666666666667
0 0.163671875 0.3902777777777778 0.02578125 0.09166666666666666
0 0.1734375 0.24930555555555556 0.0171875 0.05694444444444444
