0 0.941015625 0.8784722222222222 0.05703125 0.17916666666666667
0 0.2375 0.6159722222222223 0.05 0.1375
0 0.11328125 0.40555555555555556 0.0609375 0.09722222222222222
0 0.29375 0.3388888888888889 0.021875 0.08888888888888889
0 0.096875 0.8680555555555556 0.0546875 0.20833333333333334
0 0.32421875 0.4395833333333333 0.0234375 0.10972222222222222
0 0.355859375 0.3423611111111111 0.01953125 0.09583333333333334
0 0.55078125 0.3277777777777778 0.0359375 0.08888888888888889
0 0.331640625 0.325 0.01796875 0.09444444444444444
0 0.830078125 0.46319444444444446 0.05546875 0.09583333333333334
0 0.27421875 0.7020833333333333 0.05 0.15694444444444444
0 0.720703125 0.46111111111111114 0.03203125 0.10833333333333334
0 0.484765625 0.6611111111111111 0.03828125 0.16944444444444445
0 0.617578125 0.28402777777777777 0.01953125 0.0763888888888889
0 0.294921875 0.4125 0.02421875 0.10555555555555556
0 0.696875 0.49375 0.040625 0.10694444444444444
0 0.23671875 0.36736111111111114 0.0453125 0.08472222222222223
0 0.495703125 0.2965277777777778 0.02109375 0.08194444444444444
1 0.487890625 0.8798611111111111 0.24296875 0.23194444444444445
1 0.38515625 0.2847222222222222 0.040625 0.08055555555555556
1 0.699609375 0.64375 0.14140625 0.1986111111111111
1 0.5171875 0.175 0.03125 0.058333333333333334
1 0.41171875 0.23958333333333334 0.028125 0.0625
3 0.56484375 0.25763888888888886 0.05625 0.11805555555555555
3 0.454296875 0.3388888888888889 0.08359375 0.19166666666666668
1 0.290625 0.5604166666666667 0.1484375 0.14027777777777778
