0 0.1921875 0.3333333333333333 0.0171875 0.06666666666666667
0 0.1859375 0.25833333333333336 0.015625 0.05277777777777778
0 0.458203125 0.30069444444444443 0.02109375 0.059722222222222225
3 0.351953125 0.1986111111111111 0.19453125 0.11666666666666667
1 0.64140625 0.475 0.0734375 0.1111111111111111
1 0.719921875 0.7097222222222223 0.15546875 0.225
3 0.54765625 0.41805555555555557 0.071875 0.2111111111111111
2 0.626171875 0.3458333333333333 0.05703125 0.11944444444444445
0 0.771484375 0.39166666666666666 0.02109375 0.08333333333333333
3 0.53359375 0.28402777777777777 0.0609375 0.2125
