3 0.233203125 0.6347222222222222 0.29296875 0.7138888888888889
1 0.558203125 0.5784722222222223 0.09296875 0.1486111111111111
1 0.569140625 0.38263888888888886 0.06171875 0.10972222222222222
1 0.5484375 0.30625 0.0390625 0.0763888888888889
1 0.216015625 0.3597222222222222 0.04765625 0.07777777777777778
1 0.275 0.2763888888888889 0.040625 0.05277777777777778
3 0.198828125 0.2298611111111111 0.05078125 0.09027777777777778
3 0.212109375 0.19583333333333333 0.06171875 0.1
3 0.69921875 0.5041666666666667 0.1515625 0.2777777777777778
0 0.94375 0.6069444444444444 0.05 0.14444444444444443
3 0.64375 0.23819444444444443 0.0890625 0.14583333333333334
3 0.57421875 0.2222222222222222 0.065625 0.11944444444444445
0 0.436328125 0.23472222222222222 0.02734375 0.03333333333333333
0 0.45078125 0.21875 0.021875 0.0375
