0 0.247265625 0.37777777777777777 0.02421875 0.09444444444444444
0 0.026171875 0.8763888888888889 0.05234375 0.2
0 0.29765625 0.41805555555555557 0.0265625 0.10833333333333334
0 0.37265625 0.2548611111111111 0.0171875 0.05694444444444444
0 0.319921875 0.30416666666666664 0.01328125 0.06666666666666667
0 0.141796875 0.4909722222222222 0.02578125 0.1125
0 0.34140625 0.3236111111111111 0.0203125 0.08055555555555556
0 0.526171875 0.24375 0.01171875 0.05416666666666667
0 0.1359375 0.5868055555555556 0.0328125 0.12638888888888888
3 0.216796875 0.75 0.24140625 0.5
3 0.600390625 0.25555555555555554 0.05703125 0.11666666666666667
3 0.434375 0.2652777777777778 0.0625 0.1388888888888889
0 0.338671875 0.2548611111111111 0.01171875 0.05416666666666667
