5 0.5875 0.6597222222222222 0.1076171875 0.20347222222222222
5 0.541796875 0.225 0.0541015625 0.05486111111111111
5 0.53515625 0.3972222222222222 0.0609375 0.1111111111111111
6 0.89296875 0.7923611111111111 0.2125 0.4125
6 0.61484375 0.3625 0.0689453125 0.1329861111111111
6 0.7125 0.9340277777777778 0.2671875 0.10972222222222222
7 0.712890625 0.5319444444444444 0.15546875 0.2423611111111111
7 0.6046875 0.2708333333333333 0.062109375 0.08680555555555555
7 0.440234375 0.20069444444444445 0.0578125 0.0625
7 0.628125 0.2152777777777778 0.0640625 0.06319444444444444
