5 0.7828125 0.78125 0.202734375 0.2934027777777778
5 0.536328125 0.4486111111111111 0.08125 0.1423611111111111
5 0.5125 0.22708333333333333 0.059765625 0.059722222222222225
5 0.64921875 0.2701388888888889 0.045703125 0.06111111111111111
5 0.5984375 0.28402777777777777 0.0453125 0.06111111111111111
5 0.58203125 0.2423611111111111 0.05 0.05451388888888889
5 0.567578125 0.2701388888888889 0.0384765625 0.05451388888888889
6 0.672265625 0.4791666666666667 0.1212890625 0.21944444444444444
6 0.596875 0.3215277777777778 0.041015625 0.08506944444444445
6 0.525 0.33819444444444446 0.0498046875 0.1
5 0.262109375 0.2743055555555556 0.0556640625 0.07951388888888888
