0 0.833203125 0.5618055555555556 0.02890625 0.08472222222222223
0 0.67421875 0.5305555555555556 0.028125 0.08333333333333333
0 0.364453125 0.7430555555555556 0.04921875 0.13055555555555556
0 0.76953125 0.5444444444444444 0.0265625 0.08611111111111111
0 0.71875 0.5416666666666666 0.0234375 0.08055555555555556
0 0.8015625 0.5451388888888888 0.0265625 0.08194444444444444
0 0.74765625 0.45208333333333334 0.025 0.06527777777777778
0 0.540234375 0.7833333333333333 0.04609375 0.14166666666666666
0 0.1375 0.8673611111111111 0.0765625 0.15138888888888888
0 0.466796875 0.7173611111111111 0.04921875 0.12916666666666668
0 0.714453125 0.3951388888888889 0.01953125 0.059722222222222225
0 0.816015625 0.45208333333333334 0.02265625 0.0625
0 0.85390625 0.4875 0.025 0.06666666666666667
0 0.833203125 0.4236111111111111 0.01953125 0.06111111111111111
0 0.79140625 0.42916666666666664 0.01875 0.058333333333333334
0 0.8609375 0.43680555555555556 0.021875 0.059722222222222225
0 0.728515625 0.40902777777777777 0.01328125 0.05138888888888889
0 0.771484375 0.4131944444444444 0.02109375 0.059722222222222225
1 0.52890625 0.6430555555555556 0.08125 0.125
1 0.66171875 0.8777777777777778 0.125 0.21944444444444444
1 0.66015625 0.6569444444444444 0.0765625 0.14722222222222223
1 0.5046875 0.4756944444444444 0.0546875 0.08194444444444444
1 0.40078125 0.8923611111111112 0.109375 0.19027777777777777
1 0.69609375 0.4888888888888889 0.0453125 0.07777777777777778
1 0.645703125 0.3909722222222222 0.03828125 0.059722222222222225
1 0.544921875 0.42083333333333334 0.04140625 0.05555555555555555
0 0.75859375 0.37569444444444444 0.0140625 0.04861111111111111
0 0.81484375 0.39305555555555555 0.0125 0.04722222222222222
0 0.863671875 0.38125 0.01484375 0.04861111111111111
0 0.847265625 0.3763888888888889 0.01328125 0.04722222222222222
0 0.73671875 0.39375 0.0125 0.04583333333333333
