2 0.087109375 0.07013888888888889 0.17421875 0.1375
0 0.670703125 0.49166666666666664 0.01953125 0.058333333333333334
0 0.51875 0.625 0.03125 0.09722222222222222
0 0.232421875 0.8 0.06015625 0.15
0 0.774609375 0.4395833333333333 0.02109375 0.05694444444444444
0 0.861328125 0.5361111111111111 0.02265625 0.09166666666666666
0 0.832421875 0.5465277777777777 0.01796875 0.0763888888888889
0 0.7515625 0.50625 0.0171875 0.05694444444444444
0 0.890234375 0.5652777777777778 0.02890625 0.09166666666666666
0 0.7953125 0.5631944444444444 0.021875 0.09305555555555556
0 0.517578125 0.7256944444444444 0.03359375 0.12361111111111112
0 0.651171875 0.6159722222222223 0.02265625 0.09027777777777778
0 0.73671875 0.60625 0.028125 0.09583333333333334
0 0.5984375 0.5888888888888889 0.0234375 0.09166666666666666
0 0.23359375 0.9236111111111112 0.06875 0.1527777777777778
1 0.447265625 0.5430555555555555 0.07109375 0.1
0 0.648046875 0.8354166666666667 0.04765625 0.17083333333333334
1 0.49453125 0.4666666666666667 0.0515625 0.06111111111111111
1 0.60859375 0.39305555555555555 0.0328125 0.041666666666666664
1 0.678515625 0.3861111111111111 0.02890625 0.05277777777777778
0 0.62890625 0.4986111111111111 0.021875 0.06666666666666667
0 0.721484375 0.49722222222222223 0.01796875 0.06666666666666667
0 0.694140625 0.46875 0.01328125 0.05694444444444444
0 0.713671875 0.45 0.01640625 0.058333333333333334
0 0.8109375 0.49930555555555556 0.0203125 0.07083333333333333
0 0.686328125 0.43680555555555556 0.01328125 0.05694444444444444
0 0.751953125 0.40069444444444446 0.01171875 0.04861111111111111
0 0.740234375 0.4013888888888889 0.01328125 0.05277777777777778
0 0.719921875 0.3923611111111111 0.01484375 0.05138888888888889
0 0.795703125 0.40208333333333335 0.01328125 0.05416666666666667
0 0.83671875 0.43194444444444446 0.015625 0.05555555555555555
0 0.738671875 0.4618055555555556 0.01796875 0.059722222222222225
0 0.818359375 0.45625 0.01484375 0.059722222222222225
