5 0.34765625 0.6694444444444444 0.1345703125 0.3527777777777778
4 0.08125 0.39861111111111114 0.0439453125 0.06909722222222223
4 0.210546875 0.3013888888888889 0.0587890625 0.07569444444444444
4 0.326171875 0.3347222222222222 0.0240234375 0.08680555555555555
4 0.382421875 0.3138888888888889 0.0228515625 0.09131944444444444
5 0.430078125 0.3104166666666667 0.0578125 0.10451388888888889
4 0.55234375 0.23958333333333334 0.0232421875 0.07048611111111111
4 0.218359375 0.6395833333333333 0.0525390625 0.17395833333333333
4 0.115625 0.7194444444444444 0.0544921875 0.19722222222222222
4 0.33984375 0.24861111111111112 0.0173828125 0.06979166666666667
