0 0.1375 0.6006944444444444 0.0375 0.15694444444444444
0 0.2515625 0.3909722222222222 0.021875 0.09583333333333334
0 0.337890625 0.3701388888888889 0.02265625 0.09027777777777778
0 0.8046875 0.5472222222222223 0.0359375 0.10833333333333334
0 0.7203125 0.53125 0.040625 0.1125
0 0.42578125 0.15555555555555556 0.0078125 0.03611111111111111
0 0.3375 0.31180555555555556 0.01875 0.06805555555555555
3 0.53203125 0.21388888888888888 0.0390625 0.09722222222222222
3 0.473046875 0.15625 0.03046875 0.06805555555555555
3 0.525 0.14305555555555555 0.03125 0.07222222222222222
