0 0.581640625 0.49027777777777776 0.06640625 0.1
0 0.471875 0.3368055555555556 0.0296875 0.0763888888888889
0 0.509765625 0.3229166666666667 0.02421875 0.07361111111111111
0 0.776953125 0.6041666666666666 0.06640625 0.11666666666666667
0 0.383984375 0.43819444444444444 0.04765625 0.09027777777777778
0 0.08125 0.5222222222222223 0.0796875 0.11944444444444445
0 0.325390625 0.4625 0.06328125 0.1
0 0.75390625 0.5472222222222223 0.0578125 0.10277777777777777
0 0.3328125 0.2951388888888889 0.0203125 0.07083333333333333
0 0.54375 0.3138888888888889 0.0140625 0.05
0 0.745703125 0.46319444444444446 0.05546875 0.09027777777777778
0 0.57421875 0.24375 0.0171875 0.05416666666666667
0 0.547265625 0.45069444444444445 0.04296875 0.09861111111111111
0 0.533984375 0.24375 0.02578125 0.05416666666666667
0 0.446875 0.2881944444444444 0.01875 0.07361111111111111
0 0.28359375 0.3111111111111111 0.021875 0.06944444444444445
0 0.388671875 0.30277777777777776 0.01328125 0.06388888888888888
0 0.60546875 0.24583333333333332 0.01875 0.05555555555555555
0 0.37265625 0.29583333333333334 0.015625 0.06111111111111111
0 0.901953125 0.5333333333333333 0.08984375 0.1111111111111111
0 0.4109375 0.30694444444444446 0.015625 0.06388888888888888
0 0.353515625 0.29791666666666666 0.02265625 0.0625
0 0.5578125 0.4083333333333333 0.0265625 0.09166666666666666
0 0.86171875 0.5729166666666666 0.05625 0.10694444444444444
1 0.2875 0.5631944444444444 0.15 0.12916666666666668
1 0.937890625 0.48125 0.12421875 0.10138888888888889
3 0.63515625 0.3659722222222222 0.1203125 0.20416666666666666
3 0.213671875 0.4048611111111111 0.14921875 0.24027777777777778
0 0.39609375 0.39305555555555555 0.0421875 0.07222222222222222
0 0.355859375 0.29583333333333334 0.01796875 0.07222222222222222
