1 0.08671875 0.8055555555555556 0.1734375 0.35833333333333334
1 0.66328125 0.25763888888888886 0.0375 0.0375
1 0.758203125 0.7145833333333333 0.48359375 0.5708333333333333
1 0.708984375 0.3958333333333333 0.22578125 0.2638888888888889
3 0.17734375 0.18333333333333332 0.08125 0.09444444444444444
3 0.56015625 0.2638888888888889 0.05 0.075
3 0.6140625 0.2743055555555556 0.04375 0.09305555555555556
0 0.258984375 0.25763888888888886 0.03359375 0.05138888888888889
0 0.1765625 0.23055555555555557 0.0171875 0.04722222222222222
0 0.708203125 0.24583333333333332 0.03046875 0.04722222222222222
