0 0.088671875 0.4409722222222222 0.02890625 0.09305555555555556
0 0.162109375 0.3055555555555556 0.01640625 0.06111111111111111
0 0.215625 0.2701388888888889 0.0125 0.05416666666666667
0 0.725 0.3645833333333333 0.01875 0.0875
1 0.61953125 0.42916666666666664 0.06875 0.09444444444444444
1 0.583984375 0.3375 0.04296875 0.07777777777777778
1 0.603125 0.28958333333333336 0.040625 0.059722222222222225
2 0.67890625 0.24513888888888888 0.0453125 0.059722222222222225
3 0.22421875 0.1909722222222222 0.053125 0.07916666666666666
3 0.753125 0.7333333333333333 0.49375 0.5222222222222223
