0 0.519921875 0.575 0.07578125 0.125
0 0.190625 0.6569444444444444 0.08125 0.1388888888888889
0 0.6671875 0.6291666666666667 0.0734375 0.1111111111111111
0 0.73671875 0.5861111111111111 0.065625 0.10833333333333334
0 0.963671875 0.9451388888888889 0.05546875 0.10972222222222222
0 0.1359375 0.7569444444444444 0.09375 0.15555555555555556
0 0.2625 0.6743055555555556 0.084375 0.14027777777777778
0 0.494140625 0.3416666666666667 0.01953125 0.08333333333333333
0 0.313671875 0.5798611111111112 0.05234375 0.13472222222222222
0 0.61328125 0.5479166666666667 0.075 0.12083333333333333
0 0.44140625 0.35347222222222224 0.034375 0.08472222222222223
0 0.494921875 0.7118055555555556 0.09453125 0.14305555555555555
0 0.66640625 0.4798611111111111 0.0703125 0.10694444444444444
0 0.399609375 0.6708333333333333 0.07890625 0.13333333333333333
0 0.105859375 0.37777777777777777 0.05859375 0.08611111111111111
0 0.35390625 0.29791666666666666 0.0265625 0.07361111111111111
0 0.41015625 0.29444444444444445 0.021875 0.06388888888888888
0 0.71171875 0.4756944444444444 0.040625 0.09027777777777778
0 0.704296875 0.35 0.02734375 0.07777777777777778
0 0.3703125 0.2965277777777778 0.0234375 0.07361111111111111
0 0.4625 0.32708333333333334 0.021875 0.0763888888888889
0 0.520703125 0.2972222222222222 0.02109375 0.07777777777777778
0 0.73671875 0.4486111111111111 0.05 0.08333333333333333
1 0.5125 0.18680555555555556 0.0328125 0.05694444444444444
1 0.458203125 0.18541666666666667 0.02578125 0.05138888888888889
1 0.386328125 0.25416666666666665 0.03515625 0.08055555555555556
3 0.556640625 0.24444444444444444 0.05546875 0.1111111111111111
3 0.5578125 0.38333333333333336 0.0953125 0.23333333333333334
3 0.6125 0.32708333333333334 0.075 0.15416666666666667
3 0.4546875 0.2520833333333333 0.0375 0.09861111111111111
