0 0.472265625 0.7409722222222223 0.04921875 0.12916666666666668
0 0.579296875 0.8548611111111111 0.05546875 0.14305555555555555
0 0.665625 0.5222222222222223 0.0296875 0.08055555555555556
0 0.698046875 0.4895833333333333 0.02578125 0.07083333333333333
0 0.370703125 0.8638888888888889 0.06015625 0.15
0 0.423046875 0.8791666666666667 0.05859375 0.14722222222222223
0 0.58125 0.7305555555555555 0.0421875 0.10833333333333334
0 0.487890625 0.6333333333333333 0.03984375 0.10555555555555556
0 0.615234375 0.5597222222222222 0.03203125 0.08888888888888889
0 0.728125 0.5333333333333333 0.025 0.07222222222222222
0 0.430859375 0.7020833333333333 0.04609375 0.12638888888888888
0 0.744921875 0.4125 0.01796875 0.05
0 0.85546875 0.3951388888888889 0.01875 0.04583333333333333
0 0.838671875 0.425 0.01953125 0.05
0 0.778125 0.5722222222222222 0.028125 0.08055555555555556
0 0.7625 0.40555555555555556 0.01875 0.05
0 0.78984375 0.6465277777777778 0.0375 0.10138888888888889
0 0.762890625 0.4756944444444444 0.02265625 0.059722222222222225
0 0.777734375 0.5034722222222222 0.02265625 0.059722222222222225
0 0.841796875 0.48055555555555557 0.02265625 0.06388888888888888
0 0.8171875 0.5375 0.0296875 0.075
0 0.74765625 0.55 0.0265625 0.07777777777777778
0 0.81640625 0.4618055555555556 0.021875 0.05416666666666667
0 0.867578125 0.43472222222222223 0.02421875 0.05555555555555555
0 0.789453125 0.4201388888888889 0.01953125 0.05138888888888889
0 0.815625 0.49375 0.0234375 0.059722222222222225
0 0.808203125 0.40625 0.01796875 0.04861111111111111
0 0.72890625 0.4895833333333333 0.021875 0.05416666666666667
0 0.737109375 0.38055555555555554 0.01484375 0.03888888888888889
0 0.71953125 0.3958333333333333 0.0203125 0.04722222222222222
1 0.446875 0.49444444444444446 0.06875 0.08888888888888889
1 0.551953125 0.4083333333333333 0.04609375 0.06666666666666667
1 0.644921875 0.4777777777777778 0.04140625 0.07222222222222222
1 0.651171875 0.35625 0.03203125 0.05138888888888889
1 0.715234375 0.4479166666666667 0.04296875 0.06805555555555555
1 0.60546875 0.3541666666666667 0.03125 0.044444444444444446
1 0.58984375 0.3902777777777778 0.0421875 0.058333333333333334
1 0.6265625 0.32430555555555557 0.028125 0.043055555555555555
1 0.69296875 0.3548611111111111 0.0296875 0.043055555555555555
