3 0.248828125 0.7729166666666667 0.36953125 0.45416666666666666
3 0.776953125 0.8055555555555556 0.34609375 0.3888888888888889
0 0.744140625 0.48680555555555555 0.03828125 0.1375
0 0.7859375 0.4479166666666667 0.0234375 0.12083333333333333
0 0.33515625 0.28680555555555554 0.03125 0.08194444444444444
0 0.3796875 0.2076388888888889 0.0140625 0.04583333333333333
0 0.66484375 0.32708333333333334 0.0296875 0.0875
0 0.630078125 0.21875 0.01640625 0.04027777777777778
0 0.663671875 0.21875 0.01328125 0.0375
3 0.43828125 0.22013888888888888 0.0796875 0.19305555555555556
3 0.503515625 0.16805555555555557 0.05390625 0.075
3 0.596484375 0.27847222222222223 0.07890625 0.18194444444444444
