0 0.191015625 0.5236111111111111 0.03984375 0.14166666666666666
0 0.292578125 0.44513888888888886 0.03671875 0.12083333333333333
0 0.265234375 0.42569444444444443 0.02734375 0.10694444444444444
0 0.590625 0.58125 0.0328125 0.14583333333333334
0 0.880078125 0.5826388888888889 0.05078125 0.14305555555555555
0 0.590625 0.37083333333333335 0.021875 0.11666666666666667
0 0.6640625 0.3284722222222222 0.025 0.07916666666666666
0 0.684375 0.3159722222222222 0.0203125 0.0763888888888889
0 0.592578125 0.21041666666666667 0.01328125 0.07083333333333333
0 0.353125 0.24791666666666667 0.025 0.07361111111111111
0 0.397265625 0.2076388888888889 0.02109375 0.05694444444444444
0 0.659375 0.225 0.0203125 0.044444444444444446
3 0.469140625 0.17152777777777778 0.03984375 0.06805555555555555
1 0.56015625 0.14930555555555555 0.0296875 0.05694444444444444
