0 0.16328125 0.30416666666666664 0.0171875 0.07222222222222222
0 0.465234375 0.23194444444444445 0.02421875 0.05
3 0.212890625 0.20555555555555555 0.06796875 0.10277777777777777
1 0.549609375 0.4576388888888889 0.06328125 0.11805555555555555
1 0.701171875 0.6652777777777777 0.12109375 0.23055555555555557
1 0.52421875 0.3013888888888889 0.0375 0.06388888888888888
1 0.547265625 0.2659722222222222 0.03828125 0.05694444444444444
1 0.57734375 0.25625 0.0296875 0.04583333333333333
2 0.634375 0.24513888888888888 0.0546875 0.10416666666666667
1 0.68359375 0.24375 0.0484375 0.05138888888888889
