5 0.52734375 0.3125 0.0513671875 0.07430555555555556
5 0.6171875 0.3263888888888889 0.041015625 0.06875
5 0.535546875 0.2826388888888889 0.05 0.06284722222222222
6 0.862109375 0.8361111111111111 0.26171875 0.325
6 0.652734375 0.24583333333333332 0.05625 0.09131944444444444
7 0.57421875 0.5201388888888889 0.164453125 0.38229166666666664
7 0.690234375 0.50625 0.0994140625 0.22118055555555555
7 0.61328125 0.2722222222222222 0.0484375 0.09513888888888888
4 0.134375 0.4444444444444444 0.0359375 0.11180555555555556
4 0.16953125 0.3013888888888889 0.0201171875 0.06701388888888889
