0 0.105078125 0.7006944444444444 0.06015625 0.18472222222222223
0 0.674609375 0.2388888888888889 0.01796875 0.06111111111111111
0 0.855078125 0.6277777777777778 0.04921875 0.15555555555555556
0 0.299609375 0.2652777777777778 0.02109375 0.06388888888888888
0 0.769140625 0.45069444444444445 0.03515625 0.1125
0 0.75546875 0.7145833333333333 0.0515625 0.16805555555555557
0 0.5734375 0.15694444444444444 0.0140625 0.04722222222222222
0 0.22421875 0.4222222222222222 0.03125 0.10833333333333334
0 0.353125 0.2388888888888889 0.0203125 0.06666666666666667
0 0.346484375 0.20208333333333334 0.01796875 0.059722222222222225
0 0.727734375 0.3263888888888889 0.02421875 0.08333333333333333
0 0.626171875 0.17291666666666666 0.01328125 0.04583333333333333
3 0.611328125 0.41875 0.10703125 0.3013888888888889
3 0.33828125 0.6493055555555556 0.1359375 0.49027777777777776
3 0.526953125 0.20208333333333334 0.04140625 0.09583333333333334
3 0.583984375 0.2375 0.04921875 0.06944444444444445
1 0.403125 0.1701388888888889 0.05625 0.05416666666666667
3 0.471875 0.11875 0.0265625 0.0875
