0 0.51171875 0.8104166666666667 0.0515625 0.14027777777777778
0 0.70546875 0.4097222222222222 0.0234375 0.06111111111111111
0 0.690234375 0.5756944444444444 0.02890625 0.07916666666666666
0 0.84609375 0.44930555555555557 0.0234375 0.0625
0 0.816015625 0.5166666666666667 0.02890625 0.075
0 0.716015625 0.6423611111111112 0.03671875 0.09861111111111111
0 0.669140625 0.5180555555555556 0.02578125 0.06944444444444445
0 0.654296875 0.47708333333333336 0.02578125 0.06805555555555555
0 0.86015625 0.5486111111111112 0.03125 0.08055555555555556
0 0.76796875 0.4513888888888889 0.0234375 0.06388888888888888
0 0.813671875 0.725 0.03984375 0.11944444444444445
0 0.656640625 0.6173611111111111 0.03515625 0.09583333333333334
0 0.8703125 0.4736111111111111 0.0265625 0.06666666666666667
0 0.720703125 0.5152777777777777 0.02734375 0.07222222222222222
0 0.540234375 0.6006944444444444 0.03984375 0.10416666666666667
0 0.594921875 0.6138888888888889 0.03671875 0.08888888888888889
0 0.591015625 0.675 0.03359375 0.08333333333333333
0 0.559765625 0.9243055555555556 0.05546875 0.10972222222222222
0 0.798828125 0.475 0.02265625 0.06111111111111111
0 0.73125 0.46805555555555556 0.025 0.06388888888888888
0 0.729296875 0.42291666666666666 0.02109375 0.05416666666666667
0 0.75625 0.5784722222222223 0.0328125 0.0875
0 0.599609375 0.7659722222222223 0.04453125 0.11805555555555555
0 0.688671875 0.4895833333333333 0.02265625 0.0625
0 0.863671875 0.42430555555555555 0.02265625 0.059722222222222225
0 0.2765625 0.9520833333333333 0.0703125 0.09583333333333334
0 0.81953125 0.4388888888888889 0.01875 0.05277777777777778
0 0.1296875 0.9354166666666667 0.08125 0.10138888888888889
0 0.7453125 0.3993055555555556 0.0203125 0.05138888888888889
1 0.393359375 0.6041666666666666 0.08984375 0.11388888888888889
1 0.07421875 0.8361111111111111 0.146875 0.18055555555555555
1 0.611328125 0.40902777777777777 0.04765625 0.07083333333333333
1 0.580859375 0.3784722222222222 0.03359375 0.05138888888888889
1 0.66796875 0.39305555555555555 0.0390625 0.058333333333333334
1 0.543359375 0.4097222222222222 0.04765625 0.06666666666666667
1 0.61953125 0.34097222222222223 0.03125 0.04861111111111111
1 0.666015625 0.35 0.03203125 0.04722222222222222
0 0.841015625 0.37083333333333335 0.01171875 0.03888888888888889
0 0.790234375 0.41180555555555554 0.01328125 0.04583333333333333
