0 0.21484375 0.8125 0.0453125 0.2111111111111111
0 0.89375 0.7138888888888889 0.046875 0.15
0 0.59765625 0.4409722222222222 0.05 0.10138888888888889
0 0.275390625 0.89375 0.04765625 0.1875
0 0.80078125 0.5506944444444445 0.034375 0.12361111111111112
0 0.69140625 0.47638888888888886 0.025 0.10277777777777777
0 0.644921875 0.36875 0.01640625 0.08194444444444444
0 0.7390625 0.5451388888888888 0.0296875 0.12083333333333333
0 0.27421875 0.5513888888888889 0.0296875 0.1388888888888889
0 0.336328125 0.4791666666666667 0.02734375 0.12222222222222222
0 0.40234375 0.2875 0.0203125 0.075
0 0.571484375 0.2826388888888889 0.01796875 0.0625
0 0.3765625 0.34444444444444444 0.0234375 0.09166666666666666
0 0.60625 0.3548611111111111 0.0234375 0.0875
0 0.337890625 0.3923611111111111 0.01953125 0.09027777777777778
0 0.728125 0.4597222222222222 0.025 0.1
0 0.33359375 0.3416666666666667 0.021875 0.08333333333333333
0 0.36171875 0.3145833333333333 0.021875 0.07916666666666666
0 0.68828125 0.40694444444444444 0.0234375 0.08611111111111111
0 0.62890625 0.2972222222222222 0.015625 0.06944444444444445
0 0.426953125 0.21597222222222223 0.01328125 0.059722222222222225
0 0.316015625 0.4513888888888889 0.02421875 0.10833333333333334
0 0.667578125 0.33819444444444446 0.01640625 0.07361111111111111
0 0.387890625 0.27152777777777776 0.01953125 0.06805555555555555
0 0.720703125 0.40902777777777777 0.02734375 0.08472222222222223
0 0.5984375 0.2986111111111111 0.01875 0.06666666666666667
0 0.408984375 0.2298611111111111 0.01640625 0.059722222222222225
1 0.674609375 0.6583333333333333 0.12890625 0.21388888888888888
1 0.12265625 0.40208333333333335 0.1421875 0.10972222222222222
1 0.463671875 0.18819444444444444 0.02890625 0.059722222222222225
1 0.44296875 0.33958333333333335 0.04375 0.08194444444444444
1 0.45859375 0.2604166666666667 0.0359375 0.07083333333333333
1 0.41796875 0.15902777777777777 0.0234375 0.04583333333333333
1 0.526171875 0.19930555555555557 0.03203125 0.04861111111111111
3 0.53359375 0.2701388888888889 0.053125 0.12361111111111112
1 0.535546875 0.8444444444444444 0.23671875 0.2833333333333333
