0 0.675390625 0.32222222222222224 0.01953125 0.07777777777777778
0 0.364453125 0.2375 0.01171875 0.05555555555555555
0 0.61171875 0.25416666666666665 0.015625 0.058333333333333334
0 0.740234375 0.48055555555555557 0.02890625 0.07222222222222222
0 0.644140625 0.24097222222222223 0.01171875 0.05138888888888889
0 0.40234375 0.2569444444444444 0.03125 0.06944444444444445
1 0.40234375 0.2569444444444444 0.03125 0.06944444444444445
1 0.431640625 0.18472222222222223 0.02734375 0.058333333333333334
2 0.18828125 0.75 0.215625 0.4527777777777778
3 0.436328125 0.33402777777777776 0.05390625 0.14305555555555555
3 0.79453125 0.7548611111111111 0.4109375 0.49027777777777776
3 0.511328125 0.17222222222222222 0.03203125 0.075
3 0.47265625 0.15833333333333333 0.0265625 0.06111111111111111
