5 0.67578125 0.6395833333333333 0.1326171875 0.2204861111111111
5 0.628515625 0.43125 0.0734375 0.12048611111111111
5 0.254296875 0.3402777777777778 0.053125 0.09097222222222222
5 0.0578125 0.9013888888888889 0.096875 0.19444444444444445
6 0.60546875 0.3263888888888889 0.057421875 0.103125
6 0.673046875 0.25277777777777777 0.0443359375 0.06041666666666667
6 0.643359375 0.25277777777777777 0.0509765625 0.075
6 0.518359375 0.36666666666666664 0.078125 0.16701388888888888
7 0.518359375 0.36666666666666664 0.0775390625 0.16666666666666666
7 0.674609375 0.19722222222222222 0.0859375 0.08402777777777778
