0 0.75390625 0.4354166666666667 0.025 0.10694444444444444
0 0.32109375 0.3236111111111111 0.021875 0.08333333333333333
1 0.687890625 0.5333333333333333 0.09765625 0.15833333333333333
1 0.64296875 0.3909722222222222 0.0640625 0.07916666666666666
1 0.89140625 0.8555555555555555 0.2046875 0.28888888888888886
3 0.409765625 0.36041666666666666 0.06171875 0.1736111111111111
3 0.55 0.24305555555555555 0.0734375 0.17222222222222222
3 0.56484375 0.3645833333333333 0.0828125 0.19027777777777777
3 0.75078125 0.8291666666666667 0.3203125 0.3416666666666667
0 0.719921875 0.3388888888888889 0.00078125 0.002777777777777778
1 0.632421875 0.31875 0.04453125 0.05138888888888889
