0 0.262109375 0.4041666666666667 0.03359375 0.13333333333333333
0 0.382421875 0.2298611111111111 0.01796875 0.07083333333333333
0 0.743359375 0.35625 0.02578125 0.08194444444444444
0 0.733984375 0.4152777777777778 0.02890625 0.09166666666666666
0 0.87734375 0.6472222222222223 0.065625 0.18611111111111112
0 0.65234375 0.2520833333333333 0.01875 0.07083333333333333
0 0.653125 0.2111111111111111 0.0109375 0.04722222222222222
0 0.531640625 0.19375 0.01796875 0.05694444444444444
0 0.59140625 0.20694444444444443 0.0203125 0.06111111111111111
0 0.569140625 0.2048611111111111 0.02109375 0.06527777777777778
