5 0.526171875 0.4236111111111111 0.07109375 0.11875
5 0.56015625 0.6895833333333333 0.123046875 0.2513888888888889
5 0.687109375 0.5569444444444445 0.1109375 0.16458333333333333
5 0.61328125 0.36944444444444446 0.0576171875 0.08055555555555556
5 0.310546875 0.5638888888888889 0.0853515625 0.18333333333333332
5 0.116015625 0.50625 0.1353515625 0.20451388888888888
5 0.528515625 0.2986111111111111 0.0421875 0.06388888888888888
4 0.194140625 0.32708333333333334 0.02109375 0.07048611111111111
4 0.158203125 0.33194444444444443 0.01875 0.0642361111111111
4 0.738671875 0.36666666666666664 0.0224609375 0.06076388888888889
4 0.9703125 0.625 0.0517578125 0.11944444444444445
4 0.6921875 0.29444444444444445 0.0111328125 0.03888888888888889
6 0.616796875 0.25625 0.0521484375 0.09826388888888889
