0 0.33828125 0.28125 0.015625 0.07361111111111111
0 0.62890625 0.25555555555555554 0.0125 0.058333333333333334
0 0.141796875 0.5854166666666667 0.03515625 0.1375
0 0.68203125 0.3423611111111111 0.0203125 0.07916666666666666
0 0.357421875 0.3215277777777778 0.01796875 0.08194444444444444
0 0.42421875 0.20277777777777778 0.0125 0.05
1 0.39921875 0.2673611111111111 0.03125 0.06805555555555555
1 0.45 0.2652777777777778 0.0390625 0.075
1 0.5953125 0.25763888888888886 0.03125 0.06805555555555555
2 0.2453125 0.6284722222222222 0.1625 0.3597222222222222
3 0.733984375 0.7048611111111112 0.40078125 0.5902777777777778
3 0.55234375 0.31666666666666665 0.0515625 0.125
3 0.470703125 0.15694444444444444 0.02578125 0.05555555555555555
