0 0.534375 0.6805555555555556 0.04375 0.16666666666666666
0 0.332421875 0.5041666666666667 0.02890625 0.11666666666666667
1 0.26171875 0.8826388888888889 0.184375 0.23472222222222222
0 0.36484375 0.3951388888888889 0.0171875 0.09305555555555556
0 0.421875 0.36875 0.0140625 0.0763888888888889
0 0.535546875 0.38958333333333334 0.01640625 0.08194444444444444
0 0.526953125 0.34097222222222223 0.01640625 0.06805555555555555
0 0.517578125 0.2722222222222222 0.01640625 0.05555555555555555
0 0.45078125 0.29583333333333334 0.01875 0.058333333333333334
0 0.41015625 0.33402777777777776 0.0109375 0.07083333333333333
0 0.399609375 0.31319444444444444 0.01171875 0.059722222222222225
0 0.427734375 0.2902777777777778 0.01328125 0.058333333333333334
