1 0.59296875 0.4222222222222222 0.0328125 0.05555555555555555
0 0.259765625 0.8513888888888889 0.04765625 0.12222222222222222
0 0.82578125 0.4736111111111111 0.0203125 0.06111111111111111
2 0.2515625 0.5722222222222222 0.1890625 0.225
1 0.635546875 0.40625 0.03203125 0.0625
0 0.276953125 0.9270833333333334 0.06484375 0.14583333333333334
0 0.792578125 0.38680555555555557 0.01328125 0.04583333333333333
0 0.5 0.93125 0.05625 0.1375
0 0.709765625 0.44375 0.03359375 0.0763888888888889
0 0.871484375 0.46805555555555556 0.02109375 0.08888888888888889
0 0.743359375 0.4395833333333333 0.01953125 0.08472222222222223
0 0.41484375 0.95 0.0515625 0.1
0 0.69921875 0.4583333333333333 0.0265625 0.06666666666666667
0 0.8296875 0.4027777777777778 0.0125 0.05555555555555555
0 0.721484375 0.4486111111111111 0.02265625 0.06944444444444445
0 0.304296875 0.9472222222222222 0.06484375 0.10555555555555556
0 0.77109375 0.4395833333333333 0.01875 0.06805555555555555
0 0.796875 0.4965277777777778 0.01875 0.0763888888888889
0 0.773828125 0.5659722222222222 0.02109375 0.10694444444444444
0 0.445703125 0.6618055555555555 0.04453125 0.12083333333333333
0 0.834375 0.5638888888888889 0.0234375 0.10833333333333334
0 0.353125 0.7243055555555555 0.034375 0.11527777777777778
1 0.601171875 0.5694444444444444 0.06484375 0.11388888888888889
0 0.857421875 0.8493055555555555 0.03984375 0.15416666666666667
0 0.445703125 0.8569444444444444 0.05390625 0.15555555555555556
1 0.674609375 0.5173611111111112 0.04921875 0.0875
1 0.708984375 0.8118055555555556 0.09609375 0.15694444444444444
0 0.39296875 0.8131944444444444 0.04375 0.12361111111111112
0 0.36171875 0.7819444444444444 0.03125 0.12777777777777777
1 0.510546875 0.7534722222222222 0.08828125 0.1486111111111111
1 0.509765625 0.6111111111111112 0.08046875 0.11388888888888889
1 0.4984375 0.525 0.059375 0.07777777777777778
0 0.57578125 0.4666666666666667 0.01875 0.06111111111111111
0 0.59453125 0.4666666666666667 0.0171875 0.06666666666666667
0 0.6171875 0.46319444444444446 0.01875 0.06805555555555555
0 0.640625 0.4673611111111111 0.0171875 0.07083333333333333
0 0.66328125 0.4618055555555556 0.0125 0.059722222222222225
0 0.6796875 0.45902777777777776 0.015625 0.0375
1 0.66328125 0.34444444444444444 0.0265625 0.044444444444444446
