0 0.176171875 0.3368055555555556 0.02109375 0.07083333333333333
1 0.541796875 0.5625 0.08828125 0.175
1 0.605078125 0.9159722222222222 0.15234375 0.1597222222222222
1 0.651171875 0.5423611111111111 0.08359375 0.13194444444444445
1 0.6265625 0.42986111111111114 0.071875 0.09027777777777778
1 0.553125 0.3798611111111111 0.05 0.10416666666666667
1 0.61015625 0.3548611111111111 0.04375 0.07361111111111111
1 0.440625 0.2222222222222222 0.05625 0.05277777777777778
3 0.51953125 0.2659722222222222 0.0625 0.12916666666666668
1 0.773828125 0.8118055555555556 0.21328125 0.30416666666666664
2 0.651171875 0.24444444444444444 0.06796875 0.08611111111111111
2 0.6078125 0.28402777777777777 0.0484375 0.07916666666666666
0 0.359765625 0.2125 0.01953125 0.041666666666666664
3 0.17109375 0.18125 0.0484375 0.10416666666666667
0 0.701953125 0.3034722222222222 0.01328125 0.059722222222222225
