0 0.23046875 0.4618055555555556 0.0296875 0.12083333333333333
0 0.37265625 0.2534722222222222 0.0140625 0.06527777777777778
0 0.73203125 0.5166666666666667 0.028125 0.12777777777777777
0 0.737890625 0.41805555555555557 0.02265625 0.09444444444444444
0 0.817578125 0.5861111111111111 0.03359375 0.14166666666666666
0 0.697265625 0.40902777777777777 0.02109375 0.08472222222222223
0 0.303125 0.3229166666666667 0.01875 0.07916666666666666
0 0.668359375 0.3347222222222222 0.01796875 0.07222222222222222
0 0.041796875 0.4638888888888889 0.02578125 0.10277777777777777
0 0.32421875 0.23819444444444443 0.0125 0.05138888888888889
3 0.441015625 0.2423611111111111 0.06796875 0.15694444444444444
3 0.5578125 0.35138888888888886 0.0640625 0.1388888888888889
3 0.528515625 0.21597222222222223 0.03046875 0.07361111111111111
