0 0.517578125 0.6090277777777777 0.03359375 0.14027777777777778
0 0.3421875 0.4875 0.0296875 0.12222222222222222
0 0.4 0.4041666666666667 0.0171875 0.08611111111111111
0 0.3703125 0.3784722222222222 0.015625 0.07916666666666666
0 0.410546875 0.3020833333333333 0.01484375 0.06527777777777778
1 0.448828125 0.2986111111111111 0.04609375 0.09444444444444444
0 0.50234375 0.33055555555555555 0.0171875 0.06944444444444445
0 0.529296875 0.30833333333333335 0.01640625 0.06666666666666667
0 0.494921875 0.2611111111111111 0.01328125 0.04722222222222222
0 0.5125 0.25069444444444444 0.0109375 0.04861111111111111
0 0.530078125 0.25277777777777777 0.01328125 0.04722222222222222
