3 0.1296875 0.4270833333333333 0.125 0.25972222222222224
3 0.22265625 0.20069444444444445 0.0890625 0.12638888888888888
1 0.352734375 0.5131944444444444 0.08359375 0.1875
1 0.787109375 0.7631944444444444 0.17890625 0.2569444444444444
1 0.62109375 0.4215277777777778 0.065625 0.12638888888888888
1 0.533203125 0.4013888888888889 0.05546875 0.07222222222222222
1 0.537109375 0.31180555555555556 0.04609375 0.06805555555555555
1 0.59609375 0.3326388888888889 0.0453125 0.07361111111111111
1 0.63046875 0.27708333333333335 0.0359375 0.04861111111111111
3 0.616796875 0.2263888888888889 0.05234375 0.06388888888888888
2 0.559375 0.5479166666666667 0.0921875 0.2263888888888889
0 0.462109375 0.22847222222222222 0.02578125 0.043055555555555555
0 0.709765625 0.32569444444444445 0.02421875 0.06805555555555555
0 0.115625 0.24722222222222223 0.0140625 0.05277777777777778
