1 0.884375 0.9020833333333333 0.23125 0.19583333333333333
3 0.641015625 0.40208333333333335 0.10078125 0.20416666666666666
3 0.50078125 0.20208333333333334 0.1078125 0.09305555555555556
3 0.684765625 0.2076388888888889 0.08671875 0.08194444444444444
3 0.533203125 0.2847222222222222 0.06953125 0.21666666666666667
3 0.61953125 0.27361111111111114 0.0703125 0.18333333333333332
1 0.378125 0.22152777777777777 0.05625 0.043055555555555555
1 0.260546875 0.20902777777777778 0.04765625 0.05138888888888889
0 0.157421875 0.2791666666666667 0.01796875 0.058333333333333334
0 0.7015625 0.30694444444444446 0.01875 0.06388888888888888
0 0.728515625 0.2701388888888889 0.01640625 0.05694444444444444
0 0.309375 0.2222222222222222 0.0203125 0.041666666666666664
0 0.33671875 0.2152777777777778 0.0234375 0.04722222222222222
