0 0.221484375 0.4986111111111111 0.04765625 0.14166666666666666
0 0.2953125 0.34791666666666665 0.0296875 0.10694444444444444
0 0.55390625 0.3909722222222222 0.0296875 0.09583333333333334
0 0.790234375 0.7173611111111111 0.07109375 0.18472222222222223
0 0.68671875 0.33194444444444443 0.025 0.10277777777777777
0 0.636328125 0.27291666666666664 0.02265625 0.07083333333333333
1 0.408203125 0.38958333333333334 0.06953125 0.1625
0 0.618359375 0.21736111111111112 0.01171875 0.05416666666666667
3 0.57421875 0.16805555555555557 0.0375 0.08888888888888889
1 0.437890625 0.14583333333333334 0.02421875 0.03888888888888889
