0 0.63515625 0.24097222222222223 0.01875 0.06805555555555555
0 0.190625 0.7118055555555556 0.0546875 0.1736111111111111
0 0.659375 0.23958333333333334 0.01875 0.06527777777777778
0 0.158203125 0.5305555555555556 0.04296875 0.13333333333333333
0 0.949609375 0.7291666666666666 0.05859375 0.18055555555555555
0 0.302734375 0.5888888888888889 0.04765625 0.15555555555555556
0 0.56484375 0.15694444444444444 0.0140625 0.04722222222222222
0 0.34765625 0.2652777777777778 0.01875 0.06944444444444445
0 0.451171875 0.2423611111111111 0.01953125 0.07083333333333333
0 0.2390625 0.5305555555555556 0.0375 0.12777777777777777
0 0.5203125 0.14375 0.0125 0.04583333333333333
0 0.591015625 0.15694444444444444 0.01171875 0.03888888888888889
3 0.55234375 0.2763888888888889 0.059375 0.12777777777777777
