0 0.451171875 0.44027777777777777 0.06796875 0.1361111111111111
1 0.451171875 0.44027777777777777 0.06796875 0.1361111111111111
0 0.15078125 0.8944444444444445 0.053125 0.16111111111111112
0 0.43125 0.7763888888888889 0.040625 0.17777777777777778
0 0.5328125 0.6715277777777777 0.0328125 0.15694444444444444
0 0.489453125 0.5861111111111111 0.02578125 0.12777777777777777
0 0.496875 0.32083333333333336 0.0171875 0.07222222222222222
0 0.53203125 0.38819444444444445 0.01875 0.08194444444444444
0 0.544921875 0.46805555555555556 0.02421875 0.09722222222222222
0 0.508984375 0.44166666666666665 0.02109375 0.09166666666666666
0 0.53359375 0.29375 0.0171875 0.06805555555555555
