0 0.35625 0.4513888888888889 0.0265625 0.11388888888888889
0 0.148828125 0.5201388888888889 0.03046875 0.13194444444444445
0 0.32421875 0.40902777777777777 0.0265625 0.10416666666666667
0 0.837890625 0.7277777777777777 0.05234375 0.16944444444444445
0 0.7625 0.5465277777777777 0.040625 0.12361111111111112
0 0.268359375 0.5180555555555556 0.02734375 0.125
0 0.01953125 0.3770833333333333 0.040625 0.08472222222222223
0 0.2296875 0.7715277777777778 0.04375 0.18472222222222223
0 0.430078125 0.2847222222222222 0.02109375 0.07222222222222222
0 0.086328125 0.89375 0.05078125 0.19305555555555556
0 0.33359375 0.5229166666666667 0.028125 0.12638888888888888
0 0.315625 0.6291666666666667 0.0328125 0.14722222222222223
0 0.134765625 0.3784722222222222 0.06171875 0.08472222222222223
0 0.308203125 0.7548611111111111 0.04140625 0.17083333333333334
0 0.7078125 0.5222222222222223 0.034375 0.11666666666666667
0 0.7453125 0.4618055555555556 0.0296875 0.10694444444444444
0 0.11953125 0.7395833333333334 0.040625 0.1875
0 0.650390625 0.40625 0.02734375 0.09027777777777778
0 0.273828125 0.9201388888888888 0.03515625 0.15416666666666667
0 0.978515625 0.8659722222222223 0.03046875 0.17916666666666667
0 0.219140625 0.6715277777777777 0.03984375 0.1486111111111111
0 0.68984375 0.4125 0.0296875 0.10277777777777777
0 0.61875 0.3784722222222222 0.03125 0.0763888888888889
0 0.351953125 0.36527777777777776 0.01953125 0.08888888888888889
0 0.58203125 0.24166666666666667 0.01875 0.06111111111111111
0 0.463671875 0.28402777777777777 0.01953125 0.06527777777777778
0 0.526171875 0.28680555555555554 0.02265625 0.06527777777777778
0 0.497265625 0.2951388888888889 0.01484375 0.06805555555555555
0 0.1125 0.6715277777777777 0.0421875 0.15138888888888888
0 0.45 0.2423611111111111 0.0171875 0.05416666666666667
1 0.2453125 0.3770833333333333 0.10625 0.10694444444444444
1 0.455859375 0.40625 0.04765625 0.11527777777777778
1 0.54921875 0.3277777777777778 0.0515625 0.09166666666666666
1 0.442578125 0.5888888888888889 0.07734375 0.19166666666666668
1 0.386328125 0.32430555555555557 0.03671875 0.09861111111111111
1 0.58125 0.47708333333333336 0.10625 0.1736111111111111
1 0.456640625 0.33611111111111114 0.04765625 0.07777777777777778
1 0.392578125 0.2673611111111111 0.03359375 0.06805555555555555
1 0.605078125 0.3229166666666667 0.06015625 0.06527777777777778
3 0.66796875 0.7145833333333333 0.1703125 0.4152777777777778
3 0.384765625 0.8805555555555555 0.15078125 0.2388888888888889
