0 0.129296875 0.8805555555555555 0.07265625 0.1638888888888889
0 0.526171875 0.8277777777777777 0.05390625 0.1527777777777778
0 0.29375 0.7694444444444445 0.05625 0.1361111111111111
0 0.603125 0.825 0.05 0.14166666666666666
0 0.691015625 0.4791666666666667 0.02265625 0.06666666666666667
0 0.246484375 0.8979166666666667 0.07265625 0.1625
0 0.668359375 0.4673611111111111 0.02265625 0.0625
0 0.853515625 0.3951388888888889 0.02109375 0.05416666666666667
0 0.81484375 0.4756944444444444 0.025 0.06527777777777778
0 0.7515625 0.4236111111111111 0.0203125 0.05277777777777778
0 0.721875 0.43680555555555556 0.021875 0.05138888888888889
0 0.824609375 0.3840277777777778 0.01796875 0.04861111111111111
0 0.6578125 0.5513888888888889 0.028125 0.08055555555555556
0 0.673046875 0.51875 0.02265625 0.06527777777777778
0 0.833984375 0.4479166666666667 0.02265625 0.059722222222222225
0 0.776171875 0.4375 0.01953125 0.05
0 0.9578125 0.8805555555555555 0.046875 0.17777777777777778
0 0.778515625 0.49375 0.02265625 0.0625
0 0.790234375 0.42430555555555555 0.01953125 0.04861111111111111
0 0.638671875 0.49583333333333335 0.02578125 0.07222222222222222
0 0.726953125 0.49236111111111114 0.02265625 0.0625
0 0.83984375 0.35138888888888886 0.01875 0.044444444444444446
0 0.578125 0.6138888888888889 0.0359375 0.1
0 0.74296875 0.5208333333333334 0.0234375 0.06388888888888888
0 0.73671875 0.39861111111111114 0.0171875 0.04722222222222222
0 0.721875 0.39652777777777776 0.015625 0.04583333333333333
0 0.79765625 0.3958333333333333 0.0171875 0.041666666666666664
1 0.362890625 0.6277777777777778 0.11953125 0.13055555555555556
1 0.80078125 0.5715277777777777 0.125 0.12083333333333333
1 0.6203125 0.39652777777777776 0.0390625 0.05694444444444444
1 0.595703125 0.36666666666666664 0.03203125 0.04722222222222222
1 0.4015625 0.5090277777777777 0.0828125 0.09861111111111111
1 0.654296875 0.3548611111111111 0.03203125 0.04583333333333333
1 0.62734375 0.3159722222222222 0.0265625 0.04027777777777778
