0 0.1859375 0.91875 0.0515625 0.1625
0 0.1328125 0.8805555555555555 0.0546875 0.2111111111111111
0 0.27890625 0.7756944444444445 0.0453125 0.18472222222222223
0 0.309765625 0.5298611111111111 0.03203125 0.12361111111111112
0 0.537109375 0.5715277777777777 0.02890625 0.12916666666666668
0 0.4765625 0.42986111111111114 0.0203125 0.09861111111111111
0 0.511328125 0.41041666666666665 0.01796875 0.08194444444444444
0 0.396875 0.38125 0.0171875 0.08194444444444444
0 0.480078125 0.2833333333333333 0.01640625 0.06388888888888888
0 0.481640625 0.3597222222222222 0.01796875 0.07222222222222222
0 0.5296875 0.3111111111111111 0.021875 0.06666666666666667
0 0.505078125 0.35833333333333334 0.01640625 0.06666666666666667
0 0.5046875 0.3020833333333333 0.0140625 0.04861111111111111
0 0.448828125 0.2513888888888889 0.01171875 0.05
