0 0.7671875 0.49027777777777776 0.025 0.10833333333333334
0 0.2546875 0.4048611111111111 0.025 0.10138888888888889
0 0.9234375 0.8916666666666667 0.059375 0.21666666666666667
0 0.892578125 0.65625 0.03359375 0.14305555555555555
0 0.365625 0.32430555555555557 0.01875 0.08194444444444444
0 0.329296875 0.35347222222222224 0.02109375 0.06805555555555555
0 0.39375 0.2777777777777778 0.015625 0.05277777777777778
0 0.38125 0.23194444444444445 0.0125 0.05555555555555555
0 0.041015625 0.4652777777777778 0.02578125 0.09722222222222222
3 0.556640625 0.2951388888888889 0.08828125 0.20416666666666666
2 0.43515625 0.19166666666666668 0.034375 0.08055555555555556
3 0.519140625 0.15694444444444444 0.03046875 0.06944444444444445
3 0.473046875 0.17083333333333334 0.02890625 0.06388888888888888
0 0.330859375 0.29583333333333334 0.01953125 0.044444444444444446
0 0.397265625 0.21805555555555556 0.01015625 0.041666666666666664
