0 0.123828125 0.4125 0.02578125 0.1
3 0.30859375 0.5895833333333333 0.2140625 0.6541666666666667
3 0.690625 0.6604166666666667 0.384375 0.6569444444444444
3 0.5640625 0.26319444444444445 0.071875 0.11527777777777778
3 0.3875 0.20347222222222222 0.08125 0.07916666666666666
3 0.247265625 0.1986111111111111 0.07890625 0.07777777777777778
1 0.154296875 0.5284722222222222 0.00078125 0.009722222222222222
0 0.158203125 0.26458333333333334 0.01640625 0.04027777777777778
0 0.319140625 0.21319444444444444 0.01640625 0.0375
2 0.657421875 0.3819444444444444 0.10859375 0.19722222222222222
