2 0.178515625 0.19027777777777777 0.07421875 0.075
1 0.583203125 0.7784722222222222 0.14453125 0.2875
1 0.526953125 0.33958333333333335 0.04609375 0.07361111111111111
1 0.59453125 0.33958333333333335 0.05 0.0763888888888889
1 0.616015625 0.28541666666666665 0.03515625 0.04861111111111111
1 0.53984375 0.2875 0.0375 0.058333333333333334
2 0.658203125 0.25277777777777777 0.05078125 0.075
2 0.717578125 0.2388888888888889 0.04140625 0.06111111111111111
2 0.5984375 0.2326388888888889 0.078125 0.09027777777777778
0 0.901953125 0.5888888888888889 0.04609375 0.125
3 0.752734375 0.5902777777777778 0.19609375 0.325
