4 0.8140625 0.5604166666666667 0.0482421875 0.15381944444444445
4 0.760546875 0.4527777777777778 0.0353515625 0.11597222222222223
4 0.71015625 0.39791666666666664 0.0357421875 0.09305555555555556
4 0.7375 0.33819444444444446 0.0298828125 0.07395833333333333
4 0.698828125 0.32222222222222224 0.0228515625 0.06736111111111111
4 0.6359375 0.3090277777777778 0.0169921875 0.06388888888888888
4 0.6640625 0.3090277777777778 0.019140625 0.07777777777777778
4 0.615234375 0.27708333333333335 0.0197265625 0.04826388888888889
4 0.595703125 0.27569444444444446 0.02109375 0.059375
5 0.553515625 0.2791666666666667 0.05859375 0.11388888888888889
4 0.210546875 0.42986111111111114 0.0244140625 0.0763888888888889
4 0.36796875 0.22569444444444445 0.0357421875 0.07951388888888888
4 0.08125 0.39791666666666664 0.0658203125 0.06666666666666667
4 0.2046875 0.28680555555555554 0.043359375 0.035069444444444445
4 0.68046875 0.3034722222222222 0.0189453125 0.09166666666666666
