0 0.7234375 0.44722222222222224 0.0265625 0.10555555555555556
0 0.676171875 0.33611111111111114 0.01640625 0.08055555555555556
0 0.096875 0.6138888888888889 0.0375 0.15
0 0.900390625 0.6854166666666667 0.03984375 0.15138888888888888
0 0.443359375 0.1986111111111111 0.01171875 0.05555555555555555
0 0.40703125 0.2013888888888889 0.0140625 0.05555555555555555
0 0.6609375 0.29375 0.0140625 0.0625
0 0.728515625 0.39305555555555555 0.01953125 0.08611111111111111
1 0.76875 0.6465277777777778 0.0890625 0.1986111111111111
3 0.56484375 0.32569444444444445 0.1046875 0.2513888888888889
3 0.359765625 0.24097222222222223 0.05703125 0.10416666666666667
1 0.630859375 0.3138888888888889 0.03203125 0.06388888888888888
