5 0.694921875 0.7527777777777778 0.1646484375 0.32708333333333334
4 0.703515625 0.3784722222222222 0.0505859375 0.10972222222222222
4 0.378515625 0.33958333333333335 0.03046875 0.09305555555555556
4 0.340234375 0.34652777777777777 0.03046875 0.08333333333333333
4 0.27109375 0.37083333333333335 0.0283203125 0.07256944444444445
4 0.234375 0.36319444444444443 0.0361328125 0.07326388888888889
4 0.254296875 0.4652777777777778 0.0583984375 0.11944444444444445
4 0.081640625 0.40625 0.0646484375 0.07951388888888888
4 0.7046875 0.3104166666666667 0.0361328125 0.07951388888888888
4 0.3375 0.27847222222222223 0.0201171875 0.07673611111111112
4 0.3796875 0.1951388888888889 0.0140625 0.05451388888888889
4 0.40078125 0.21736111111111112 0.013671875 0.05416666666666667
