4 0.287109375 0.5166666666666667 0.04609375 0.11944444444444445
5 0.546484375 0.33055555555555555 0.0515625 0.08819444444444445
4 0.766015625 0.44513888888888886 0.05546875 0.12604166666666666
4 0.926171875 0.7256944444444444 0.0693359375 0.20173611111111112
4 0.0796875 0.39652777777777776 0.059765625 0.10277777777777777
4 0.359375 0.3298611111111111 0.021875 0.0763888888888889
4 0.408984375 0.26805555555555555 0.02890625 0.07777777777777778
4 0.38046875 0.27847222222222223 0.021875 0.06944444444444445
4 0.346484375 0.2826388888888889 0.02265625 0.058333333333333334
7 0.7328125 0.6659722222222222 0.3828125 0.6652777777777777
4 0.2453125 0.4305555555555556 0.030859375 0.09166666666666666
4 0.271875 0.3625 0.044140625 0.125
5 0.45 0.25833333333333336 0.0482421875 0.08854166666666667
4 0.6546875 0.2638888888888889 0.0185546875 0.06597222222222222
4 0.634375 0.2326388888888889 0.0185546875 0.05659722222222222
4 0.342578125 0.23958333333333334 0.0197265625 0.05138888888888889
4 0.38046875 0.1909722222222222 0.0203125 0.05
4 0.372265625 0.21736111111111112 0.0146484375 0.04618055555555556
