0 0.151171875 0.5645833333333333 0.07578125 0.12361111111111112
0 0.369921875 0.55625 0.07421875 0.12083333333333333
0 0.8765625 0.55 0.0609375 0.11388888888888889
0 0.476953125 0.35625 0.03671875 0.08194444444444444
0 0.964453125 0.9472222222222222 0.05234375 0.10555555555555556
0 0.04921875 0.4354166666666667 0.0703125 0.09027777777777778
0 0.409765625 0.2965277777777778 0.01796875 0.07083333333333333
0 0.2390625 0.4097222222222222 0.05625 0.08888888888888889
0 0.11796875 0.40625 0.0515625 0.08472222222222223
0 0.018359375 0.9194444444444444 0.03671875 0.16111111111111112
0 0.61015625 0.3236111111111111 0.0234375 0.08055555555555556
0 0.562890625 0.33541666666666664 0.02578125 0.0875
0 0.08046875 0.4215277777777778 0.059375 0.08472222222222223
0 0.353515625 0.29791666666666666 0.02578125 0.07361111111111111
0 0.323046875 0.2881944444444444 0.02734375 0.0763888888888889
0 0.4890625 0.3090277777777778 0.021875 0.06805555555555555
0 0.70078125 0.34375 0.025 0.09027777777777778
0 0.581640625 0.2298611111111111 0.01171875 0.059722222222222225
0 0.370703125 0.2951388888888889 0.02265625 0.07361111111111111
1 0.035546875 0.5326388888888889 0.07109375 0.10694444444444444
1 0.972265625 0.46319444444444446 0.03984375 0.0875
1 0.430859375 0.16180555555555556 0.01953125 0.0375
1 0.386328125 0.2534722222222222 0.03359375 0.08472222222222223
3 0.846484375 0.43333333333333335 0.15234375 0.24166666666666667
3 0.454296875 0.2520833333333333 0.04140625 0.11527777777777778
3 0.534375 0.2520833333333333 0.046875 0.12361111111111112
3 0.508203125 0.14583333333333334 0.02890625 0.07777777777777778
3 0.5640625 0.18680555555555556 0.0375 0.0875
