0 0.11171875 0.4361111111111111 0.021875 0.08333333333333333
0 0.08359375 0.42916666666666664 0.0171875 0.08333333333333333
0 0.180859375 0.29375 0.01796875 0.05416666666666667
0 0.30546875 0.21319444444444444 0.0203125 0.0375
0 0.702734375 0.2861111111111111 0.01484375 0.05555555555555555
3 0.580859375 0.5076388888888889 0.15234375 0.40694444444444444
1 0.832421875 0.8180555555555555 0.20078125 0.28055555555555556
1 0.630859375 0.26875 0.03984375 0.05138888888888889
1 0.550390625 0.2625 0.03671875 0.04722222222222222
3 0.454296875 0.21388888888888888 0.06328125 0.06944444444444445
0 0.394921875 0.22083333333333333 0.02109375 0.044444444444444446
3 0.56875 0.20069444444444445 0.140625 0.08472222222222223
1 0.71015625 0.24930555555555556 0.040625 0.0375
1 0.68046875 0.2375 0.025 0.03888888888888889
2 0.71484375 0.22152777777777777 0.0375 0.04861111111111111
2 0.206640625 0.45555555555555555 0.09140625 0.2
1 0.23359375 0.20694444444444443 0.04375 0.041666666666666664
