0 0.951171875 0.6583333333333333 0.06328125 0.15555555555555556
0 0.707421875 0.3284722222222222 0.01953125 0.0625
0 0.6625 0.2513888888888889 0.0265625 0.044444444444444446
1 0.32734375 0.3229166666666667 0.046875 0.09861111111111111
1 0.78125 0.7347222222222223 0.1609375 0.2111111111111111
3 0.22109375 0.42777777777777776 0.1 0.18611111111111112
3 0.541796875 0.30625 0.09296875 0.19027777777777777
3 0.63046875 0.3298611111111111 0.0765625 0.12083333333333333
3 0.63515625 0.20069444444444445 0.090625 0.0763888888888889
3 0.637109375 0.6777777777777778 0.25859375 0.6444444444444445
2 0.33203125 0.20902777777777778 0.1109375 0.07361111111111111
