5 0.6234375 0.49375 0.0861328125 0.140625
6 0.640234375 0.2902777777777778 0.1115234375 0.20243055555555556
4 0.34921875 0.4076388888888889 0.0251953125 0.0954861111111111
4 0.37890625 0.3840277777777778 0.017578125 0.09305555555555556
5 0.438671875 0.35138888888888886 0.0556640625 0.11701388888888889
4 0.274609375 0.42916666666666664 0.0390625 0.11631944444444445
4 0.305078125 0.37430555555555556 0.03203125 0.09895833333333333
4 0.211328125 0.45902777777777776 0.0306640625 0.09722222222222222
4 0.23515625 0.5069444444444444 0.0470703125 0.14097222222222222
4 0.246484375 0.6625 0.04453125 0.15902777777777777
4 0.279296875 0.5548611111111111 0.046875 0.1
4 0.1453125 0.5291666666666667 0.0408203125 0.11388888888888889
4 0.094140625 0.8034722222222223 0.0490234375 0.15
4 0.08125 0.38958333333333334 0.0576171875 0.07604166666666666
4 0.326953125 0.3055555555555556 0.0244140625 0.10243055555555555
4 0.3546875 0.3055555555555556 0.0158203125 0.04756944444444444
4 0.373828125 0.29375 0.0318359375 0.09166666666666666
4 0.3359375 0.34097222222222223 0.018359375 0.07222222222222222
4 0.37265625 0.3145833333333333 0.021875 0.075
4 0.35546875 0.29930555555555555 0.0189453125 0.058333333333333334
5 0.44921875 0.24166666666666667 0.0376953125 0.06145833333333333
4 0.391015625 0.2263888888888889 0.01796875 0.05520833333333333
4 0.4109375 0.2375 0.0171875 0.0642361111111111
