4 0.10546875 0.4340277777777778 0.0296875 0.10659722222222222
5 0.62734375 0.8222222222222222 0.176953125 0.3420138888888889
5 0.73828125 0.7020833333333333 0.1544921875 0.21284722222222222
5 0.536328125 0.5041666666666667 0.0806640625 0.15
5 0.517578125 0.35208333333333336 0.05390625 0.08229166666666667
5 0.62578125 0.4465277777777778 0.0685546875 0.10416666666666667
5 0.532421875 0.28125 0.040625 0.05694444444444444
5 0.6109375 0.27152777777777776 0.040234375 0.057291666666666664
5 0.598046875 0.32013888888888886 0.0447265625 0.065625
5 0.705859375 0.2375 0.0328125 0.04131944444444444
7 0.54140625 0.2013888888888889 0.1080078125 0.07222222222222222
4 0.363671875 0.6340277777777777 0.0505859375 0.15138888888888888
