5 0.41171875 0.4284722222222222 0.0861328125 0.16215277777777778
4 0.522265625 0.28402777777777777 0.04140625 0.05416666666666667
4 0.573828125 0.36666666666666664 0.04453125 0.1
4 0.078515625 0.3909722222222222 0.05703125 0.07916666666666666
4 0.21171875 0.2902777777777778 0.051171875 0.05555555555555555
4 0.91015625 0.4395833333333333 0.051171875 0.10833333333333334
4 0.09453125 0.5791666666666667 0.0517578125 0.11458333333333333
4 0.20390625 0.5458333333333333 0.071875 0.09722222222222222
4 0.294140625 0.5354166666666667 0.0552734375 0.11840277777777777
4 0.299609375 0.3972222222222222 0.0228515625 0.08055555555555556
4 0.33515625 0.31319444444444444 0.0251953125 0.07222222222222222
4 0.366796875 0.2298611111111111 0.03515625 0.0625
4 0.096484375 0.8409722222222222 0.121875 0.240625
5 0.439453125 0.3 0.0509765625 0.0920138888888889
4 0.63515625 0.22291666666666668 0.015625 0.05555555555555555
4 0.659765625 0.24166666666666667 0.0162109375 0.05590277777777778
