7 0.408203125 0.4152777777777778 0.15234375 0.4420138888888889
6 0.63984375 0.5680555555555555 0.2080078125 0.4774305555555556
4 0.708203125 0.46319444444444446 0.0390625 0.10381944444444445
4 0.682421875 0.3590277777777778 0.0396484375 0.10277777777777777
4 0.633984375 0.26666666666666666 0.0181640625 0.06111111111111111
4 0.133984375 0.5680555555555555 0.04609375 0.11701388888888889
4 0.185546875 0.5180555555555556 0.04609375 0.12256944444444444
4 0.3140625 0.39791666666666664 0.0361328125 0.08194444444444444
4 0.319140625 0.31805555555555554 0.0296875 0.06701388888888889
4 0.0734375 0.39791666666666664 0.0423828125 0.065625
4 0.31875 0.2590277777777778 0.0189453125 0.05555555555555555
4 0.655859375 0.22847222222222222 0.01484375 0.05694444444444444
4 0.634375 0.20208333333333334 0.0123046875 0.04618055555555556
4 0.61875 0.19444444444444445 0.015625 0.050347222222222224
