4 0.8828125 0.6826388888888889 0.071484375 0.16493055555555555
4 0.788671875 0.5965277777777778 0.05546875 0.175
4 0.715625 0.41458333333333336 0.033984375 0.090625
4 0.720703125 0.35138888888888886 0.0291015625 0.07256944444444445
4 0.696484375 0.30833333333333335 0.02265625 0.07743055555555556
4 0.662109375 0.30833333333333335 0.0203125 0.06145833333333333
4 0.63671875 0.3145833333333333 0.0314453125 0.07604166666666666
4 0.613671875 0.26944444444444443 0.0140625 0.04479166666666667
4 0.594921875 0.27291666666666664 0.0162109375 0.06388888888888888
5 0.555078125 0.29097222222222224 0.0556640625 0.10173611111111111
4 0.327734375 0.3034722222222222 0.0203125 0.06666666666666667
4 0.229296875 0.4465277777777778 0.0494140625 0.10381944444444445
4 0.08046875 0.4041666666666667 0.0640625 0.08333333333333333
4 0.204296875 0.28402777777777777 0.0453125 0.051041666666666666
