4 0.817578125 0.4909722222222222 0.0265625 0.09618055555555556
5 0.5890625 0.6854166666666667 0.131640625 0.24861111111111112
5 0.832421875 0.8236111111111111 0.2240234375 0.3440972222222222
5 0.539453125 0.43819444444444444 0.06875 0.11944444444444445
5 0.66484375 0.49236111111111114 0.1044921875 0.16770833333333332
6 0.6265625 0.24305555555555555 0.0703125 0.09965277777777778
6 0.5328125 0.2791666666666667 0.0689453125 0.13680555555555557
7 0.626171875 0.3388888888888889 0.07890625 0.15069444444444444
7 0.69765625 0.23055555555555557 0.0611328125 0.07222222222222222
4 0.701171875 0.2916666666666667 0.015625 0.06388888888888888
