5 0.553125 0.3368055555555556 0.0689453125 0.11944444444444445
4 0.692578125 0.30069444444444443 0.0287109375 0.040625
4 0.69453125 0.3645833333333333 0.025 0.07083333333333333
4 0.74296875 0.33819444444444446 0.0373046875 0.07222222222222222
4 0.08359375 0.6131944444444445 0.0439453125 0.13472222222222222
4 0.071484375 0.39652777777777776 0.03671875 0.04895833333333333
4 0.218359375 0.2986111111111111 0.05390625 0.07013888888888889
4 0.200390625 0.44027777777777777 0.0275390625 0.058680555555555555
4 0.209765625 0.5243055555555556 0.03203125 0.10729166666666666
4 0.273046875 0.7368055555555556 0.0427734375 0.140625
4 0.31640625 0.41041666666666665 0.03125 0.11284722222222222
4 0.2765625 0.39375 0.0203125 0.0763888888888889
4 0.29296875 0.3277777777777778 0.028125 0.075
4 0.374609375 0.2652777777777778 0.0240234375 0.07222222222222222
4 0.649609375 0.5583333333333333 0.04921875 0.12777777777777777
4 0.24375 0.5340277777777778 0.043359375 0.1361111111111111
4 0.36640625 0.21805555555555556 0.017578125 0.059027777777777776
5 0.508203125 0.22430555555555556 0.04140625 0.059722222222222225
4 0.6140625 0.24375 0.0267578125 0.05416666666666667
4 0.63828125 0.2423611111111111 0.01875 0.07083333333333333
4 0.65546875 0.2361111111111111 0.0173828125 0.06041666666666667
