3 0.31953125 0.3263888888888889 0.1017578125 0.22777777777777777
3 0.38828125 0.20347222222222222 0.0873046875 0.08229166666666667
3 0.497265625 0.20416666666666666 0.1103515625 0.10243055555555555
3 0.542578125 0.35 0.0984375 0.22256944444444443
3 0.637109375 0.7006944444444444 0.24765625 0.5371527777777778
1 0.6171875 0.2951388888888889 0.044140625 0.06111111111111111
1 0.65625 0.23402777777777778 0.0484375 0.05
0 0.13828125 0.35833333333333334 0.0189453125 0.07152777777777777
0 0.184765625 0.25416666666666665 0.01328125 0.05
3 0.56875 0.2263888888888889 0.0765625 0.10555555555555556
