4 0.891015625 0.8263888888888888 0.1 0.2076388888888889
4 0.785546875 0.55625 0.0453125 0.1371527777777778
4 0.765234375 0.4534722222222222 0.0400390625 0.09027777777777778
4 0.7375 0.3416666666666667 0.030859375 0.078125
4 0.066015625 0.3951388888888889 0.04921875 0.0763888888888889
4 0.34375 0.27847222222222223 0.019140625 0.06666666666666667
4 0.386328125 0.2743055555555556 0.028125 0.11493055555555555
4 0.44609375 0.2791666666666667 0.0203125 0.06388888888888888
4 0.669921875 0.26875 0.0193359375 0.065625
5 0.61796875 0.7222222222222222 0.157421875 0.26180555555555557
5 0.58359375 0.4930555555555556 0.1 0.14652777777777778
5 0.675390625 0.37777777777777777 0.0693359375 0.10833333333333334
7 0.569921875 0.3416666666666667 0.0787109375 0.14930555555555555
5 0.61328125 0.26319444444444445 0.0685546875 0.07673611111111112
5 0.537109375 0.2625 0.0578125 0.08541666666666667
4 0.234765625 0.5506944444444445 0.04375 0.1371527777777778
