4 0.687109375 0.38472222222222224 0.0259765625 0.09166666666666666
4 0.820703125 0.45208333333333334 0.0369140625 0.10451388888888889
4 0.6421875 0.24583333333333332 0.0216796875 0.05277777777777778
4 0.365234375 0.37569444444444444 0.0318359375 0.09618055555555556
4 0.2609375 0.4097222222222222 0.0232421875 0.07534722222222222
4 0.3296875 0.3298611111111111 0.0310546875 0.08784722222222222
4 0.370703125 0.2923611111111111 0.01484375 0.04861111111111111
4 0.0703125 0.40347222222222223 0.0560546875 0.060069444444444446
4 0.13671875 0.5229166666666667 0.0326171875 0.09166666666666666
4 0.33125 0.2659722222222222 0.0158203125 0.043055555555555555
4 0.624609375 0.49444444444444446 0.00078125 0.002777777777777778
7 0.2078125 0.7340277777777777 0.415625 0.5291666666666667
