4 0.19296875 0.5902777777777778 0.051171875 0.1642361111111111
4 0.12421875 0.5555555555555556 0.0517578125 0.15486111111111112
4 0.830859375 0.7465277777777778 0.0728515625 0.24444444444444444
4 0.662890625 0.3194444444444444 0.02578125 0.09756944444444444
4 0.716796875 0.33541666666666664 0.0306640625 0.10833333333333334
4 0.582421875 0.2465277777777778 0.0181640625 0.07118055555555555
4 0.61640625 0.2048611111111111 0.015625 0.0375
4 0.295703125 0.40555555555555556 0.0369140625 0.1388888888888889
4 0.33984375 0.3416666666666667 0.025 0.07777777777777778
4 0.369921875 0.3 0.0306640625 0.07291666666666667
4 0.416796875 0.26805555555555555 0.0306640625 0.08333333333333333
4 0.31484375 0.3055555555555556 0.03125 0.08611111111111111
4 0.079296875 0.3993055555555556 0.0609375 0.07083333333333333
4 0.209375 0.28888888888888886 0.046875 0.04722222222222222
4 0.2734375 0.37222222222222223 0.0203125 0.08819444444444445
