0 0.1734375 0.2833333333333333 0.0283203125 0.06597222222222222
1 0.1140625 0.6979166666666666 0.1486328125 0.2545138888888889
1 0.66796875 0.24166666666666667 0.039453125 0.04479166666666667
1 0.637890625 0.2673611111111111 0.034375 0.05381944444444445
1 0.634765625 0.2388888888888889 0.04140625 0.04722222222222222
1 0.605078125 0.3076388888888889 0.0478515625 0.07326388888888889
2 0.776953125 0.7048611111111112 0.38359375 0.5875
2 0.557421875 0.4354166666666667 0.1244140625 0.3232638888888889
3 0.557421875 0.4354166666666667 0.1244140625 0.3232638888888889
0 0.212109375 0.29097222222222224 0.0265625 0.07916666666666666
0 0.751171875 0.3854166666666667 0.0265625 0.08159722222222222
