4 0.168359375 0.2972222222222222 0.01953125 0.058333333333333334
4 0.15 0.25763888888888886 0.0216796875 0.059722222222222225
5 0.61015625 0.7951388888888888 0.1248046875 0.25277777777777777
5 0.5359375 0.4479166666666667 0.0783203125 0.15104166666666666
5 0.611328125 0.4215277777777778 0.0681640625 0.115625
5 0.634375 0.2673611111111111 0.044140625 0.05381944444444445
5 0.7703125 0.7277777777777777 0.184375 0.28854166666666664
5 0.532421875 0.2722222222222222 0.04609375 0.06388888888888888
6 0.666796875 0.2125 0.0599609375 0.06666666666666667
5 0.53828125 0.32569444444444445 0.0375 0.07083333333333333
5 0.604296875 0.34305555555555556 0.04609375 0.08055555555555556
7 0.71875 0.21597222222222223 0.0498046875 0.07361111111111111
