3 0.683984375 0.46805555555555556 0.1427734375 0.2722222222222222
3 0.523828125 0.25277777777777777 0.0546875 0.10625
3 0.332421875 0.3 0.0916015625 0.18958333333333333
3 0.17578125 0.7736111111111111 0.3515625 0.45
1 0.56171875 0.5569444444444445 0.1 0.15763888888888888
1 0.66640625 0.9361111111111111 0.146875 0.125
1 0.895703125 0.9229166666666667 0.20703125 0.15138888888888888
1 0.591796875 0.30277777777777776 0.0384765625 0.05625
1 0.591796875 0.34930555555555554 0.04296875 0.065625
0 0.160546875 0.30486111111111114 0.01640625 0.05416666666666667
1 0.521484375 0.3527777777777778 0.0546875 0.09513888888888888
