5 0.807421875 0.8215277777777777 0.2109375 0.3017361111111111
5 0.53984375 0.49236111111111114 0.08125 0.13472222222222222
5 0.51875 0.3 0.0421875 0.0642361111111111
5 0.44765625 0.21597222222222223 0.05625 0.051041666666666666
5 0.5953125 0.32430555555555557 0.0361328125 0.057291666666666664
5 0.62734375 0.27152777777777776 0.0435546875 0.06805555555555555
6 0.65703125 0.4652777777777778 0.109375 0.18333333333333332
6 0.579296875 0.28055555555555556 0.0462890625 0.08645833333333333
7 0.613671875 0.7555555555555555 0.20859375 0.4861111111111111
7 0.620703125 0.2 0.1119140625 0.09930555555555555
