5 0.68046875 0.40902777777777777 0.0998046875 0.1625
4 0.346484375 0.4465277777777778 0.0390625 0.14270833333333333
4 0.2984375 0.3854166666666667 0.030859375 0.09305555555555556
4 0.208984375 0.5625 0.03828125 0.15034722222222222
4 0.212890625 0.8083333333333333 0.1177734375 0.2586805555555556
4 0.0734375 0.40347222222222223 0.05 0.07326388888888889
4 0.458984375 0.3 0.0333984375 0.07256944444444445
4 0.66953125 0.24166666666666667 0.0203125 0.07222222222222222
4 0.528125 0.21805555555555556 0.0234375 0.059027777777777776
4 0.38984375 0.3034722222222222 0.0220703125 0.08159722222222222
4 0.346875 0.2611111111111111 0.016015625 0.06666666666666667
4 0.405078125 0.22777777777777777 0.015625 0.06701388888888889
4 0.915234375 0.75625 0.0646484375 0.19444444444444445
