7 0.366796875 0.6159722222222223 0.1703125 0.46493055555555557
4 0.255859375 0.3951388888888889 0.0365234375 0.11006944444444444
4 0.291796875 0.3263888888888889 0.0224609375 0.0642361111111111
4 0.31640625 0.36944444444444446 0.033203125 0.08854166666666667
4 0.337109375 0.3125 0.0193359375 0.07013888888888889
4 0.37890625 0.30416666666666664 0.0205078125 0.06944444444444445
4 0.75 0.38958333333333334 0.030859375 0.08715277777777777
4 0.61015625 0.4756944444444444 0.0345703125 0.10138888888888889
4 0.14375 0.7027777777777777 0.056640625 0.16909722222222223
4 0.2046875 0.7611111111111111 0.0654296875 0.20277777777777778
4 0.133984375 0.5888888888888889 0.0431640625 0.08333333333333333
4 0.281640625 0.5048611111111111 0.0353515625 0.12638888888888888
5 0.44296875 0.24583333333333332 0.039453125 0.08055555555555556
4 0.373046875 0.24722222222222223 0.0150390625 0.036458333333333336
