3 0.66796875 0.4798611111111111 0.1078125 0.25
1 0.554296875 0.5368055555555555 0.0896484375 0.159375
1 0.820703125 0.8486111111111111 0.21484375 0.3
1 0.52578125 0.3541666666666667 0.0376953125 0.06979166666666667
1 0.601171875 0.3263888888888889 0.0458984375 0.06875
1 0.61328125 0.39791666666666664 0.0470703125 0.08784722222222222
1 0.53203125 0.28958333333333336 0.0419921875 0.06111111111111111
1 0.41953125 0.2263888888888889 0.0576171875 0.04756944444444444
1 0.594921875 0.24513888888888888 0.03671875 0.034722222222222224
0 0.1703125 0.2604166666666667 0.0216796875 0.05555555555555555
