3 0.616015625 0.22569444444444445 0.0630859375 0.07083333333333333
1 0.55234375 0.4625 0.0783203125 0.13368055555555555
1 0.618359375 0.7743055555555556 0.1677734375 0.27881944444444445
1 0.534375 0.33055555555555555 0.046875 0.08055555555555556
1 0.609765625 0.3451388888888889 0.05234375 0.08784722222222222
1 0.6390625 0.2638888888888889 0.055859375 0.06736111111111111
0 0.191796875 0.35 0.01953125 0.07777777777777778
2 0.75390625 0.5868055555555556 0.2298828125 0.390625
0 0.8328125 0.46875 0.0375 0.09270833333333334
0 0.701171875 0.31805555555555554 0.0177734375 0.053125
