1 0.576953125 0.31319444444444444 0.05390625 0.09861111111111111
0 0.75 0.4173611111111111 0.0328125 0.09444444444444444
0 0.291015625 0.40902777777777777 0.0287109375 0.10381944444444445
0 0.080078125 0.4013888888888889 0.04296875 0.075
0 0.248828125 0.33194444444444443 0.0572265625 0.10208333333333333
0 0.645703125 0.2513888888888889 0.0166015625 0.06458333333333334
0 0.663671875 0.22916666666666666 0.0103515625 0.04722222222222222
0 0.5328125 0.22777777777777777 0.0189453125 0.06736111111111111
0 0.41484375 0.2611111111111111 0.0171875 0.06666666666666667
0 0.433984375 0.2534722222222222 0.01484375 0.059722222222222225
