7 0.61484375 0.23333333333333334 0.0609375 0.07708333333333334
7 0.69609375 0.21666666666666667 0.058203125 0.06631944444444444
5 0.5671875 0.55 0.0876953125 0.14131944444444444
5 0.69296875 0.5868055555555556 0.1203125 0.17118055555555556
5 0.836328125 0.9180555555555555 0.17890625 0.16111111111111112
5 0.66015625 0.9576388888888889 0.153125 0.08194444444444444
5 0.659765625 0.46041666666666664 0.0740234375 0.10138888888888889
5 0.55703125 0.4013888888888889 0.0548828125 0.1
5 0.3640625 0.2222222222222222 0.050390625 0.05277777777777778
4 0.710546875 0.33958333333333335 0.0193359375 0.05381944444444445
