5 0.601953125 0.3458333333333333 0.05859375 0.12777777777777777
4 0.111328125 0.7743055555555556 0.1037109375 0.2263888888888889
4 0.3421875 0.3236111111111111 0.031640625 0.08645833333333333
4 0.312109375 0.31319444444444444 0.02109375 0.06666666666666667
4 0.076171875 0.4 0.0587890625 0.06145833333333333
4 0.345703125 0.25069444444444444 0.0240234375 0.059722222222222225
4 0.617578125 0.24444444444444444 0.0265625 0.05590277777777778
4 0.64609375 0.24305555555555555 0.0189453125 0.05555555555555555
4 0.390625 0.22708333333333333 0.0185546875 0.05555555555555555
4 0.208203125 0.5263888888888889 0.0494140625 0.16909722222222223
4 0.370703125 0.21944444444444444 0.0166015625 0.06111111111111111
