4 0.35859375 0.37222222222222223 0.0357421875 0.10243055555555555
4 0.08515625 0.4083333333333333 0.048046875 0.09444444444444444
7 0.596484375 0.35833333333333334 0.1296875 0.32708333333333334
5 0.67265625 0.4083333333333333 0.061328125 0.11423611111111111
4 0.911328125 0.7138888888888889 0.06171875 0.16944444444444445
4 0.80859375 0.5319444444444444 0.045703125 0.12534722222222222
4 0.721875 0.41458333333333336 0.0220703125 0.08333333333333333
4 0.752734375 0.35555555555555557 0.0259765625 0.08263888888888889
4 0.7125 0.32916666666666666 0.0267578125 0.06979166666666667
4 0.69140625 0.32708333333333334 0.0314453125 0.08333333333333333
4 0.673828125 0.2923611111111111 0.0177734375 0.05
4 0.46796875 0.24722222222222223 0.0298828125 0.07256944444444445
4 0.651953125 0.2763888888888889 0.0224609375 0.06319444444444444
