1 0.17265625 0.5479166666666667 0.1251953125 0.23506944444444444
1 0.3140625 0.7361111111111112 0.1078125 0.26944444444444443
1 0.310546875 0.33611111111111114 0.0587890625 0.08888888888888889
1 0.559765625 0.5736111111111111 0.1177734375 0.19444444444444445
1 0.662109375 0.49583333333333335 0.08359375 0.13541666666666666
1 0.819921875 0.8361111111111111 0.1931640625 0.2829861111111111
1 0.62109375 0.9041666666666667 0.184375 0.18888888888888888
1 0.523046875 0.34305555555555556 0.046875 0.06319444444444444
1 0.537890625 0.2826388888888889 0.03359375 0.05173611111111111
2 0.609375 0.28680555555555554 0.0498046875 0.12777777777777777
0 0.74453125 0.38125 0.0173828125 0.05694444444444444
0 0.9265625 0.6166666666666667 0.05 0.12534722222222222
1 0.197265625 0.325 0.06015625 0.08958333333333333
