0 0.87578125 0.575 0.0548828125 0.153125
2 0.575390625 0.3548611111111111 0.11015625 0.26805555555555555
0 0.3296875 0.3416666666666667 0.0283203125 0.09513888888888888
0 0.355078125 0.3548611111111111 0.0228515625 0.06527777777777778
0 0.424609375 0.29583333333333334 0.01484375 0.06111111111111111
0 0.2609375 0.33194444444444443 0.0265625 0.08090277777777778
0 0.2796875 0.3770833333333333 0.028515625 0.08784722222222222
0 0.0765625 0.3923611111111111 0.0658203125 0.08611111111111111
0 0.354296875 0.2548611111111111 0.0150390625 0.0625
0 0.389453125 0.2638888888888889 0.01796875 0.06666666666666667
0 0.35390625 0.29097222222222224 0.016796875 0.058333333333333334
3 0.2078125 0.6958333333333333 0.415625 0.6055555555555555
0 0.655078125 0.22708333333333333 0.01953125 0.06770833333333333
0 0.601171875 0.21666666666666667 0.01953125 0.06354166666666666
0 0.408984375 0.21458333333333332 0.01796875 0.05381944444444445
0 0.403515625 0.27708333333333335 0.01484375 0.0625
