3 0.553515625 0.23194444444444445 0.07109375 0.11319444444444444
1 0.359765625 0.21944444444444444 0.0537109375 0.04479166666666667
1 0.60234375 0.3215277777777778 0.04375 0.06527777777777778
1 0.625 0.2763888888888889 0.046484375 0.041666666666666664
0 0.1921875 0.3229166666666667 0.0251953125 0.075
0 0.303515625 0.6180555555555556 0.0509765625 0.16145833333333334
0 0.74453125 0.3958333333333333 0.0376953125 0.09166666666666666
0 0.709765625 0.28402777777777777 0.021875 0.059375
2 0.528515625 0.31805555555555554 0.053125 0.1076388888888889
1 0.531640625 0.42569444444444443 0.0650390625 0.10833333333333334
