4 0.430859375 0.35138888888888886 0.0244140625 0.06666666666666667
4 0.198828125 0.3375 0.01953125 0.06388888888888888
5 0.65234375 0.8909722222222223 0.171875 0.2152777777777778
5 0.690234375 0.5763888888888888 0.1265625 0.19236111111111112
5 0.517578125 0.35138888888888886 0.046875 0.071875
5 0.596484375 0.32222222222222224 0.0478515625 0.06388888888888888
5 0.6109375 0.4111111111111111 0.0673828125 0.11041666666666666
5 0.54453125 0.47847222222222224 0.0859375 0.16493055555555555
5 0.523828125 0.29583333333333334 0.04296875 0.06354166666666666
5 0.325 0.44722222222222224 0.0642578125 0.12222222222222222
5 0.629296875 0.2638888888888889 0.0431640625 0.053125
6 0.878125 0.8611111111111112 0.2390625 0.275
7 0.610546875 0.20069444444444445 0.11640625 0.0954861111111111
