4 0.075 0.40069444444444446 0.0640625 0.07118055555555555
4 0.209375 0.2861111111111111 0.0486328125 0.06736111111111111
4 0.30703125 0.39861111111111114 0.038671875 0.12777777777777777
4 0.383984375 0.3423611111111111 0.03515625 0.09166666666666666
4 0.683203125 0.4791666666666667 0.06015625 0.13645833333333332
4 0.6859375 0.3173611111111111 0.024609375 0.09166666666666666
4 0.705859375 0.30277777777777776 0.0234375 0.09409722222222222
5 0.60234375 0.6645833333333333 0.130078125 0.21770833333333334
5 0.571875 0.43680555555555556 0.077734375 0.14340277777777777
5 0.633984375 0.3138888888888889 0.0724609375 0.11944444444444445
7 0.55546875 0.30069444444444443 0.0796875 0.18055555555555555
4 0.226171875 0.4513888888888889 0.0369140625 0.12534722222222222
