7 0.755859375 0.6402777777777777 0.1837890625 0.36701388888888886
7 0.6265625 0.24861111111111112 0.0501953125 0.10243055555555555
5 0.630859375 0.8680555555555556 0.1724609375 0.2635416666666667
5 0.535546875 0.44583333333333336 0.0640625 0.11701388888888889
5 0.6140625 0.3763888888888889 0.058984375 0.06631944444444444
5 0.65234375 0.47708333333333336 0.089453125 0.11770833333333333
5 0.518359375 0.33125 0.0583984375 0.07326388888888889
5 0.353125 0.22430555555555556 0.0625 0.05277777777777778
4 0.82890625 0.5215277777777778 0.0451171875 0.11006944444444444
4 0.7 0.35 0.0267578125 0.08611111111111111
