7 0.642578125 0.22291666666666668 0.0615234375 0.06666666666666667
5 0.579296875 0.6138888888888889 0.1068359375 0.21597222222222223
5 0.6625 0.9208333333333333 0.184375 0.15555555555555556
5 0.85078125 0.8548611111111111 0.225 0.2875
5 0.53828125 0.41041666666666665 0.061328125 0.12118055555555556
5 0.5390625 0.3111111111111111 0.05 0.08611111111111111
5 0.605078125 0.30694444444444446 0.0416015625 0.06631944444444444
5 0.565234375 0.27361111111111114 0.0380859375 0.058680555555555555
6 0.68125 0.47291666666666665 0.159765625 0.29583333333333334
4 0.91875 0.5652777777777778 0.0435546875 0.11944444444444445
4 0.098828125 0.5034722222222222 0.04765625 0.12395833333333334
