0 0.1546875 0.6486111111111111 0.068359375 0.22465277777777778
0 0.348046875 0.32569444444444445 0.02109375 0.08888888888888889
0 0.683203125 0.4076388888888889 0.0333984375 0.09618055555555556
1 0.553125 0.34652777777777777 0.0640625 0.12048611111111111
3 0.55390625 0.22569444444444445 0.073046875 0.15555555555555556
0 0.62578125 0.31180555555555556 0.0216796875 0.06215277777777778
0 0.635546875 0.2625 0.02265625 0.059027777777777776
1 0.596875 0.23194444444444445 0.0283203125 0.050347222222222224
0 0.39609375 0.26319444444444445 0.0169921875 0.075
0 0.355859375 0.2375 0.015625 0.05347222222222222
0 0.424609375 0.2361111111111111 0.01953125 0.05520833333333333
0 0.375390625 0.20902777777777778 0.0109375 0.043402777777777776
