4 0.669921875 0.35 0.046875 0.10625
4 0.303125 0.46041666666666664 0.0267578125 0.11388888888888889
4 0.238671875 0.44166666666666665 0.0375 0.09513888888888888
4 0.07265625 0.3993055555555556 0.063671875 0.06527777777777778
5 0.43125 0.31319444444444444 0.0513671875 0.11215277777777778
4 0.5015625 0.2569444444444444 0.031640625 0.052083333333333336
4 0.368359375 0.25763888888888886 0.01953125 0.06944444444444445
4 0.387109375 0.21666666666666667 0.0259765625 0.06944444444444445
4 0.408984375 0.2361111111111111 0.01953125 0.06041666666666667
4 0.3890625 0.27291666666666664 0.0169921875 0.06111111111111111
