7 0.612109375 0.42916666666666664 0.1990234375 0.3885416666666667
4 0.755078125 0.4638888888888889 0.0353515625 0.11041666666666666
4 0.83359375 0.5638888888888889 0.051171875 0.1451388888888889
4 0.155078125 0.5159722222222223 0.0484375 0.11215277777777778
4 0.240625 0.42430555555555555 0.0267578125 0.10694444444444444
4 0.284765625 0.3736111111111111 0.025 0.10868055555555556
4 0.083984375 0.4076388888888889 0.0650390625 0.08194444444444444
4 0.364453125 0.23055555555555557 0.0259765625 0.0642361111111111
4 0.321875 0.25763888888888886 0.0265625 0.07083333333333333
4 0.68984375 0.31180555555555556 0.0220703125 0.07083333333333333
