4 0.3171875 0.3951388888888889 0.0375 0.140625
4 0.08046875 0.4131944444444444 0.054296875 0.07326388888888889
4 0.2171875 0.2916666666666667 0.0533203125 0.05243055555555556
7 0.575390625 0.3541666666666667 0.0916015625 0.16701388888888888
5 0.805859375 0.6569444444444444 0.1552734375 0.22743055555555555
5 0.645703125 0.9284722222222223 0.20234375 0.14027777777777778
4 0.744921875 0.35347222222222224 0.0349609375 0.1267361111111111
4 0.687890625 0.31527777777777777 0.0291015625 0.07743055555555556
4 0.654296875 0.28402777777777777 0.02734375 0.09305555555555556
4 0.455078125 0.2361111111111111 0.01484375 0.06666666666666667
