0 0.309765625 0.3784722222222222 0.03515625 0.10451388888888889
0 0.25390625 0.37916666666666665 0.029296875 0.08645833333333333
0 0.200390625 0.5465277777777777 0.05078125 0.12395833333333334
1 0.605859375 0.37430555555555556 0.05859375 0.09861111111111111
0 0.704296875 0.42569444444444443 0.0296875 0.10833333333333334
0 0.64921875 0.28402777777777777 0.023828125 0.065625
0 0.553125 0.30486111111111114 0.0232421875 0.06215277777777778
0 0.569140625 0.2652777777777778 0.0150390625 0.03854166666666667
1 0.556640625 0.20069444444444445 0.0328125 0.051041666666666666
0 0.590234375 0.18819444444444444 0.0103515625 0.04618055555555556
0 0.361328125 0.24097222222222223 0.015625 0.060069444444444446
0 0.39296875 0.20902777777777778 0.014453125 0.05555555555555555
3 0.448828125 0.18055555555555555 0.0572265625 0.14201388888888888
