1 0.304296875 0.4111111111111111 0.05859375 0.10555555555555556
1 0.2796875 0.31666666666666665 0.04375 0.06701388888888889
1 0.58828125 0.6368055555555555 0.121875 0.19618055555555555
1 0.532421875 0.3784722222222222 0.05703125 0.1111111111111111
1 0.6109375 0.30694444444444446 0.046484375 0.075
1 0.619921875 0.26944444444444443 0.05859375 0.07256944444444445
1 0.708203125 0.21875 0.0322265625 0.03194444444444444
0 0.76484375 0.42916666666666664 0.038671875 0.08645833333333333
3 0.225390625 0.27361111111111114 0.0412109375 0.12256944444444444
2 0.84296875 0.7243055555555555 0.3125 0.5486111111111112
0 0.711328125 0.33055555555555555 0.01640625 0.058333333333333334
0 0.32578125 0.29305555555555557 0.0125 0.058333333333333334
