4 0.844921875 0.5298611111111111 0.0447265625 0.12361111111111112
4 0.16484375 0.29583333333333334 0.019921875 0.06979166666666667
5 0.782421875 0.7652777777777777 0.15078125 0.24131944444444445
5 0.605078125 0.3104166666666667 0.03984375 0.06527777777777778
5 0.62734375 0.2798611111111111 0.0423828125 0.059722222222222225
5 0.675390625 0.2513888888888889 0.03828125 0.04791666666666667
5 0.65703125 0.26805555555555555 0.0419921875 0.052083333333333336
6 0.659765625 0.4618055555555556 0.1130859375 0.209375
6 0.713671875 0.21666666666666667 0.0703125 0.07777777777777778
7 0.5265625 0.29583333333333334 0.075390625 0.20833333333333334
