4 0.584765625 0.43680555555555556 0.03359375 0.11388888888888889
4 0.673046875 0.2569444444444444 0.0193359375 0.0798611111111111
4 0.259765625 0.6326388888888889 0.0556640625 0.16527777777777777
4 0.23125 0.5 0.0564453125 0.12291666666666666
4 0.14765625 0.5173611111111112 0.066796875 0.15138888888888888
4 0.07421875 0.4027777777777778 0.055078125 0.08298611111111111
4 0.204296875 0.29444444444444445 0.0431640625 0.044097222222222225
4 0.2515625 0.3645833333333333 0.0236328125 0.084375
4 0.28203125 0.4395833333333333 0.028125 0.08055555555555556
4 0.38984375 0.3055555555555556 0.025 0.08333333333333333
4 0.342578125 0.3055555555555556 0.0255859375 0.08298611111111111
4 0.321875 0.26875 0.022265625 0.08194444444444444
4 0.3671875 0.275 0.021484375 0.078125
