4 0.3546875 0.3958333333333333 0.0296875 0.0920138888888889
4 0.441015625 0.2986111111111111 0.0240234375 0.059027777777777776
4 0.6953125 0.29930555555555555 0.016015625 0.06944444444444445
5 0.746484375 0.6965277777777777 0.14453125 0.215625
5 0.674609375 0.9090277777777778 0.2068359375 0.1684027777777778
5 0.629296875 0.4173611111111111 0.075 0.12361111111111112
5 0.603125 0.6270833333333333 0.1173828125 0.22083333333333333
5 0.52109375 0.38333333333333336 0.0626953125 0.11145833333333334
5 0.60234375 0.3486111111111111 0.0517578125 0.07465277777777778
5 0.53359375 0.3215277777777778 0.046875 0.07395833333333333
6 0.69765625 0.21597222222222223 0.0970703125 0.09895833333333333
6 0.58828125 0.2298611111111111 0.0828125 0.08506944444444445
7 0.612109375 0.2743055555555556 0.0509765625 0.09895833333333333
