5 0.273828125 0.5173611111111112 0.09375 0.17118055555555556
5 0.56875 0.5534722222222223 0.0939453125 0.14444444444444443
5 0.6296875 0.9305555555555556 0.16875 0.1361111111111111
5 0.53515625 0.34791666666666665 0.059375 0.109375
5 0.60703125 0.28541666666666665 0.0423828125 0.060069444444444446
5 0.642578125 0.24930555555555556 0.0375 0.03784722222222222
5 0.6515625 0.2152777777777778 0.055859375 0.03888888888888889
5 0.2765625 0.3576388888888889 0.0423828125 0.07951388888888888
4 0.3296875 0.3104166666666667 0.0154296875 0.05451388888888889
7 0.228515625 0.3 0.0525390625 0.146875
6 0.807421875 0.6597222222222222 0.2791015625 0.4864583333333333
