5 0.32890625 0.5270833333333333 0.1171875 0.19166666666666668
4 0.144921875 0.5097222222222222 0.0296875 0.11701388888888889
4 0.219921875 0.5430555555555555 0.03671875 0.08611111111111111
4 0.078515625 0.6458333333333334 0.0666015625 0.1638888888888889
4 0.219921875 0.4375 0.03203125 0.08333333333333333
4 0.250390625 0.3736111111111111 0.0318359375 0.08055555555555556
4 0.283984375 0.4097222222222222 0.02890625 0.07777777777777778
4 0.326953125 0.40069444444444446 0.0337890625 0.10277777777777777
4 0.340625 0.3402777777777778 0.0298828125 0.078125
4 0.292578125 0.29583333333333334 0.0244140625 0.07222222222222222
4 0.369140625 0.28194444444444444 0.01796875 0.06111111111111111
4 0.658984375 0.32569444444444445 0.0271484375 0.07083333333333333
4 0.69765625 0.38958333333333334 0.0361328125 0.08888888888888889
4 0.856640625 0.6909722222222222 0.0619140625 0.14270833333333333
6 0.453125 0.22083333333333333 0.065234375 0.14201388888888888
5 0.317578125 0.88125 0.18828125 0.23472222222222222
4 0.338671875 0.26458333333333334 0.0177734375 0.05
4 0.353125 0.23472222222222222 0.0138671875 0.05590277777777778
