4 0.167578125 0.38055555555555554 0.0287109375 0.09479166666666666
4 0.753125 0.3888888888888889 0.03125 0.08819444444444445
5 0.612109375 0.28125 0.0421875 0.05451388888888889
5 0.884765625 0.5729166666666666 0.1369140625 0.16527777777777777
5 0.661328125 0.25625 0.0369140625 0.05381944444444445
5 0.54375 0.29375 0.046875 0.06388888888888888
5 0.61015625 0.24375 0.0376953125 0.043402777777777776
5 0.604296875 0.325 0.03671875 0.05590277777777778
6 0.628515625 0.5888888888888889 0.21640625 0.5225694444444444
7 0.666015625 0.1986111111111111 0.0765625 0.0642361111111111
