4 0.685546875 0.38263888888888886 0.034375 0.09618055555555556
4 0.796484375 0.5111111111111111 0.0306640625 0.11388888888888889
4 0.601171875 0.3013888888888889 0.0259765625 0.07534722222222222
4 0.6359375 0.33402777777777776 0.0283203125 0.09166666666666666
4 0.648828125 0.26180555555555557 0.0197265625 0.05659722222222222
4 0.670703125 0.25 0.0265625 0.06979166666666667
4 0.432421875 0.41041666666666665 0.0265625 0.10277777777777777
4 0.41640625 0.32569444444444445 0.0265625 0.07222222222222222
4 0.376171875 0.35138888888888886 0.0318359375 0.08125
4 0.325390625 0.38333333333333336 0.0228515625 0.08333333333333333
4 0.309765625 0.35138888888888886 0.0162109375 0.06979166666666667
4 0.289453125 0.3375 0.0259765625 0.07256944444444445
4 0.305859375 0.5715277777777777 0.0421875 0.10972222222222222
4 0.076953125 0.4097222222222222 0.0615234375 0.08645833333333333
5 0.642578125 0.6909722222222222 0.1390625 0.265625
5 0.558984375 0.4152777777777778 0.0765625 0.13680555555555557
5 0.55234375 0.2826388888888889 0.0484375 0.08229166666666667
5 0.590625 0.21666666666666667 0.0314453125 0.06701388888888889
4 0.45859375 0.25555555555555554 0.0205078125 0.07465277777777778
4 0.353125 0.26944444444444443 0.021484375 0.07743055555555556
4 0.393359375 0.24305555555555555 0.0166015625 0.06979166666666667
7 0.530859375 0.2222222222222222 0.0443359375 0.08923611111111111
4 0.37265625 0.26805555555555555 0.017578125 0.058680555555555555
