5 0.390234375 0.5736111111111111 0.096875 0.20208333333333334
5 0.761328125 0.6180555555555556 0.140625 0.20277777777777778
4 0.765234375 0.45416666666666666 0.0287109375 0.103125
4 0.728515625 0.36319444444444443 0.03203125 0.0875
4 0.60078125 0.3284722222222222 0.0216796875 0.06770833333333333
5 0.581640625 0.2986111111111111 0.0515625 0.07465277777777778
5 0.609375 0.24583333333333332 0.047265625 0.06354166666666666
4 0.06796875 0.3958333333333333 0.0564453125 0.07465277777777778
4 0.312890625 0.4152777777777778 0.02578125 0.08125
4 0.290234375 0.3958333333333333 0.0244140625 0.08333333333333333
4 0.338671875 0.2902777777777778 0.0193359375 0.07013888888888889
4 0.29609375 0.31875 0.0203125 0.058333333333333334
4 0.951171875 0.8597222222222223 0.09609375 0.2777777777777778
4 0.378515625 0.26180555555555557 0.015625 0.065625
4 0.416015625 0.2569444444444444 0.0177734375 0.059027777777777776
4 0.341796875 0.23958333333333334 0.01640625 0.03611111111111111
4 0.369140625 0.24513888888888888 0.015625 0.05173611111111111
4 0.54140625 0.23680555555555555 0.0201171875 0.07048611111111111
4 0.521875 0.23472222222222222 0.015625 0.050347222222222224
