4 0.14140625 0.40694444444444444 0.0326171875 0.10868055555555556
5 0.532421875 0.325 0.0431640625 0.06736111111111111
5 0.613671875 0.3638888888888889 0.0556640625 0.09479166666666666
5 0.6734375 0.25069444444444444 0.0404296875 0.04618055555555556
5 0.707421875 0.21597222222222223 0.0369140625 0.044444444444444446
6 0.76875 0.6576388888888889 0.2736328125 0.5111111111111111
6 0.61171875 0.29305555555555557 0.055078125 0.08645833333333333
7 0.548046875 0.24513888888888888 0.05625 0.084375
7 0.619921875 0.21180555555555555 0.08125 0.09444444444444444
7 0.64296875 0.24027777777777778 0.040625 0.07777777777777778
5 0.31171875 0.27291666666666664 0.05 0.07395833333333333
5 0.175390625 0.5868055555555556 0.1365234375 0.225
