0 0.301171875 0.44930555555555557 0.02734375 0.10694444444444444
0 0.076171875 0.39791666666666664 0.0677734375 0.09583333333333334
0 0.205078125 0.2847222222222222 0.0443359375 0.04652777777777778
1 0.627734375 0.5118055555555555 0.1037109375 0.19895833333333332
0 0.646875 0.2423611111111111 0.0138671875 0.04895833333333333
0 0.53046875 0.3173611111111111 0.026953125 0.08715277777777777
0 0.31640625 0.30416666666666664 0.026953125 0.096875
0 0.34609375 0.30833333333333335 0.0169921875 0.0642361111111111
0 0.386328125 0.2791666666666667 0.021875 0.06631944444444444
0 0.41328125 0.26944444444444443 0.019921875 0.06145833333333333
0 0.366796875 0.275 0.02109375 0.078125
0 0.3515625 0.25069444444444444 0.0158203125 0.044444444444444446
