5 0.66640625 0.3506944444444444 0.088671875 0.1232638888888889
4 0.411328125 0.5361111111111111 0.0375 0.13368055555555555
4 0.274609375 0.6111111111111112 0.0443359375 0.13055555555555556
4 0.20703125 0.5555555555555556 0.032421875 0.12708333333333333
4 0.08515625 0.4076388888888889 0.075 0.07395833333333333
4 0.3171875 0.31527777777777777 0.0236328125 0.08541666666666667
4 0.381640625 0.2708333333333333 0.0212890625 0.08055555555555556
4 0.448046875 0.2791666666666667 0.01953125 0.08125
4 0.338671875 0.37569444444444444 0.0228515625 0.08194444444444444
4 0.789453125 0.4965277777777778 0.0306640625 0.12083333333333333
