4 0.60390625 0.3236111111111111 0.0390625 0.09479166666666666
4 0.78515625 0.5208333333333334 0.0453125 0.16979166666666667
4 0.505859375 0.25555555555555554 0.0353515625 0.05625
4 0.187109375 0.7118055555555556 0.0666015625 0.12916666666666668
4 0.091015625 0.4013888888888889 0.0728515625 0.06701388888888889
5 0.440234375 0.2604166666666667 0.0458984375 0.08888888888888889
4 0.55234375 0.3902777777777778 0.023828125 0.08923611111111111
4 0.596875 0.4048611111111111 0.024609375 0.08715277777777777
4 0.596875 0.23958333333333334 0.0220703125 0.05659722222222222
4 0.621875 0.22847222222222222 0.0205078125 0.06111111111111111
4 0.400390625 0.22361111111111112 0.0181640625 0.06666666666666667
4 0.53203125 0.2548611111111111 0.0125 0.04861111111111111
