4 0.082421875 0.4027777777777778 0.0666015625 0.06909722222222223
4 0.209375 0.28402777777777777 0.056640625 0.03715277777777778
4 0.7109375 0.4479166666666667 0.0390625 0.1125
5 0.43515625 0.35555555555555557 0.0640625 0.1361111111111111
4 0.28359375 0.37777777777777777 0.0533203125 0.11180555555555556
4 0.317578125 0.2763888888888889 0.03671875 0.08125
4 0.397265625 0.22361111111111112 0.0177734375 0.06458333333333334
4 0.5203125 0.27152777777777776 0.0361328125 0.07361111111111111
5 0.44921875 0.2361111111111111 0.038671875 0.078125
4 0.422265625 0.2048611111111111 0.0193359375 0.051041666666666666
4 0.625 0.2534722222222222 0.01875 0.065625
4 0.660546875 0.24375 0.01640625 0.059722222222222225
