0 0.686328125 0.48541666666666666 0.046875 0.11944444444444445
0 0.741015625 0.44513888888888886 0.03515625 0.06805555555555555
0 0.70546875 0.3215277777777778 0.01875 0.05694444444444444
0 0.75078125 0.3506944444444444 0.0328125 0.07951388888888888
1 0.566015625 0.4409722222222222 0.0734375 0.14722222222222223
0 0.3671875 0.45208333333333334 0.0326171875 0.12916666666666668
0 0.27578125 0.46875 0.0373046875 0.11840277777777777
1 0.17734375 0.7423611111111111 0.170703125 0.3055555555555556
0 0.07578125 0.40208333333333335 0.0423828125 0.05173611111111111
0 0.207421875 0.28125 0.0333984375 0.041666666666666664
0 0.28671875 0.33055555555555555 0.0283203125 0.09444444444444444
0 0.259765625 0.3680555555555556 0.0296875 0.06145833333333333
0 0.333984375 0.37083333333333335 0.03203125 0.08090277777777778
0 0.32265625 0.28125 0.0314453125 0.06770833333333333
0 0.346484375 0.28125 0.0271484375 0.07395833333333333
0 0.3796875 0.28055555555555556 0.024609375 0.08298611111111111
0 0.4296875 0.25763888888888886 0.0283203125 0.059722222222222225
1 0.536328125 0.29305555555555557 0.0412109375 0.09409722222222222
0 0.652734375 0.2791666666666667 0.0203125 0.06875
0 0.58125 0.21388888888888888 0.022265625 0.06666666666666667
0 0.667578125 0.2590277777777778 0.0177734375 0.06284722222222222
0 0.248046875 0.4270833333333333 0.0271484375 0.10277777777777777
0 0.3984375 0.2465277777777778 0.019140625 0.07777777777777778
0 0.36640625 0.24861111111111112 0.0169921875 0.08090277777777778
