4 0.3265625 0.3972222222222222 0.0326171875 0.12534722222222222
4 0.297265625 0.3625 0.02734375 0.07013888888888889
4 0.233203125 0.4013888888888889 0.03359375 0.1
4 0.071484375 0.3902777777777778 0.04609375 0.06944444444444445
4 0.7578125 0.5493055555555556 0.062890625 0.14444444444444443
4 0.351953125 0.28888888888888886 0.0271484375 0.08090277777777778
4 0.6578125 0.22708333333333333 0.0140625 0.05416666666666667
4 0.62578125 0.22916666666666666 0.0142578125 0.04722222222222222
4 0.64453125 0.22847222222222222 0.0171875 0.057291666666666664
4 0.23046875 0.55 0.0486328125 0.13645833333333332
4 0.570703125 0.3951388888888889 0.0271484375 0.07777777777777778
