4 0.695703125 0.3458333333333333 0.0208984375 0.08090277777777778
4 0.0828125 0.4013888888888889 0.0689453125 0.07569444444444444
4 0.212890625 0.28055555555555556 0.04609375 0.06388888888888888
4 0.325390625 0.30416666666666664 0.02734375 0.08611111111111111
4 0.383203125 0.2861111111111111 0.0275390625 0.07256944444444445
4 0.578125 0.3236111111111111 0.0314453125 0.09097222222222222
4 0.609765625 0.2875 0.0197265625 0.06354166666666666
4 0.645703125 0.2861111111111111 0.0240234375 0.06041666666666667
4 0.05078125 0.6375 0.065625 0.14201388888888888
4 0.140234375 0.81875 0.071875 0.215625
4 0.619140625 0.7631944444444444 0.0677734375 0.20277777777777778
4 0.41484375 0.2423611111111111 0.020703125 0.06944444444444445
4 0.366015625 0.20555555555555555 0.0166015625 0.06041666666666667
4 0.383203125 0.23333333333333334 0.01875 0.05520833333333333
4 0.685546875 0.2798611111111111 0.02109375 0.06111111111111111
4 0.552734375 0.24861111111111112 0.0181640625 0.058333333333333334
