4 0.07734375 0.40069444444444446 0.0703125 0.1
4 0.207421875 0.28194444444444444 0.0384765625 0.04791666666666667
5 0.389453125 0.5354166666666667 0.128125 0.265625
4 0.746875 0.3798611111111111 0.0388671875 0.09444444444444444
4 0.636328125 0.3 0.0244140625 0.07847222222222222
4 0.366796875 0.28958333333333336 0.0228515625 0.07916666666666666
5 0.434765625 0.3020833333333333 0.0552734375 0.09826388888888889
4 0.17109375 0.5701388888888889 0.0470703125 0.15694444444444444
4 0.277734375 0.33125 0.0271484375 0.08715277777777777
4 0.5234375 0.2659722222222222 0.049609375 0.07048611111111111
4 0.364453125 0.20347222222222222 0.01640625 0.057291666666666664
4 0.399609375 0.24722222222222223 0.015625 0.06388888888888888
4 0.394140625 0.21666666666666667 0.0119140625 0.044444444444444446
4 0.597265625 0.21388888888888888 0.021875 0.06631944444444444
