5 0.61015625 0.24027777777777778 0.0548828125 0.08090277777777778
4 0.659765625 0.25833333333333336 0.0259765625 0.08333333333333333
5 0.651953125 0.8770833333333333 0.17578125 0.24305555555555555
4 0.191015625 0.6263888888888889 0.0880859375 0.1607638888888889
4 0.26640625 0.4270833333333333 0.0404296875 0.10833333333333334
4 0.0765625 0.39652777777777776 0.0625 0.075
4 0.371875 0.375 0.0341796875 0.09375
4 0.40390625 0.4125 0.0330078125 0.11423611111111111
4 0.43515625 0.32222222222222224 0.0296875 0.10868055555555556
4 0.314453125 0.35138888888888886 0.01484375 0.075
4 0.348046875 0.29930555555555555 0.0203125 0.06944444444444445
4 0.379296875 0.28958333333333336 0.01953125 0.059722222222222225
4 0.4 0.31180555555555556 0.0203125 0.06840277777777778
4 0.382421875 0.3763888888888889 0.00078125 0.002777777777777778
4 0.312890625 0.2972222222222222 0.0177734375 0.06736111111111111
4 0.4125 0.2638888888888889 0.0201171875 0.06909722222222223
4 0.363671875 0.26319444444444445 0.01484375 0.0625
4 0.45078125 0.26180555555555557 0.0140625 0.05694444444444444
4 0.3296875 0.3680555555555556 0.0205078125 0.08611111111111111
