0 0.137109375 0.3104166666666667 0.02109375 0.06493055555555556
0 0.16796875 0.33541666666666664 0.0248046875 0.07118055555555555
1 0.59765625 0.7555555555555555 0.1328125 0.2548611111111111
1 0.886328125 0.93125 0.21484375 0.13472222222222222
1 0.62734375 0.2916666666666667 0.0580078125 0.06354166666666666
2 0.705859375 0.5451388888888888 0.1416015625 0.2569444444444444
2 0.67578125 0.2298611111111111 0.0486328125 0.07222222222222222
3 0.53515625 0.35138888888888886 0.092578125 0.21458333333333332
3 0.62890625 0.3798611111111111 0.0642578125 0.1638888888888889
0 0.168359375 0.38958333333333334 0.0259765625 0.09305555555555556
