5 0.355859375 0.42291666666666666 0.0822265625 0.15381944444444445
4 0.74609375 0.4270833333333333 0.0248046875 0.11215277777777778
4 0.848828125 0.5791666666666667 0.053125 0.13541666666666666
4 0.6546875 0.33194444444444443 0.0234375 0.08576388888888889
4 0.1359375 0.5104166666666666 0.041015625 0.16111111111111112
4 0.1875 0.5493055555555556 0.0482421875 0.14444444444444443
4 0.26015625 0.36180555555555555 0.025 0.08506944444444445
4 0.309765625 0.30416666666666664 0.0396484375 0.08090277777777778
4 0.369140625 0.275 0.02109375 0.07256944444444445
4 0.346484375 0.25069444444444444 0.01640625 0.05694444444444444
4 0.1984375 0.2861111111111111 0.034375 0.06666666666666667
4 0.0796875 0.4048611111111111 0.0732421875 0.08333333333333333
4 0.037890625 0.6875 0.0693359375 0.12986111111111112
5 0.663671875 0.9180555555555555 0.1509765625 0.15868055555555555
4 0.218359375 0.47152777777777777 0.0412109375 0.14340277777777777
4 0.2859375 0.475 0.0341796875 0.13576388888888888
4 0.368359375 0.19444444444444445 0.0181640625 0.06388888888888888
4 0.41875 0.23125 0.019140625 0.06666666666666667
4 0.7453125 0.3388888888888889 0.0279296875 0.09166666666666666
4 0.674609375 0.26180555555555557 0.0224609375 0.07361111111111111
4 0.65234375 0.21944444444444444 0.016796875 0.05486111111111111
