4 0.080859375 0.39652777777777776 0.059375 0.08159722222222222
4 0.23984375 0.6152777777777778 0.0548828125 0.11354166666666667
4 0.251171875 0.5006944444444444 0.0478515625 0.13159722222222223
4 0.3125 0.3798611111111111 0.0267578125 0.084375
4 0.37578125 0.3840277777777778 0.0263671875 0.08715277777777777
4 0.319140625 0.3145833333333333 0.01875 0.08194444444444444
4 0.344921875 0.2847222222222222 0.021875 0.07534722222222222
4 0.36796875 0.24513888888888888 0.01875 0.06111111111111111
4 0.39453125 0.24027777777777778 0.0142578125 0.05
6 0.446875 0.2513888888888889 0.0814453125 0.1642361111111111
