3 0.31953125 0.3263888888888889 0.0923828125 0.21631944444444445
3 0.38828125 0.20347222222222222 0.0845703125 0.07326388888888889
3 0.497265625 0.20416666666666666 0.1072265625 0.08541666666666667
3 0.542578125 0.35 0.0984375 0.22256944444444443
3 0.637109375 0.7006944444444444 0.2515625 0.5416666666666666
1 0.6171875 0.2951388888888889 0.044140625 0.06111111111111111
1 0.65625 0.23402777777777778 0.047265625 0.04583333333333333
0 0.13828125 0.35833333333333334 0.0203125 0.071875
0 0.184765625 0.25416666666666665 0.0150390625 0.052083333333333336
3 0.56875 0.2263888888888889 0.078515625 0.1111111111111111
