4 0.166796875 0.6416666666666667 0.0287109375 0.13645833333333332
4 0.241015625 0.6347222222222222 0.0556640625 0.14131944444444444
4 0.1125 0.6284722222222222 0.049609375 0.11284722222222222
4 0.143359375 0.40347222222222223 0.0583984375 0.09583333333333334
4 0.077734375 0.4076388888888889 0.0541015625 0.10659722222222222
4 0.2734375 0.3298611111111111 0.0392578125 0.05659722222222222
4 0.254296875 0.3923611111111111 0.0318359375 0.0875
4 0.632421875 0.2534722222222222 0.02265625 0.059722222222222225
4 0.653515625 0.24791666666666667 0.021875 0.0625
4 0.59296875 0.21666666666666667 0.0185546875 0.06145833333333333
