4 0.077734375 0.4027777777777778 0.065625 0.07708333333333334
4 0.333203125 0.32083333333333336 0.03125 0.09236111111111112
4 0.36484375 0.3625 0.0279296875 0.09444444444444444
4 0.643359375 0.33125 0.02890625 0.075
4 0.637109375 0.24305555555555555 0.0224609375 0.08090277777777778
4 0.5375 0.2673611111111111 0.021875 0.07083333333333333
4 0.38125 0.2701388888888889 0.024609375 0.07048611111111111
4 0.357421875 0.24305555555555555 0.01953125 0.06666666666666667
4 0.820703125 0.48541666666666666 0.0552734375 0.12916666666666668
4 0.4140625 0.24097222222222223 0.0220703125 0.06770833333333333
4 0.36953125 0.18680555555555556 0.0125 0.04583333333333333
