5 0.62265625 0.7680555555555556 0.1607421875 0.32430555555555557
4 0.8609375 0.5944444444444444 0.0673828125 0.15
4 0.871484375 0.75625 0.0900390625 0.17604166666666668
5 0.69609375 0.41041666666666665 0.116796875 0.1486111111111111
5 0.581640625 0.48680555555555555 0.1021484375 0.18159722222222222
7 0.56953125 0.35138888888888886 0.0796875 0.14722222222222223
4 0.686328125 0.2972222222222222 0.02265625 0.07847222222222222
5 0.626953125 0.28888888888888886 0.0677734375 0.10833333333333334
4 0.33984375 0.3597222222222222 0.0376953125 0.13541666666666666
4 0.073828125 0.4 0.05390625 0.09444444444444444
4 0.203515625 0.29930555555555555 0.0375 0.06215277777777778
4 0.47421875 0.25763888888888886 0.03125 0.09027777777777778
4 0.4234375 0.2361111111111111 0.01875 0.06736111111111111
4 0.395703125 0.23402777777777778 0.0197265625 0.07326388888888889
4 0.743359375 0.325 0.02109375 0.08333333333333333
