5 0.71328125 0.5215277777777778 0.1220703125 0.1954861111111111
4 0.572265625 0.575 0.0681640625 0.18645833333333334
4 0.59765625 0.35347222222222224 0.0451171875 0.12118055555555556
4 0.73125 0.3659722222222222 0.030859375 0.084375
4 0.673046875 0.25069444444444444 0.0203125 0.07326388888888889
4 0.146875 0.4861111111111111 0.0375 0.11736111111111111
4 0.07890625 0.40625 0.084375 0.08611111111111111
4 0.356640625 0.27291666666666664 0.01640625 0.05138888888888889
4 0.362890625 0.3111111111111111 0.0197265625 0.06631944444444444
6 0.423828125 0.28958333333333336 0.08828125 0.21770833333333334
4 0.642578125 0.21041666666666667 0.01640625 0.06388888888888888
4 0.3828125 0.23194444444444445 0.0138671875 0.058680555555555555
