5 0.402734375 0.4125 0.06171875 0.12465277777777778
4 0.300390625 0.42916666666666664 0.03046875 0.10520833333333333
4 0.21875 0.42916666666666664 0.0388671875 0.12013888888888889
4 0.07890625 0.4083333333333333 0.0623046875 0.07152777777777777
4 0.2046875 0.28402777777777777 0.049609375 0.040625
4 0.362890625 0.3451388888888889 0.03359375 0.06805555555555555
4 0.70703125 0.33194444444444443 0.0357421875 0.11319444444444444
4 0.522265625 0.26944444444444443 0.0421875 0.08090277777777778
4 0.398828125 0.2520833333333333 0.02109375 0.06527777777777778
4 0.6 0.22777777777777777 0.028515625 0.078125
4 0.385546875 0.18333333333333332 0.0177734375 0.0642361111111111
4 0.360546875 0.28125 0.0255859375 0.060069444444444446
4 0.334375 0.24930555555555556 0.0140625 0.06840277777777778
4 0.40546875 0.15902777777777777 0.0125 0.05138888888888889
