7 0.61484375 0.23333333333333334 0.061328125 0.07847222222222222
7 0.69609375 0.21666666666666667 0.0609375 0.075
5 0.5671875 0.55 0.0830078125 0.13090277777777778
5 0.69296875 0.5868055555555556 0.1234375 0.17916666666666667
5 0.836328125 0.9201388888888888 0.17734375 0.15694444444444444
5 0.66015625 0.9569444444444445 0.153125 0.08333333333333333
5 0.659765625 0.46041666666666664 0.07578125 0.10694444444444444
5 0.55703125 0.4013888888888889 0.0533203125 0.09756944444444444
5 0.3640625 0.2222222222222222 0.052734375 0.058333333333333334
4 0.710546875 0.33958333333333335 0.01640625 0.05138888888888889
