7 0.67109375 0.22569444444444445 0.0640625 0.07083333333333333
5 0.579296875 0.6819444444444445 0.11484375 0.21354166666666666
5 0.8640625 0.85625 0.2640625 0.2847222222222222
5 0.648046875 0.5368055555555555 0.1 0.13506944444444444
5 0.61953125 0.4166666666666667 0.0751953125 0.09479166666666666
5 0.53203125 0.38472222222222224 0.0435546875 0.08298611111111111
5 0.545703125 0.3277777777777778 0.0474609375 0.07465277777777778
5 0.603125 0.24027777777777778 0.046875 0.03923611111111111
5 0.489453125 0.22777777777777777 0.05625 0.044097222222222225
4 0.76875 0.41875 0.028515625 0.08506944444444445
