5 0.606640625 0.45416666666666666 0.0837890625 0.13368055555555555
4 0.867578125 0.6097222222222223 0.05546875 0.19791666666666666
4 0.6296875 0.24375 0.0201171875 0.07395833333333333
4 0.67109375 0.28402777777777777 0.0216796875 0.09444444444444444
4 0.534765625 0.2520833333333333 0.0244140625 0.0875
4 0.08046875 0.4131944444444444 0.069921875 0.084375
4 0.3328125 0.325 0.0267578125 0.1
4 0.273828125 0.32222222222222224 0.0396484375 0.10069444444444445
4 0.432421875 0.23541666666666666 0.0203125 0.059375
4 0.6640625 0.22291666666666668 0.0173828125 0.05694444444444444
4 0.451171875 0.23055555555555557 0.0146484375 0.049305555555555554
