4 0.108203125 0.6868055555555556 0.0833984375 0.20833333333333334
4 0.080859375 0.40347222222222223 0.0677734375 0.06770833333333333
4 0.203125 0.28402777777777777 0.0435546875 0.05694444444444444
4 0.344140625 0.2722222222222222 0.0234375 0.07222222222222222
5 0.56171875 0.29097222222222224 0.0578125 0.09861111111111111
4 0.771484375 0.6076388888888888 0.0322265625 0.13472222222222222
4 0.75859375 0.4201388888888889 0.036328125 0.12118055555555556
4 0.790625 0.4166666666666667 0.0359375 0.11041666666666666
4 0.6984375 0.3104166666666667 0.0251953125 0.06284722222222222
4 0.729296875 0.32083333333333336 0.0228515625 0.05798611111111111
4 0.6796875 0.29444444444444445 0.018359375 0.06597222222222222
4 0.66015625 0.3111111111111111 0.0267578125 0.09166666666666666
4 0.630859375 0.27847222222222223 0.0181640625 0.06527777777777778
4 0.60859375 0.275 0.030078125 0.07291666666666667
4 0.375 0.21597222222222223 0.0173828125 0.06944444444444445
