7 0.29453125 0.5180555555555556 0.1548828125 0.4670138888888889
7 0.6015625 0.5902777777777778 0.1767578125 0.39479166666666665
7 0.5375 0.32708333333333334 0.0873046875 0.19826388888888888
7 0.418359375 0.20347222222222222 0.08359375 0.09166666666666666
7 0.5359375 0.20555555555555555 0.1142578125 0.078125
5 0.316796875 0.20902777777777778 0.05390625 0.051041666666666666
5 0.626171875 0.27847222222222223 0.0537109375 0.06770833333333333
5 0.71484375 0.23958333333333334 0.0517578125 0.05451388888888889
4 0.0421875 0.5263888888888889 0.0517578125 0.13680555555555557
4 0.190234375 0.2798611111111111 0.021875 0.05381944444444445
