1 0.730078125 0.66875 0.1447265625 0.21944444444444444
1 0.533984375 0.4236111111111111 0.0703125 0.12430555555555556
1 0.51796875 0.22777777777777777 0.0560546875 0.05
1 0.595703125 0.3111111111111111 0.0375 0.05625
1 0.61015625 0.28055555555555556 0.045703125 0.06145833333333333
1 0.595703125 0.3506944444444444 0.04609375 0.07083333333333333
1 0.665625 0.2638888888888889 0.044140625 0.05555555555555555
1 0.598046875 0.2423611111111111 0.0525390625 0.05381944444444445
2 0.648828125 0.4375 0.0984375 0.16875
1 0.521875 0.33402777777777776 0.0439453125 0.06840277777777778
1 0.53046875 0.2833333333333333 0.0453125 0.04756944444444444
1 0.26484375 0.2916666666666667 0.0517578125 0.07708333333333334
