4 0.1828125 0.6097222222222223 0.0732421875 0.175
5 0.618359375 0.8375 0.18828125 0.32222222222222224
5 0.7515625 0.5458333333333333 0.140234375 0.17743055555555556
4 0.864453125 0.5888888888888889 0.0583984375 0.16666666666666666
7 0.563671875 0.35138888888888886 0.06484375 0.1638888888888889
4 0.69609375 0.3104166666666667 0.0466796875 0.10277777777777777
4 0.74765625 0.3402777777777778 0.0326171875 0.10208333333333333
4 0.65390625 0.28402777777777777 0.0205078125 0.05555555555555555
5 0.528125 0.3055555555555556 0.034765625 0.08055555555555556
4 0.074609375 0.3993055555555556 0.0681640625 0.059375
4 0.21171875 0.28888888888888886 0.0435546875 0.04375
4 0.4203125 0.26805555555555555 0.0419921875 0.07465277777777778
