3 0.408203125 0.4152777777777778 0.16015625 0.45
2 0.63984375 0.5680555555555555 0.211328125 0.4809027777777778
0 0.708203125 0.46319444444444446 0.0380859375 0.10277777777777777
0 0.682421875 0.3590277777777778 0.0359375 0.09895833333333333
0 0.633984375 0.26666666666666666 0.021875 0.06388888888888888
0 0.133984375 0.5680555555555555 0.04375 0.11423611111111111
0 0.185546875 0.5180555555555556 0.0447265625 0.121875
0 0.3140625 0.39791666666666664 0.037890625 0.084375
0 0.319140625 0.31805555555555554 0.0318359375 0.06979166666666667
0 0.0734375 0.39791666666666664 0.0455078125 0.07326388888888889
0 0.31875 0.2590277777777778 0.0201171875 0.05659722222222222
0 0.655859375 0.22847222222222222 0.01484375 0.05694444444444444
0 0.634375 0.20208333333333334 0.012109375 0.04618055555555556
0 0.61875 0.19444444444444445 0.0169921875 0.05243055555555556
