4 0.117578125 0.6166666666666667 0.04765625 0.16701388888888888
4 0.211328125 0.5326388888888889 0.0400390625 0.09305555555555556
4 0.353515625 0.3013888888888889 0.03046875 0.06354166666666666
4 0.205859375 0.29375 0.040625 0.05659722222222222
4 0.073828125 0.39791666666666664 0.0509765625 0.08611111111111111
5 0.551171875 0.29583333333333334 0.0509765625 0.10798611111111112
4 0.765625 0.4111111111111111 0.0529296875 0.10833333333333334
4 0.690234375 0.30486111111111114 0.0259765625 0.06840277777777778
4 0.6375 0.29791666666666666 0.0279296875 0.08159722222222222
4 0.61015625 0.2763888888888889 0.0173828125 0.06388888888888888
4 0.591796875 0.27291666666666664 0.0197265625 0.06493055555555556
4 0.6734375 0.28958333333333336 0.0216796875 0.07604166666666666
4 0.44140625 0.2652777777777778 0.0533203125 0.08125
4 0.659765625 0.28888888888888886 0.01953125 0.06597222222222222
