5 0.575 0.6305555555555555 0.11875 0.228125
5 0.746484375 0.6590277777777778 0.16171875 0.24270833333333333
5 0.54375 0.4666666666666667 0.0732421875 0.12777777777777777
5 0.5328125 0.22777777777777777 0.0548828125 0.05625
5 0.517578125 0.3 0.0484375 0.08020833333333334
5 0.666796875 0.23680555555555555 0.04375 0.05381944444444445
6 0.62109375 0.29583333333333334 0.0890625 0.13368055555555555
7 0.643359375 0.4097222222222222 0.0734375 0.16979166666666667
4 0.133203125 0.4354166666666667 0.0384765625 0.11770833333333333
4 0.182421875 0.7340277777777777 0.0578125 0.16493055555555555
