5 0.526171875 0.35625 0.05859375 0.09895833333333333
5 0.558203125 0.5034722222222222 0.06640625 0.1125
5 0.5796875 0.2222222222222222 0.046875 0.03923611111111111
5 0.494921875 0.21597222222222223 0.06015625 0.05694444444444444
6 0.604296875 0.3229166666666667 0.0552734375 0.09583333333333334
6 0.82421875 0.7159722222222222 0.3375 0.5652777777777778
6 0.659765625 0.43680555555555556 0.10390625 0.18472222222222223
6 0.651953125 0.7631944444444444 0.28828125 0.4708333333333333
7 0.61015625 0.25555555555555554 0.048046875 0.08020833333333334
7 0.659765625 0.43680555555555556 0.1083984375 0.19270833333333334
