1 0.60234375 0.7944444444444444 0.1341796875 0.2604166666666667
1 0.903515625 0.9319444444444445 0.16328125 0.13333333333333333
1 0.64453125 0.2638888888888889 0.0392578125 0.04756944444444444
2 0.712109375 0.5069444444444444 0.1833984375 0.33576388888888886
2 0.61171875 0.32708333333333334 0.0578125 0.12361111111111112
2 0.721875 0.19930555555555557 0.066015625 0.07361111111111111
3 0.29140625 0.2125 0.0703125 0.09479166666666666
0 0.251953125 0.3375 0.0521484375 0.06701388888888889
0 0.253515625 0.3951388888888889 0.053125 0.08472222222222223
0 0.718359375 0.3368055555555556 0.0212890625 0.07361111111111111
