4 0.1765625 0.4513888888888889 0.0560546875 0.13854166666666667
4 0.075 0.4027777777777778 0.0482421875 0.08298611111111111
4 0.725 0.42916666666666664 0.040625 0.103125
4 0.728515625 0.35625 0.0271484375 0.06666666666666667
4 0.669140625 0.29097222222222224 0.02109375 0.07118055555555555
4 0.355078125 0.2965277777777778 0.0240234375 0.07395833333333333
4 0.3859375 0.24444444444444444 0.0205078125 0.05486111111111111
4 0.525 0.2513888888888889 0.021875 0.06909722222222223
4 0.655859375 0.2298611111111111 0.0193359375 0.06284722222222222
4 0.15859375 0.7979166666666667 0.073046875 0.22118055555555555
4 0.35234375 0.21805555555555556 0.014453125 0.04479166666666667
4 0.36015625 0.24444444444444444 0.0154296875 0.04201388888888889
4 0.399609375 0.22847222222222222 0.0177734375 0.058333333333333334
4 0.62421875 0.2125 0.0173828125 0.05
4 0.64140625 0.21736111111111112 0.0158203125 0.058333333333333334
