0 0.612890625 0.3263888888888889 0.0208984375 0.06631944444444444
1 0.425390625 0.36319444444444443 0.06328125 0.13194444444444445
0 0.344140625 0.3840277777777778 0.0296875 0.09583333333333334
0 0.28125 0.4236111111111111 0.028125 0.096875
0 0.2640625 0.3736111111111111 0.030859375 0.103125
0 0.070703125 0.38333333333333336 0.05390625 0.05277777777777778
0 0.378125 0.30277777777777776 0.0205078125 0.06909722222222223
0 0.34765625 0.2833333333333333 0.025 0.08263888888888889
0 0.2125 0.6069444444444444 0.053515625 0.14791666666666667
0 0.06796875 0.7680555555555556 0.0798828125 0.21909722222222222
0 0.373828125 0.22013888888888888 0.0150390625 0.04861111111111111
