5 0.596484375 0.3347222222222222 0.0447265625 0.07430555555555556
5 0.54765625 0.43472222222222223 0.060546875 0.1076388888888889
5 0.648046875 0.4625 0.078125 0.13576388888888888
5 0.5828125 0.27291666666666664 0.041015625 0.058333333333333334
6 0.85546875 0.8111111111111111 0.2828125 0.375
6 0.659375 0.2375 0.0482421875 0.06388888888888888
6 0.64609375 0.4618055555555556 0.0779296875 0.13472222222222222
6 0.5828125 0.27291666666666664 0.043359375 0.0625
4 0.135546875 0.46458333333333335 0.0275390625 0.10833333333333334
4 0.133984375 0.4 0.0212890625 0.07152777777777777
4 0.181640625 0.32430555555555557 0.03671875 0.08715277777777777
5 0.526953125 0.31805555555555554 0.03984375 0.07222222222222222
