3 0.314453125 0.2902777777777778 0.0525390625 0.14652777777777778
3 0.60234375 0.3 0.0638671875 0.13333333333333333
3 0.60546875 0.20902777777777778 0.0703125 0.07361111111111111
1 0.553515625 0.5256944444444445 0.1009765625 0.16006944444444443
1 0.660546875 0.4951388888888889 0.1041015625 0.11527777777777778
1 0.63203125 0.8847222222222222 0.1642578125 0.21458333333333332
1 0.860546875 0.8715277777777778 0.25546875 0.25416666666666665
1 0.52578125 0.3736111111111111 0.0513671875 0.08333333333333333
1 0.621875 0.40208333333333335 0.069140625 0.09722222222222222
1 0.521875 0.3125 0.0439453125 0.04756944444444444
1 0.552734375 0.2590277777777778 0.03984375 0.06284722222222222
1 0.35234375 0.2111111111111111 0.0578125 0.05590277777777778
1 0.645703125 0.24791666666666667 0.0384765625 0.04722222222222222
1 0.69765625 0.24305555555555555 0.034375 0.030555555555555555
