4 0.2984375 0.4708333333333333 0.0326171875 0.128125
5 0.39609375 0.46875 0.0826171875 0.18611111111111112
4 0.24765625 0.36319444444444443 0.028125 0.08506944444444445
4 0.07265625 0.3909722222222222 0.0591796875 0.08993055555555556
4 0.208203125 0.2902777777777778 0.0453125 0.03680555555555556
4 0.638671875 0.5805555555555556 0.0380859375 0.1579861111111111
4 0.81953125 0.4861111111111111 0.05 0.11944444444444445
4 0.6921875 0.2916666666666667 0.0330078125 0.08958333333333333
4 0.658203125 0.27361111111111114 0.0302734375 0.0798611111111111
4 0.601953125 0.22569444444444445 0.02421875 0.08506944444444445
4 0.53203125 0.25277777777777777 0.028125 0.06111111111111111
4 0.569140625 0.24375 0.0212890625 0.05416666666666667
7 0.437109375 0.2423611111111111 0.0759765625 0.20729166666666668
4 0.3109375 0.2743055555555556 0.0203125 0.07604166666666666
4 0.34140625 0.28680555555555554 0.021875 0.06805555555555555
4 0.377734375 0.2590277777777778 0.0197265625 0.051041666666666666
4 0.349609375 0.22569444444444445 0.0146484375 0.06284722222222222
4 0.365625 0.20694444444444443 0.0142578125 0.06145833333333333
