4 0.66796875 0.35138888888888886 0.0345703125 0.08923611111111111
4 0.08203125 0.40902777777777777 0.0640625 0.07361111111111111
4 0.2703125 0.38958333333333334 0.0328125 0.09166666666666666
4 0.34296875 0.3458333333333333 0.0392578125 0.09131944444444444
4 0.155078125 0.5506944444444445 0.0541015625 0.15833333333333333
4 0.230078125 0.7451388888888889 0.0671875 0.21805555555555556
4 0.055078125 0.81875 0.08203125 0.19826388888888888
4 0.2015625 0.6430555555555556 0.0283203125 0.12743055555555555
4 0.148828125 0.6993055555555555 0.0427734375 0.14895833333333333
4 0.356640625 0.23958333333333334 0.0181640625 0.05
