7 0.600390625 0.2986111111111111 0.0572265625 0.11909722222222222
7 0.63046875 0.2076388888888889 0.0798828125 0.084375
7 0.319921875 0.3347222222222222 0.07265625 0.15763888888888888
5 0.539453125 0.4652777777777778 0.08828125 0.128125
5 0.646484375 0.4736111111111111 0.08671875 0.11979166666666667
5 0.6109375 0.80625 0.1513671875 0.2791666666666667
5 0.79453125 0.7972222222222223 0.205078125 0.3107638888888889
5 0.56015625 0.2534722222222222 0.05 0.065625
5 0.404296875 0.2152777777777778 0.0609375 0.049652777777777775
5 0.65 0.24375 0.0408203125 0.04722222222222222
