4 0.553125 0.4125 0.0361328125 0.08854166666666667
4 0.68125 0.3861111111111111 0.03125 0.07777777777777778
4 0.719921875 0.33125 0.0244140625 0.08472222222222223
4 0.69765625 0.3104166666666667 0.019921875 0.06388888888888888
4 0.659375 0.2986111111111111 0.0169921875 0.06145833333333333
4 0.633984375 0.27708333333333335 0.01484375 0.059722222222222225
4 0.613671875 0.27708333333333335 0.0259765625 0.07222222222222222
4 0.59453125 0.27569444444444446 0.0173828125 0.059722222222222225
5 0.55546875 0.2791666666666667 0.0560546875 0.09166666666666666
4 0.2703125 0.4173611111111111 0.049609375 0.09722222222222222
4 0.0796875 0.3972222222222222 0.059375 0.0642361111111111
4 0.205859375 0.2826388888888889 0.04140625 0.034722222222222224
4 0.381640625 0.2076388888888889 0.0166015625 0.0625
4 0.677734375 0.29097222222222224 0.0197265625 0.06666666666666667
4 0.75859375 0.6888888888888889 0.0609375 0.17708333333333334
4 0.876953125 0.5256944444444445 0.0431640625 0.13784722222222223
