1 0.55234375 0.5069444444444444 0.076953125 0.13680555555555557
1 0.534765625 0.29305555555555557 0.0412109375 0.053125
1 0.564453125 0.2638888888888889 0.0427734375 0.05486111111111111
1 0.528125 0.3402777777777778 0.0486328125 0.08125
1 0.60390625 0.3104166666666667 0.048828125 0.05555555555555555
1 0.60390625 0.36319444444444443 0.0482421875 0.08993055555555556
1 0.6265625 0.27708333333333335 0.0375 0.05277777777777778
2 0.658203125 0.4486111111111111 0.09140625 0.1388888888888889
2 0.698828125 0.74375 0.3134765625 0.5097222222222222
3 0.651171875 0.2 0.0974609375 0.08333333333333333
1 0.20859375 0.34930555555555554 0.059375 0.09861111111111111
