4 0.695703125 0.3458333333333333 0.0197265625 0.08055555555555556
4 0.0828125 0.4013888888888889 0.0703125 0.08055555555555556
4 0.212890625 0.28055555555555556 0.04375 0.05798611111111111
4 0.325390625 0.30416666666666664 0.0255859375 0.08576388888888889
4 0.383203125 0.2861111111111111 0.0287109375 0.07291666666666667
4 0.578125 0.3236111111111111 0.03125 0.08923611111111111
4 0.609765625 0.2875 0.0177734375 0.06145833333333333
4 0.645703125 0.2861111111111111 0.0234375 0.058680555555555555
4 0.05078125 0.6375 0.0654296875 0.14166666666666666
4 0.140234375 0.81875 0.07890625 0.2232638888888889
4 0.619140625 0.7631944444444444 0.0693359375 0.20416666666666666
4 0.41484375 0.2423611111111111 0.020703125 0.06944444444444445
4 0.366015625 0.20555555555555555 0.0146484375 0.058680555555555555
4 0.383203125 0.23333333333333334 0.0177734375 0.053125
4 0.685546875 0.2798611111111111 0.02265625 0.0625
4 0.552734375 0.24861111111111112 0.0212890625 0.06111111111111111
