5 0.600390625 0.4513888888888889 0.10625 0.18680555555555556
4 0.6421875 0.24861111111111112 0.0216796875 0.07465277777777778
4 0.88359375 0.6097222222222223 0.0513671875 0.12743055555555555
5 0.31171875 0.79375 0.1671875 0.4097222222222222
4 0.07734375 0.4 0.05 0.05798611111111111
4 0.3015625 0.3145833333333333 0.0248046875 0.06840277777777778
4 0.32421875 0.3159722222222222 0.021875 0.06493055555555556
4 0.32734375 0.39305555555555555 0.0236328125 0.07534722222222222
4 0.373046875 0.30486111111111114 0.0197265625 0.09305555555555556
4 0.466015625 0.2513888888888889 0.0552734375 0.078125
4 0.6328125 0.2916666666666667 0.0220703125 0.071875
4 0.1859375 0.7006944444444444 0.0689453125 0.18888888888888888
4 0.38984375 0.24166666666666667 0.0205078125 0.07152777777777777
