5 0.6140625 0.4875 0.1138671875 0.18125
4 0.738671875 0.5993055555555555 0.0380859375 0.1267361111111111
4 0.733203125 0.38680555555555557 0.0337890625 0.09861111111111111
4 0.682421875 0.2847222222222222 0.0271484375 0.07256944444444445
4 0.650390625 0.3 0.0259765625 0.06701388888888889
4 0.5359375 0.34930555555555554 0.0392578125 0.109375
5 0.43203125 0.3402777777777778 0.0595703125 0.09791666666666667
4 0.31015625 0.37569444444444444 0.0296875 0.10416666666666667
5 0.237890625 0.6298611111111111 0.1474609375 0.32222222222222224
4 0.073046875 0.6340277777777777 0.075 0.12048611111111111
4 0.256640625 0.35555555555555557 0.0244140625 0.09722222222222222
4 0.2375 0.42291666666666666 0.044140625 0.10173611111111111
4 0.07734375 0.4076388888888889 0.0560546875 0.07083333333333333
4 0.204296875 0.28958333333333336 0.0484375 0.05138888888888889
4 0.959375 0.8097222222222222 0.0796875 0.21666666666666667
4 0.675390625 0.40902777777777777 0.0328125 0.09826388888888889
4 0.384375 0.26875 0.0173828125 0.08506944444444445
4 0.65 0.3625 0.0205078125 0.08125
