7 0.85 0.7819444444444444 0.2984375 0.43333333333333335
7 0.253125 0.6395833333333333 0.1703125 0.48194444444444445
5 0.55625 0.5541666666666667 0.09375 0.14791666666666667
5 0.62578125 0.41944444444444445 0.069921875 0.09166666666666666
5 0.60078125 0.3506944444444444 0.051953125 0.084375
5 0.521875 0.36527777777777776 0.052734375 0.08020833333333334
5 0.51484375 0.3013888888888889 0.0328125 0.04756944444444444
5 0.54609375 0.26458333333333334 0.0361328125 0.05659722222222222
5 0.554296875 0.21666666666666667 0.0541015625 0.03298611111111111
5 0.665625 0.23402777777777778 0.0341796875 0.03993055555555555
5 0.688671875 0.5631944444444444 0.1115234375 0.14305555555555555
4 0.77265625 0.45694444444444443 0.029296875 0.08576388888888889
7 0.60859375 0.2625 0.0515625 0.09965277777777778
