4 0.79140625 0.43333333333333335 0.038671875 0.08576388888888889
5 0.20390625 0.5069444444444444 0.091796875 0.17222222222222222
5 0.621484375 0.27291666666666664 0.0443359375 0.059375
5 0.619921875 0.2388888888888889 0.0427734375 0.04513888888888889
5 0.610546875 0.3215277777777778 0.0416015625 0.07395833333333333
5 0.653515625 0.2465277777777778 0.0337890625 0.041666666666666664
6 0.803125 0.7277777777777777 0.3921875 0.5416666666666666
6 0.57265625 0.49027777777777776 0.1439453125 0.3746527777777778
7 0.531640625 0.24097222222222223 0.05546875 0.07118055555555555
7 0.566015625 0.24375 0.0478515625 0.06944444444444445
