4 0.070703125 0.4041666666666667 0.0521484375 0.10243055555555555
4 0.206640625 0.2875 0.04140625 0.06944444444444445
4 0.19921875 0.5840277777777778 0.0513671875 0.0954861111111111
4 0.187890625 0.7069444444444445 0.0521484375 0.14965277777777777
4 0.2875 0.6583333333333333 0.053125 0.13923611111111112
4 0.28203125 0.525 0.0455078125 0.09479166666666666
4 0.34453125 0.46041666666666664 0.0345703125 0.11944444444444445
4 0.30859375 0.4097222222222222 0.0314453125 0.09444444444444444
4 0.286328125 0.3597222222222222 0.02890625 0.075
4 0.327734375 0.33611111111111114 0.021875 0.08854166666666667
4 0.835546875 0.47847222222222224 0.0505859375 0.10729166666666666
4 0.646875 0.27847222222222223 0.0279296875 0.07673611111111112
5 0.569921875 0.23541666666666666 0.040625 0.07222222222222222
4 0.508203125 0.26944444444444443 0.0390625 0.08854166666666667
4 0.3640625 0.2569444444444444 0.0263671875 0.08020833333333334
4 0.080078125 0.6486111111111111 0.08125 0.18333333333333332
4 0.19609375 0.4875 0.033203125 0.09479166666666666
4 0.3328125 0.25277777777777777 0.021484375 0.06076388888888889
6 0.451171875 0.2375 0.05546875 0.12465277777777778
4 0.366796875 0.37083333333333335 0.00078125 0.002777777777777778
4 0.41015625 0.23958333333333334 0.0158203125 0.0625
