4 0.35859375 0.37222222222222223 0.033203125 0.10034722222222223
4 0.08515625 0.4083333333333333 0.048046875 0.09444444444444444
7 0.596484375 0.35833333333333334 0.1146484375 0.3111111111111111
5 0.67265625 0.4083333333333333 0.0580078125 0.10868055555555556
4 0.911328125 0.7138888888888889 0.06015625 0.1673611111111111
4 0.80859375 0.5319444444444444 0.044921875 0.12465277777777778
4 0.721875 0.41458333333333336 0.0216796875 0.08229166666666667
4 0.752734375 0.35555555555555557 0.0255859375 0.08263888888888889
4 0.7125 0.32916666666666666 0.0248046875 0.06701388888888889
4 0.69140625 0.32708333333333334 0.028125 0.08055555555555556
4 0.673828125 0.2923611111111111 0.0181640625 0.051041666666666666
4 0.46796875 0.24722222222222223 0.0296875 0.07256944444444445
4 0.651953125 0.2763888888888889 0.021875 0.06145833333333333
