1 0.626171875 0.63125 0.12265625 0.2232638888888889
0 0.79765625 0.7458333333333333 0.0669921875 0.13541666666666666
0 0.790625 0.4638888888888889 0.0419921875 0.103125
0 0.712890625 0.3715277777777778 0.02578125 0.09861111111111111
0 0.7453125 0.37083333333333335 0.037109375 0.08333333333333333
1 0.301171875 0.6055555555555555 0.12109375 0.24131944444444445
0 0.178125 0.79375 0.0640625 0.19444444444444445
0 0.109375 0.6597222222222222 0.049609375 0.12013888888888889
0 0.168359375 0.49236111111111114 0.03046875 0.06805555555555555
0 0.26328125 0.36666666666666664 0.0265625 0.07777777777777778
0 0.331640625 0.3527777777777778 0.0244140625 0.08819444444444445
1 0.41484375 0.3770833333333333 0.066796875 0.1267361111111111
0 0.078125 0.4083333333333333 0.05625 0.05590277777777778
0 0.209375 0.28680555555555554 0.037890625 0.04548611111111111
0 0.315234375 0.2923611111111111 0.021875 0.07777777777777778
1 0.39296875 0.27152777777777776 0.046875 0.07083333333333333
0 0.6328125 0.25625 0.021484375 0.08194444444444444
0 0.673046875 0.2743055555555556 0.0208984375 0.08784722222222222
0 0.26015625 0.4534722222222222 0.0236328125 0.09027777777777778
0 0.35 0.2625 0.0189453125 0.07430555555555556
0 0.33046875 0.2652777777777778 0.0185546875 0.06701388888888889
