0 0.148828125 0.6541666666666667 0.0380859375 0.15763888888888888
0 0.31015625 0.43680555555555556 0.0435546875 0.13333333333333333
0 0.23984375 0.41805555555555557 0.0408203125 0.09166666666666666
0 0.375 0.29583333333333334 0.0158203125 0.06319444444444444
0 0.656640625 0.4013888888888889 0.0453125 0.13020833333333334
0 0.082421875 0.39375 0.07265625 0.07916666666666666
0 0.208203125 0.2833333333333333 0.046875 0.05555555555555555
0 0.600390625 0.23125 0.02109375 0.06770833333333333
0 0.633984375 0.25625 0.0240234375 0.07604166666666666
0 0.712109375 0.3194444444444444 0.0259765625 0.08819444444444445
0 0.391015625 0.24513888888888888 0.03515625 0.06527777777777778
0 0.1578125 0.5388888888888889 0.0376953125 0.1361111111111111
