0 0.131640625 0.6125 0.05546875 0.175
0 0.247265625 0.4583333333333333 0.0490234375 0.13020833333333334
0 0.304296875 0.35694444444444445 0.0447265625 0.12569444444444444
0 0.346875 0.30486111111111114 0.0326171875 0.09340277777777778
0 0.36328125 0.2569444444444444 0.0220703125 0.07743055555555556
0 0.380859375 0.27847222222222223 0.02109375 0.0763888888888889
0 0.77265625 0.39375 0.0314453125 0.09270833333333334
0 0.858203125 0.5868055555555556 0.05078125 0.18055555555555555
0 0.689453125 0.2763888888888889 0.02578125 0.07569444444444444
2 0.594140625 0.3 0.1021484375 0.20069444444444445
1 0.441796875 0.25833333333333336 0.04765625 0.09375
1 0.52265625 0.21458333333333332 0.0421875 0.06840277777777778
0 0.214453125 0.39375 0.04765625 0.1111111111111111
0 0.07890625 0.3993055555555556 0.0748046875 0.1
0 0.20859375 0.2826388888888889 0.048046875 0.05694444444444444
0 0.267578125 0.6951388888888889 0.0609375 0.21006944444444445
0 0.236328125 0.5881944444444445 0.040625 0.12604166666666666
0 0.325390625 0.26805555555555555 0.0203125 0.08680555555555555
0 0.387109375 0.18888888888888888 0.0150390625 0.06597222222222222
0 0.36171875 0.18263888888888888 0.0138671875 0.05277777777777778
0 0.4015625 0.19375 0.012109375 0.05416666666666667
