0 0.306640625 0.46111111111111114 0.03828125 0.1284722222222222
1 0.639453125 0.36666666666666664 0.06171875 0.11666666666666667
0 0.19765625 0.4888888888888889 0.0560546875 0.11701388888888889
0 0.078125 0.4048611111111111 0.065234375 0.08333333333333333
0 0.209375 0.28055555555555556 0.047265625 0.03576388888888889
0 0.333203125 0.40694444444444444 0.0322265625 0.09444444444444444
0 0.2875 0.38263888888888886 0.024609375 0.07951388888888888
0 0.3 0.3 0.0248046875 0.05625
0 0.333203125 0.2972222222222222 0.0259765625 0.07222222222222222
0 0.37109375 0.36944444444444446 0.0310546875 0.09479166666666666
0 0.3890625 0.30416666666666664 0.0310546875 0.08125
0 0.542578125 0.4083333333333333 0.03671875 0.10833333333333334
0 0.409765625 0.2465277777777778 0.0259765625 0.06215277777777778
0 0.379296875 0.23680555555555555 0.0259765625 0.04895833333333333
