0 0.0515625 0.7125 0.0484375 0.1638888888888889
0 0.205078125 0.47847222222222224 0.02890625 0.11527777777777778
0 0.266015625 0.6472222222222223 0.03359375 0.15833333333333333
0 0.26640625 0.4618055555555556 0.03125 0.1125
0 0.558203125 0.9090277777777778 0.04609375 0.18194444444444444
0 0.324609375 0.7979166666666667 0.04140625 0.1875
0 0.516796875 0.5909722222222222 0.03046875 0.13472222222222222
0 0.26875 0.7854166666666667 0.0421875 0.17916666666666667
0 0.55625 0.35555555555555557 0.0296875 0.08611111111111111
0 0.1734375 0.6729166666666667 0.0453125 0.1625
0 0.45625 0.3638888888888889 0.03125 0.08055555555555556
0 0.519140625 0.4638888888888889 0.02578125 0.10555555555555556
0 0.511328125 0.9375 0.05859375 0.125
0 0.341015625 0.6597222222222222 0.03203125 0.1527777777777778
0 0.309375 0.9388888888888889 0.046875 0.11666666666666667
0 0.603125 0.2326388888888889 0.0171875 0.0625
0 0.50078125 0.49166666666666664 0.0328125 0.10833333333333334
0 0.237109375 0.9361111111111111 0.06015625 0.125
0 0.63515625 0.2465277777777778 0.0203125 0.0763888888888889
0 0.205859375 0.8520833333333333 0.05390625 0.17916666666666667
0 0.348046875 0.2548611111111111 0.01640625 0.07083333333333333
0 0.166796875 0.8104166666666667 0.04921875 0.17916666666666667
0 0.341015625 0.28055555555555556 0.01796875 0.06388888888888888
1 0.433984375 0.4666666666666667 0.07109375 0.1361111111111111
1 0.6765625 0.8236111111111111 0.215625 0.25833333333333336
1 0.315625 0.35347222222222224 0.0796875 0.0875
1 0.425390625 0.6868055555555556 0.08984375 0.22083333333333333
1 0.393359375 0.25416666666666665 0.03359375 0.07222222222222222
1 0.9578125 0.8930555555555556 0.0703125 0.20833333333333334
1 0.457421875 0.15763888888888888 0.02734375 0.06527777777777778
3 0.705078125 0.4527777777777778 0.13203125 0.24722222222222223
3 0.526171875 0.22708333333333333 0.04453125 0.10694444444444444
0 0.490234375 0.42986111111111114 0.02109375 0.06527777777777778
