0 0.1265625 0.6083333333333333 0.0546875 0.15833333333333333
0 0.360546875 0.22708333333333333 0.01640625 0.06805555555555555
0 0.56328125 0.2708333333333333 0.01875 0.06944444444444445
0 0.508984375 0.2222222222222222 0.01484375 0.04722222222222222
0 0.591015625 0.18055555555555555 0.01484375 0.044444444444444446
1 0.559765625 0.34305555555555556 0.05546875 0.08888888888888889
1 0.3171875 0.43472222222222223 0.09375 0.15833333333333333
1 0.4125 0.16458333333333333 0.0296875 0.04583333333333333
1 0.518359375 0.12361111111111112 0.02109375 0.03611111111111111
1 0.54140625 0.12152777777777778 0.01875 0.02638888888888889
1 0.516015625 0.10277777777777777 0.02109375 0.03333333333333333
1 0.48984375 0.14583333333333334 0.028125 0.03888888888888889
3 0.458984375 0.15486111111111112 0.03515625 0.09583333333333334
3 0.5296875 0.16458333333333333 0.0296875 0.0763888888888889
