0 0.355078125 0.2534722222222222 0.01484375 0.06527777777777778
0 0.305859375 0.36527777777777776 0.02265625 0.09444444444444444
0 0.3390625 0.3798611111111111 0.0234375 0.10138888888888889
0 0.23515625 0.45 0.028125 0.12222222222222222
0 0.594140625 0.21319444444444444 0.01171875 0.05694444444444444
0 0.632421875 0.2652777777777778 0.01171875 0.058333333333333334
1 0.4109375 0.25416666666666665 0.0328125 0.06944444444444445
1 0.446484375 0.29305555555555557 0.03828125 0.08055555555555556
3 0.586328125 0.3972222222222222 0.08828125 0.18333333333333332
3 0.54140625 0.21805555555555556 0.059375 0.13055555555555556
0 0.333984375 0.30486111111111114 0.01484375 0.05138888888888889
