0 0.369921875 0.8673611111111111 0.05546875 0.15138888888888888
0 0.73828125 0.7013888888888888 0.034375 0.10555555555555556
0 0.674609375 0.42569444444444443 0.02421875 0.06527777777777778
0 0.448828125 0.85625 0.05078125 0.14583333333333334
0 0.728125 0.4527777777777778 0.0234375 0.06666666666666667
0 0.800390625 0.6875 0.03515625 0.10555555555555556
0 0.61171875 0.7569444444444444 0.034375 0.12222222222222222
0 0.855859375 0.5361111111111111 0.02890625 0.07777777777777778
0 0.626953125 0.9090277777777778 0.05078125 0.14305555555555555
0 0.7140625 0.40555555555555556 0.021875 0.058333333333333334
0 0.493359375 0.7583333333333333 0.04296875 0.12777777777777777
0 0.85625 0.7583333333333333 0.040625 0.13333333333333333
0 0.84765625 0.45069444444444445 0.021875 0.0625
0 0.83828125 0.6326388888888889 0.034375 0.10416666666666667
0 0.40703125 0.7027777777777777 0.046875 0.12222222222222222
0 0.869140625 0.4909722222222222 0.02578125 0.06805555555555555
0 0.4578125 0.7298611111111111 0.0375 0.11527777777777778
0 0.66796875 0.7145833333333333 0.034375 0.10138888888888889
0 0.739453125 0.3972222222222222 0.01953125 0.05555555555555555
0 0.76015625 0.45902777777777776 0.0234375 0.06527777777777778
0 0.6609375 0.4736111111111111 0.025 0.07222222222222222
0 0.801171875 0.46111111111111114 0.02265625 0.06388888888888888
0 0.828515625 0.46458333333333335 0.02265625 0.06527777777777778
0 0.222265625 0.9229166666666667 0.07109375 0.14305555555555555
0 0.81015625 0.5444444444444444 0.028125 0.08055555555555556
0 0.8546875 0.8826388888888889 0.040625 0.14583333333333334
0 0.7796875 0.6194444444444445 0.0296875 0.08888888888888889
0 0.809375 0.9375 0.053125 0.10833333333333334
0 0.70390625 0.8131944444444444 0.040625 0.1375
0 0.2125 0.8708333333333333 0.0625 0.15
0 0.77421875 0.8256944444444444 0.034375 0.12083333333333333
0 0.8859375 0.3909722222222222 0.0234375 0.05694444444444444
0 0.401171875 0.95 0.05390625 0.08611111111111111
0 0.759765625 0.9479166666666666 0.05078125 0.0875
0 0.673828125 0.9222222222222223 0.04609375 0.125
0 0.903125 0.9486111111111111 0.05625 0.09444444444444444
0 0.65 0.8375 0.0390625 0.13333333333333333
0 0.737109375 0.8680555555555556 0.04453125 0.14166666666666666
0 0.791015625 0.4236111111111111 0.01796875 0.05555555555555555
0 0.764453125 0.40694444444444444 0.01484375 0.04722222222222222
0 0.77421875 0.4388888888888889 0.01875 0.058333333333333334
1 0.16015625 0.6840277777777778 0.1375 0.12916666666666668
1 0.5421875 0.47638888888888886 0.0609375 0.08611111111111111
1 0.31484375 0.6548611111111111 0.1078125 0.12361111111111112
1 0.458203125 0.48819444444444443 0.05546875 0.07916666666666666
1 0.653125 0.6409722222222223 0.0609375 0.09861111111111111
1 0.523828125 0.5902777777777778 0.06953125 0.11666666666666667
1 0.6140625 0.53125 0.0609375 0.10138888888888889
