1 0.239453125 0.625 0.12578125 0.2222222222222222
0 0.733984375 0.6631944444444444 0.05234375 0.1763888888888889
0 0.94453125 0.7965277777777777 0.0921875 0.1875
0 0.280078125 0.3597222222222222 0.02265625 0.08333333333333333
0 0.33203125 0.2513888888888889 0.015625 0.058333333333333334
0 0.662109375 0.31527777777777777 0.02265625 0.07777777777777778
0 0.724609375 0.35555555555555557 0.02734375 0.1
0 0.65703125 0.2569444444444444 0.021875 0.05555555555555555
0 0.34921875 0.23402777777777778 0.0203125 0.043055555555555555
1 0.421875 0.3680555555555556 0.059375 0.14166666666666666
3 0.574609375 0.31666666666666665 0.07421875 0.2
1 0.3984375 0.23680555555555555 0.0453125 0.0763888888888889
1 0.544140625 0.2388888888888889 0.03984375 0.06388888888888888
1 0.45546875 0.17291666666666666 0.021875 0.04861111111111111
3 0.5796875 0.1701388888888889 0.0359375 0.07916666666666666
