0 0.862890625 0.40902777777777777 0.02265625 0.05694444444444444
0 0.44765625 0.8541666666666666 0.0578125 0.14722222222222223
0 0.743359375 0.42291666666666666 0.01953125 0.05416666666666667
0 0.6125 0.6173611111111111 0.03125 0.09027777777777778
0 0.7640625 0.4388888888888889 0.021875 0.06111111111111111
0 0.78359375 0.40625 0.0203125 0.05416666666666667
0 0.391796875 0.6722222222222223 0.04765625 0.11944444444444445
0 0.80703125 0.42291666666666666 0.01875 0.05694444444444444
0 0.826171875 0.4111111111111111 0.01953125 0.05555555555555555
0 0.751171875 0.5020833333333333 0.02734375 0.07361111111111111
0 0.8390625 0.4597222222222222 0.025 0.06666666666666667
0 0.47734375 0.7013888888888888 0.046875 0.11944444444444445
0 0.712109375 0.5506944444444445 0.03203125 0.08194444444444444
0 0.643359375 0.7305555555555555 0.04296875 0.11666666666666667
0 0.57578125 0.7 0.0421875 0.1111111111111111
0 0.85234375 0.36875 0.01875 0.043055555555555555
0 0.72109375 0.4465277777777778 0.021875 0.059722222222222225
0 0.672265625 0.65625 0.03828125 0.10138888888888889
0 0.678125 0.475 0.0265625 0.07222222222222222
0 0.705078125 0.4888888888888889 0.02265625 0.06388888888888888
0 0.29765625 0.8215277777777777 0.0640625 0.14583333333333334
0 0.58203125 0.6 0.0328125 0.08611111111111111
0 0.5828125 0.5458333333333333 0.03125 0.075
0 0.77421875 0.34930555555555554 0.015625 0.04027777777777778
0 0.798828125 0.3951388888888889 0.01796875 0.04861111111111111
0 0.83671875 0.33541666666666664 0.015625 0.0375
2 0.473828125 0.5159722222222223 0.09140625 0.12083333333333333
1 0.726171875 0.3958333333333333 0.03671875 0.05277777777777778
1 0.5953125 0.40555555555555556 0.0390625 0.06111111111111111
1 0.6390625 0.3819444444444444 0.0390625 0.058333333333333334
1 0.333203125 0.5569444444444445 0.08828125 0.09444444444444444
1 0.610546875 0.34930555555555554 0.02734375 0.043055555555555555
1 0.580078125 0.36736111111111114 0.03203125 0.04861111111111111
1 0.629296875 0.3236111111111111 0.02734375 0.03888888888888889
1 0.698828125 0.33611111111111114 0.03046875 0.044444444444444446
