0 0.65078125 0.32569444444444445 0.0203125 0.08472222222222223
0 0.78203125 0.6701388888888888 0.0359375 0.1486111111111111
0 0.683203125 0.36527777777777776 0.02578125 0.08611111111111111
0 0.285546875 0.6194444444444445 0.03046875 0.14722222222222223
0 0.0796875 0.6479166666666667 0.0421875 0.1375
0 0.66171875 0.4083333333333333 0.0203125 0.09722222222222222
0 0.502734375 0.3423611111111111 0.02734375 0.09305555555555556
0 0.348828125 0.2833333333333333 0.01796875 0.075
0 0.246875 0.5736111111111111 0.03125 0.13333333333333333
0 0.604296875 0.27291666666666664 0.01640625 0.07916666666666666
0 0.265234375 0.4625 0.02734375 0.11666666666666667
0 0.305078125 0.5229166666666667 0.02734375 0.12916666666666668
0 0.204296875 0.37083333333333335 0.04453125 0.09444444444444444
0 0.080859375 0.38125 0.05546875 0.08472222222222223
0 0.383203125 0.21805555555555556 0.01796875 0.06666666666666667
0 0.76875 0.5104166666666666 0.0390625 0.1125
0 0.278125 0.2986111111111111 0.0234375 0.07222222222222222
0 0.009375 0.3388888888888889 0.0171875 0.08611111111111111
1 0.120703125 0.5347222222222222 0.12421875 0.14722222222222223
1 0.3234375 0.36875 0.065625 0.09583333333333334
1 0.555859375 0.3090277777777778 0.04609375 0.08472222222222223
1 0.455859375 0.2701388888888889 0.03984375 0.07916666666666666
1 0.402734375 0.30972222222222223 0.04453125 0.07777777777777778
1 0.457421875 0.20069444444444445 0.01953125 0.0625
3 0.456640625 0.5493055555555556 0.16796875 0.44027777777777777
