0 0.917578125 0.61875 0.04765625 0.15416666666666667
0 0.79140625 0.5458333333333333 0.04375 0.14444444444444443
0 0.840625 0.8256944444444444 0.0640625 0.19027777777777777
0 0.791796875 0.4513888888888889 0.03515625 0.10277777777777777
0 0.391796875 0.16944444444444445 0.01484375 0.044444444444444446
0 0.806640625 0.4215277777777778 0.02890625 0.09583333333333334
0 0.739453125 0.36875 0.02421875 0.08194444444444444
0 0.61875 0.18888888888888888 0.0140625 0.044444444444444446
1 0.626953125 0.8375 0.17734375 0.2916666666666667
1 0.550390625 0.325 0.05703125 0.09166666666666666
1 0.60234375 0.5055555555555555 0.10625 0.17777777777777778
1 0.612890625 0.24166666666666667 0.03359375 0.058333333333333334
1 0.579296875 0.18680555555555556 0.03203125 0.05416666666666667
2 0.68203125 0.3263888888888889 0.128125 0.2361111111111111
3 0.541015625 0.1986111111111111 0.04921875 0.11666666666666667
