4 0.64453125 0.45555555555555555 0.0263671875 0.13090277777777778
4 0.36484375 0.4597222222222222 0.0326171875 0.1607638888888889
4 0.07421875 0.7479166666666667 0.078125 0.21770833333333334
4 0.1296875 0.5375 0.0638671875 0.11354166666666667
4 0.076953125 0.3993055555555556 0.06875 0.08506944444444445
4 0.208203125 0.275 0.0546875 0.04131944444444444
4 0.273046875 0.41041666666666665 0.0228515625 0.09583333333333334
4 0.308203125 0.4173611111111111 0.0349609375 0.12604166666666666
4 0.258203125 0.3423611111111111 0.03046875 0.06527777777777778
4 0.323046875 0.3215277777777778 0.0291015625 0.08194444444444444
4 0.372265625 0.28194444444444444 0.02578125 0.07777777777777778
4 0.596484375 0.21458333333333332 0.0181640625 0.05555555555555555
4 0.226953125 0.4173611111111111 0.0271484375 0.09722222222222222
4 0.35234375 0.2534722222222222 0.015625 0.060069444444444446
4 0.408203125 0.22916666666666666 0.0193359375 0.058680555555555555
5 0.437109375 0.25 0.046875 0.10069444444444445
