0 0.1125 0.8798611111111111 0.0578125 0.22083333333333333
0 0.65859375 0.4041666666666667 0.0203125 0.08888888888888889
0 0.245703125 0.8076388888888889 0.05390625 0.20972222222222223
0 0.38046875 0.2388888888888889 0.0125 0.058333333333333334
0 0.688671875 0.4618055555555556 0.02578125 0.10416666666666667
0 0.57265625 0.18541666666666667 0.0109375 0.05416666666666667
0 0.634375 0.29583333333333334 0.015625 0.06388888888888888
0 0.34921875 0.24375 0.0140625 0.0625
3 0.438671875 0.2590277777777778 0.04921875 0.14027777777777778
3 0.537109375 0.19305555555555556 0.02265625 0.044444444444444446
1 0.51875 0.22777777777777777 0.025 0.041666666666666664
