0 0.234765625 0.6951388888888889 0.04140625 0.1763888888888889
0 0.543359375 0.7319444444444444 0.04453125 0.15833333333333333
0 0.459765625 0.5652777777777778 0.03203125 0.12777777777777777
0 0.5078125 0.5479166666666667 0.025 0.12083333333333333
0 0.544921875 0.48680555555555555 0.03203125 0.11527777777777778
1 0.420703125 0.38680555555555557 0.06171875 0.12638888888888888
0 0.489453125 0.41805555555555557 0.02578125 0.09722222222222222
0 0.516015625 0.425 0.02265625 0.08611111111111111
0 0.517578125 0.3506944444444444 0.02265625 0.07361111111111111
1 0.444921875 0.3034722222222222 0.03828125 0.07361111111111111
1 0.471875 0.23333333333333334 0.028125 0.058333333333333334
0 0.410546875 0.30416666666666664 0.01796875 0.06388888888888888
0 0.39296875 0.3333333333333333 0.015625 0.058333333333333334
