3 0.29609375 0.2298611111111111 0.0796875 0.11805555555555555
3 0.6328125 0.2076388888888889 0.078125 0.0763888888888889
2 0.628125 0.7236111111111111 0.1625 0.35555555555555557
2 0.701171875 0.2881944444444444 0.04296875 0.0875
2 0.6375 0.2652777777777778 0.0484375 0.075
1 0.54375 0.4270833333333333 0.0671875 0.1125
1 0.611328125 0.3375 0.04453125 0.08333333333333333
1 0.536328125 0.33819444444444446 0.04765625 0.06527777777777778
1 0.52109375 0.2875 0.0359375 0.05
0 0.754296875 0.4125 0.02109375 0.06388888888888888
