0 0.30234375 0.3277777777777778 0.0359375 0.07777777777777778
0 0.385546875 0.22847222222222222 0.02265625 0.059722222222222225
0 0.4140625 0.21805555555555556 0.0203125 0.06111111111111111
0 0.5265625 0.24375 0.0171875 0.05416666666666667
0 0.56484375 0.24930555555555556 0.0203125 0.05694444444444444
0 0.599609375 0.20694444444444443 0.01640625 0.04722222222222222
0 0.66640625 0.23402777777777778 0.0234375 0.04583333333333333
0 0.795703125 0.44166666666666665 0.03359375 0.10833333333333334
0 0.78671875 0.5784722222222223 0.046875 0.11805555555555555
3 0.462890625 0.24513888888888888 0.06484375 0.1597222222222222
3 0.638671875 0.41597222222222224 0.15078125 0.3763888888888889
