3 0.19140625 0.47847222222222224 0.1265625 0.2708333333333333
3 0.241796875 0.20833333333333334 0.06171875 0.08333333333333333
1 0.634375 0.4201388888888889 0.06875 0.09305555555555556
2 0.8640625 0.7743055555555556 0.2703125 0.43472222222222223
0 0.771875 0.4263888888888889 0.028125 0.08888888888888889
0 0.699609375 0.32430555555555557 0.01640625 0.059722222222222225
0 0.703515625 0.2861111111111111 0.01328125 0.03611111111111111
0 0.369921875 0.22916666666666666 0.02578125 0.03888888888888889
0 0.433203125 0.21875 0.02890625 0.04027777777777778
0 0.475390625 0.22569444444444445 0.02734375 0.0375
0 0.5390625 0.2326388888888889 0.028125 0.034722222222222224
3 0.686328125 0.19444444444444445 0.14296875 0.1
2 0.15234375 0.18472222222222223 0.040625 0.08055555555555556
