0 0.181640625 0.3798611111111111 0.05390625 0.09027777777777778
0 0.1125 0.51875 0.0671875 0.10416666666666667
0 0.385546875 0.24375 0.01796875 0.07361111111111111
0 0.7234375 0.41041666666666665 0.028125 0.09583333333333334
0 0.596875 0.27291666666666664 0.01875 0.07083333333333333
0 0.3546875 0.24791666666666667 0.01875 0.0763888888888889
0 0.2625 0.5375 0.03125 0.13333333333333333
0 0.103515625 0.7152777777777778 0.06015625 0.17222222222222222
0 0.345703125 0.41944444444444445 0.02578125 0.11666666666666667
0 0.822265625 0.9201388888888888 0.05234375 0.1597222222222222
0 0.625390625 0.31180555555555556 0.02421875 0.0763888888888889
0 0.970703125 0.93125 0.05234375 0.1375
0 0.574609375 0.23194444444444445 0.02109375 0.058333333333333334
0 0.973046875 0.8034722222222223 0.05390625 0.13472222222222222
0 0.89453125 0.9548611111111112 0.065625 0.09027777777777778
0 0.705078125 0.3506944444444444 0.02734375 0.07916666666666666
0 0.681640625 0.4791666666666667 0.05078125 0.10277777777777777
0 0.759765625 0.4465277777777778 0.03203125 0.09305555555555556
1 0.31640625 0.7694444444444445 0.2375 0.25555555555555554
1 0.6453125 0.3923611111111111 0.0796875 0.11527777777777778
1 0.6671875 0.7423611111111111 0.103125 0.20416666666666666
1 0.410546875 0.18541666666666667 0.02734375 0.059722222222222225
2 0.542578125 0.1701388888888889 0.03984375 0.0875
3 0.823828125 0.6722222222222223 0.22109375 0.3861111111111111
3 0.4546875 0.24305555555555555 0.0375 0.1
3 0.41796875 0.39791666666666664 0.1015625 0.2708333333333333
