0 0.739453125 0.41875 0.02265625 0.09305555555555556
0 0.64140625 0.3458333333333333 0.01875 0.07222222222222222
0 0.319140625 0.32430555555555557 0.01796875 0.07361111111111111
0 0.409765625 0.24444444444444444 0.01484375 0.05
0 0.5734375 0.19375 0.0109375 0.0375
0 0.61015625 0.23055555555555557 0.0109375 0.05
0 0.395703125 0.19375 0.01015625 0.04583333333333333
2 0.372265625 0.31527777777777777 0.06171875 0.1361111111111111
1 0.523828125 0.24930555555555556 0.03828125 0.05416666666666667
3 0.45078125 0.25277777777777777 0.059375 0.16666666666666666
3 0.56953125 0.4305555555555556 0.0765625 0.18333333333333332
3 0.529296875 0.1875 0.03671875 0.075
