1 0.357421875 0.5909722222222222 0.10703125 0.20416666666666666
0 0.569921875 0.5381944444444444 0.02578125 0.11527777777777778
0 0.332421875 0.48194444444444445 0.02109375 0.09722222222222222
0 0.36015625 0.37222222222222223 0.0203125 0.075
0 0.3984375 0.325 0.015625 0.07222222222222222
0 0.491015625 0.37430555555555556 0.01953125 0.08472222222222223
0 0.519140625 0.3625 0.01796875 0.08611111111111111
1 0.465234375 0.24930555555555556 0.03203125 0.06527777777777778
1 0.431640625 0.32222222222222224 0.04921875 0.08888888888888889
0 0.5171875 0.30625 0.0140625 0.04583333333333333
0 0.5265625 0.2743055555555556 0.015625 0.04861111111111111
