0 0.291796875 0.63125 0.08359375 0.13472222222222222
0 0.104296875 0.49166666666666664 0.06953125 0.10555555555555556
0 0.18359375 0.6979166666666666 0.0984375 0.14305555555555555
0 0.43125 0.31319444444444444 0.01875 0.08194444444444444
0 0.59765625 0.39861111111111114 0.053125 0.09166666666666666
0 0.82109375 0.5618055555555556 0.059375 0.10694444444444444
0 0.77734375 0.9111111111111111 0.0484375 0.16944444444444445
0 0.53359375 0.3 0.0203125 0.07777777777777778
0 0.34453125 0.4930555555555556 0.059375 0.10833333333333334
0 0.191796875 0.49444444444444446 0.06796875 0.10833333333333334
0 0.84765625 0.48125 0.059375 0.09583333333333334
0 0.542578125 0.9201388888888888 0.06328125 0.14027777777777778
0 0.75390625 0.4534722222222222 0.0640625 0.09583333333333334
0 0.609375 0.5590277777777778 0.0671875 0.1125
0 0.380078125 0.41180555555555554 0.05234375 0.09861111111111111
0 0.5171875 0.3638888888888889 0.03125 0.08333333333333333
0 0.243359375 0.38472222222222224 0.04296875 0.09444444444444444
0 0.149609375 0.40625 0.04765625 0.09027777777777778
0 0.55859375 0.2861111111111111 0.01875 0.075
0 0.484765625 0.41458333333333336 0.04921875 0.08472222222222223
0 0.237890625 0.4652777777777778 0.06015625 0.10277777777777777
0 0.198828125 0.42291666666666666 0.05234375 0.09027777777777778
0 0.458203125 0.29444444444444445 0.01796875 0.07222222222222222
0 0.570703125 0.3576388888888889 0.02578125 0.08194444444444444
0 0.310546875 0.32222222222222224 0.01328125 0.041666666666666664
0 0.391796875 0.3416666666666667 0.01953125 0.08333333333333333
0 0.90703125 0.5493055555555556 0.05625 0.09861111111111111
0 0.32734375 0.3958333333333333 0.0453125 0.08055555555555556
0 0.348046875 0.28402777777777777 0.01640625 0.06527777777777778
0 0.58984375 0.28055555555555556 0.0125 0.05277777777777778
0 0.181640625 0.3659722222222222 0.04296875 0.08472222222222223
0 0.315625 0.45069444444444445 0.0421875 0.10972222222222222
0 0.4796875 0.2965277777777778 0.021875 0.05694444444444444
0 0.088671875 0.4354166666666667 0.05859375 0.0875
1 0.399609375 0.28402777777777777 0.03828125 0.0763888888888889
1 0.6125 0.2638888888888889 0.0328125 0.06111111111111111
0 0.33203125 0.3729166666666667 0.0296875 0.0625
0 0.321875 0.29583333333333334 0.0125 0.06388888888888888
0 0.36484375 0.2847222222222222 0.0109375 0.06388888888888888
0 0.4625 0.3798611111111111 0.03125 0.06805555555555555
