4 0.33359375 0.6944444444444444 0.0748046875 0.18854166666666666
5 0.257421875 0.4951388888888889 0.1359375 0.23159722222222223
4 0.257421875 0.35694444444444445 0.025 0.08090277777777778
4 0.294140625 0.35625 0.0275390625 0.065625
4 0.3 0.27847222222222223 0.028515625 0.07604166666666666
4 0.328125 0.2902777777777778 0.025390625 0.06909722222222223
4 0.383984375 0.28125 0.02109375 0.07326388888888889
4 0.4125 0.3298611111111111 0.0310546875 0.08472222222222223
4 0.413671875 0.25833333333333336 0.0275390625 0.08611111111111111
4 0.638671875 0.2743055555555556 0.0181640625 0.06527777777777778
4 0.641015625 0.4513888888888889 0.00078125 0.002777777777777778
4 0.593359375 0.23333333333333334 0.0208984375 0.05486111111111111
4 0.092578125 0.8993055555555556 0.08671875 0.1986111111111111
4 0.3765625 0.22361111111111112 0.0201171875 0.05798611111111111
