4 0.13671875 0.3798611111111111 0.0283203125 0.0875
5 0.74296875 0.6972222222222222 0.1392578125 0.21597222222222223
5 0.594921875 0.7513888888888889 0.1271484375 0.2420138888888889
5 0.547265625 0.5076388888888889 0.075 0.1388888888888889
5 0.617578125 0.3972222222222222 0.05625 0.10069444444444445
5 0.690625 0.2388888888888889 0.0375 0.050694444444444445
5 0.61015625 0.2833333333333333 0.042578125 0.05798611111111111
5 0.651171875 0.2548611111111111 0.0537109375 0.06284722222222222
5 0.5203125 0.32083333333333336 0.053515625 0.08888888888888889
5 0.587109375 0.3111111111111111 0.0490234375 0.06666666666666667
5 0.566015625 0.2652777777777778 0.0384765625 0.05277777777777778
6 0.728515625 0.20277777777777778 0.05234375 0.053125
7 0.45 0.2013888888888889 0.1189453125 0.10520833333333333
4 0.173828125 0.2701388888888889 0.0166015625 0.06388888888888888
