0 0.892578125 0.7965277777777777 0.04765625 0.16805555555555557
0 0.151171875 0.64375 0.03828125 0.1597222222222222
0 0.284765625 0.48125 0.02421875 0.12083333333333333
0 0.7859375 0.47847222222222224 0.0265625 0.1125
0 0.196484375 0.6458333333333334 0.03515625 0.15
0 0.65 0.4673611111111111 0.0265625 0.10972222222222222
0 0.250390625 0.45208333333333334 0.02578125 0.11527777777777778
0 0.379296875 0.38333333333333336 0.02109375 0.09444444444444444
0 0.3453125 0.73125 0.0390625 0.18194444444444444
0 0.496484375 0.3909722222222222 0.02265625 0.09861111111111111
0 0.42734375 0.35555555555555557 0.0203125 0.08611111111111111
0 0.453515625 0.36736111111111114 0.02109375 0.09305555555555556
0 0.405859375 0.4625 0.02734375 0.11666666666666667
0 0.016015625 0.39861111111111114 0.03203125 0.09722222222222222
0 0.39375 0.33958333333333335 0.0203125 0.07916666666666666
0 0.68984375 0.41180555555555554 0.028125 0.10138888888888889
0 0.738671875 0.4527777777777778 0.02734375 0.10833333333333334
0 0.275390625 0.40694444444444444 0.02421875 0.09444444444444444
0 0.407421875 0.2833333333333333 0.01796875 0.06111111111111111
0 0.716015625 0.5034722222222222 0.02890625 0.12083333333333333
0 0.9703125 0.8236111111111111 0.0453125 0.17222222222222222
0 0.369921875 0.2548611111111111 0.01640625 0.0625
0 0.378125 0.28055555555555556 0.015625 0.06666666666666667
1 0.43984375 0.6597222222222222 0.0890625 0.20833333333333334
1 0.519921875 0.22708333333333333 0.03828125 0.06527777777777778
1 0.337890625 0.3388888888888889 0.06328125 0.09166666666666666
1 0.533203125 0.31180555555555556 0.05546875 0.07916666666666666
1 0.457421875 0.21666666666666667 0.02734375 0.058333333333333334
1 0.268359375 0.6708333333333333 0.08359375 0.21944444444444444
3 0.573828125 0.42291666666666666 0.09140625 0.23194444444444445
1 0.647265625 0.9368055555555556 0.17109375 0.12638888888888888
