4 0.70390625 0.2791666666666667 0.01875 0.05520833333333333
5 0.76875 0.7541666666666667 0.194140625 0.30833333333333335
5 0.659375 0.2534722222222222 0.044140625 0.05416666666666667
5 0.57890625 0.6125 0.1091796875 0.22743055555555555
5 0.612109375 0.9069444444444444 0.1771484375 0.16631944444444444
5 0.5265625 0.3784722222222222 0.0548828125 0.10972222222222222
5 0.60234375 0.32430555555555557 0.0455078125 0.060069444444444446
5 0.612890625 0.27291666666666664 0.04140625 0.04583333333333333
5 0.64296875 0.45902777777777776 0.0923828125 0.1517361111111111
5 0.619140625 0.3784722222222222 0.04921875 0.06805555555555555
6 0.44609375 0.21458333333333332 0.1361328125 0.09826388888888889
7 0.636328125 0.225 0.0556640625 0.07708333333333334
