0 0.723046875 0.5319444444444444 0.02421875 0.08055555555555556
0 0.30078125 0.8111111111111111 0.0546875 0.14166666666666666
0 0.612109375 0.5597222222222222 0.02265625 0.07777777777777778
0 0.153125 0.9118055555555555 0.075 0.15694444444444444
0 0.244921875 0.9361111111111111 0.06953125 0.11666666666666667
0 0.597265625 0.7118055555555556 0.03515625 0.11527777777777778
0 0.53515625 0.5784722222222223 0.028125 0.09027777777777778
0 0.8546875 0.5069444444444444 0.0234375 0.06944444444444445
0 0.68515625 0.6180555555555556 0.03125 0.1
0 0.591015625 0.6048611111111111 0.02734375 0.0875
0 0.485546875 0.7305555555555555 0.03828125 0.11944444444444445
0 0.384375 0.7944444444444444 0.046875 0.125
0 0.573046875 0.5465277777777777 0.02421875 0.0763888888888889
0 0.445703125 0.6729166666666667 0.03984375 0.11527777777777778
0 0.7 0.6965277777777777 0.0328125 0.10694444444444444
0 0.503125 0.5652777777777778 0.0265625 0.08333333333333333
0 0.6703125 0.47847222222222224 0.0203125 0.06805555555555555
0 0.5765625 0.8527777777777777 0.0453125 0.14166666666666666
0 0.68984375 0.44583333333333336 0.0203125 0.06666666666666667
0 0.38671875 0.9229166666666667 0.06875 0.13194444444444445
0 0.651171875 0.5381944444444444 0.02734375 0.0875
0 0.792578125 0.4951388888888889 0.02578125 0.06805555555555555
0 0.614453125 0.5097222222222222 0.02265625 0.06666666666666667
0 0.84140625 0.4618055555555556 0.021875 0.0625
0 0.539453125 0.6902777777777778 0.03828125 0.11944444444444445
0 0.71953125 0.4215277777777778 0.01875 0.05416666666666667
0 0.795703125 0.425 0.01953125 0.05555555555555555
0 0.793359375 0.6277777777777778 0.03515625 0.10833333333333334
0 0.713671875 0.4597222222222222 0.02109375 0.06388888888888888
0 0.827734375 0.5069444444444444 0.01953125 0.058333333333333334
0 0.855859375 0.39652777777777776 0.01953125 0.05694444444444444
0 0.443359375 0.5895833333333333 0.02734375 0.07361111111111111
0 0.685546875 0.53125 0.02421875 0.07916666666666666
0 0.35390625 0.8958333333333334 0.059375 0.14444444444444443
0 0.741015625 0.40694444444444444 0.01171875 0.044444444444444446
0 0.823046875 0.3923611111111111 0.01796875 0.05138888888888889
0 0.28515625 0.76875 0.040625 0.12916666666666668
0 0.625 0.46805555555555556 0.01875 0.058333333333333334
0 0.7796875 0.37916666666666665 0.015625 0.05
0 0.84140625 0.38055555555555554 0.0171875 0.05277777777777778
1 0.526953125 0.48125 0.05703125 0.07916666666666666
1 0.582421875 0.38472222222222224 0.03515625 0.044444444444444446
2 0.416015625 0.5006944444444444 0.08359375 0.09305555555555556
1 0.8 0.575 0.09375 0.10555555555555556
1 0.74765625 0.4909722222222222 0.0421875 0.07361111111111111
1 0.636328125 0.4395833333333333 0.03046875 0.0625
2 0.630859375 0.37430555555555556 0.06171875 0.09583333333333334
