0 0.140234375 0.27569444444444446 0.01953125 0.04583333333333333
0 0.34296875 0.22291666666666668 0.0234375 0.04027777777777778
0 0.386328125 0.22708333333333333 0.02421875 0.0375
0 0.425390625 0.2326388888888889 0.02421875 0.0375
0 0.934765625 0.64375 0.04765625 0.14583333333333334
0 0.729296875 0.2569444444444444 0.01328125 0.041666666666666664
3 0.496484375 0.1909722222222222 0.08828125 0.059722222222222225
3 0.582421875 0.4666666666666667 0.17421875 0.4222222222222222
3 0.721875 0.5159722222222223 0.125 0.2763888888888889
3 0.541796875 0.2513888888888889 0.07421875 0.1111111111111111
3 0.675 0.18819444444444444 0.15625 0.07916666666666666
3 0.224609375 0.25763888888888886 0.06015625 0.0875
2 0.20234375 0.19375 0.078125 0.059722222222222225
3 0.644140625 0.24791666666666667 0.04609375 0.0875
