0 0.187890625 0.8305555555555556 0.04296875 0.19722222222222222
0 0.205078125 0.9173611111111111 0.04765625 0.16527777777777777
0 0.4515625 0.6854166666666667 0.034375 0.14027777777777778
0 0.48359375 0.5291666666666667 0.03125 0.11388888888888889
0 0.532421875 0.5368055555555555 0.02734375 0.11527777777777778
0 0.3234375 0.5083333333333333 0.0234375 0.10555555555555556
0 0.34765625 0.43125 0.01875 0.0875
0 0.5109375 0.4361111111111111 0.021875 0.09722222222222222
0 0.50078125 0.29444444444444445 0.01875 0.06111111111111111
0 0.520703125 0.26319444444444445 0.01171875 0.04027777777777778
0 0.53671875 0.24097222222222223 0.015625 0.04027777777777778
1 0.467578125 0.22916666666666666 0.02734375 0.044444444444444446
1 0.490625 0.2 0.0171875 0.030555555555555555
