0 0.728515625 0.43333333333333335 0.02421875 0.1
0 0.65078125 0.3625 0.01875 0.08055555555555556
0 0.3453125 0.35208333333333336 0.0203125 0.08194444444444444
0 0.02109375 0.6659722222222222 0.0421875 0.1625
0 0.20703125 0.4354166666666667 0.0234375 0.09861111111111111
0 0.376171875 0.24097222222222223 0.01328125 0.05416666666666667
0 0.405078125 0.23194444444444445 0.01171875 0.05277777777777778
0 0.14140625 0.5465277777777777 0.025 0.09305555555555556
3 0.409375 0.3951388888888889 0.1015625 0.2375
2 0.193359375 0.6784722222222223 0.18984375 0.38472222222222224
3 0.466796875 0.18541666666666667 0.03203125 0.07083333333333333
0 0.725390625 0.3784722222222222 0.02265625 0.04027777777777778
