0 0.36796875 0.8805555555555555 0.059375 0.16111111111111112
0 0.19765625 0.90625 0.071875 0.15694444444444444
0 0.713671875 0.6326388888888889 0.03359375 0.09861111111111111
0 0.6890625 0.5763888888888888 0.0296875 0.08611111111111111
0 0.6609375 0.6173611111111111 0.034375 0.09861111111111111
0 0.839453125 0.6006944444444444 0.04140625 0.10138888888888889
0 0.829296875 0.7381944444444445 0.03984375 0.12361111111111112
0 0.7390625 0.4708333333333333 0.025 0.07222222222222222
0 0.575 0.6736111111111112 0.0375 0.10277777777777777
0 0.8546875 0.4354166666666667 0.0265625 0.06805555555555555
0 0.806640625 0.4340277777777778 0.02578125 0.07083333333333333
0 0.66875 0.4888888888888889 0.025 0.06944444444444445
0 0.769921875 0.49375 0.02890625 0.07916666666666666
0 0.7109375 0.4652777777777778 0.025 0.06944444444444445
0 0.68984375 0.43472222222222223 0.021875 0.06111111111111111
0 0.7625 0.4465277777777778 0.021875 0.06527777777777778
0 0.8296875 0.4340277777777778 0.025 0.06805555555555555
0 0.6359375 0.4777777777777778 0.0265625 0.07222222222222222
0 0.659765625 0.45208333333333334 0.02109375 0.05694444444444444
0 0.725 0.425 0.015625 0.05555555555555555
1 0.627734375 0.7798611111111111 0.09453125 0.1597222222222222
1 0.479296875 0.7534722222222222 0.09609375 0.1736111111111111
1 0.613671875 0.5458333333333333 0.06640625 0.11388888888888889
1 0.441015625 0.48055555555555557 0.07421875 0.10277777777777777
1 0.571875 0.3958333333333333 0.04375 0.075
1 0.3390625 0.6034722222222222 0.09375 0.11805555555555555
