0 0.59765625 0.7416666666666667 0.0421875 0.11944444444444445
0 0.193359375 0.8520833333333333 0.06640625 0.1597222222222222
0 0.67578125 0.47708333333333336 0.025 0.07083333333333333
0 0.69296875 0.9083333333333333 0.05 0.1361111111111111
0 0.330859375 0.8 0.05390625 0.1361111111111111
0 0.4953125 0.6722222222222223 0.0390625 0.10277777777777777
0 0.78359375 0.5854166666666667 0.034375 0.09583333333333334
0 0.43984375 0.6979166666666666 0.04375 0.12083333333333333
0 0.73984375 0.41944444444444445 0.0203125 0.05277777777777778
0 0.703515625 0.6701388888888888 0.03671875 0.1125
0 0.716796875 0.4666666666666667 0.02265625 0.06666666666666667
0 0.48671875 0.7666666666666667 0.0421875 0.11666666666666667
0 0.651171875 0.5861111111111111 0.03046875 0.08611111111111111
0 0.761328125 0.3972222222222222 0.01796875 0.05
0 0.661328125 0.6409722222222223 0.03203125 0.09583333333333334
0 0.69609375 0.44027777777777777 0.0171875 0.06111111111111111
0 0.82265625 0.3958333333333333 0.0140625 0.05555555555555555
0 0.758984375 0.45694444444444443 0.02265625 0.06111111111111111
0 0.885546875 0.38819444444444445 0.01328125 0.06527777777777778
0 0.8375 0.38333333333333336 0.01875 0.05277777777777778
0 0.71640625 0.42291666666666666 0.01875 0.05138888888888889
0 0.72578125 0.3784722222222222 0.015625 0.04861111111111111
0 0.79140625 0.3993055555555556 0.01875 0.05138888888888889
0 0.744140625 0.3784722222222222 0.01328125 0.04027777777777778
1 0.463671875 0.47847222222222224 0.06484375 0.08194444444444444
1 0.587890625 0.38333333333333336 0.04296875 0.06111111111111111
1 0.617578125 0.35208333333333336 0.03046875 0.04861111111111111
1 0.656640625 0.34930555555555554 0.03203125 0.04861111111111111
1 0.630078125 0.32222222222222224 0.02734375 0.03888888888888889
