0 0.721484375 0.6465277777777778 0.03671875 0.15694444444444444
0 0.042578125 0.38055555555555554 0.05078125 0.08611111111111111
0 0.32265625 0.5222222222222223 0.0265625 0.14166666666666666
0 0.20390625 0.7416666666666667 0.0390625 0.18055555555555555
0 0.346875 0.7451388888888889 0.0390625 0.19583333333333333
0 0.781640625 0.7972222222222223 0.04765625 0.18611111111111112
0 0.874609375 0.7388888888888889 0.05546875 0.14722222222222223
0 0.05625 0.5208333333333334 0.040625 0.11388888888888889
0 0.1765625 0.6576388888888889 0.0375 0.15138888888888888
0 0.542578125 0.4625 0.03984375 0.10833333333333334
0 0.51328125 0.35694444444444445 0.0203125 0.08055555555555556
0 0.73828125 0.5597222222222222 0.0234375 0.125
0 0.67265625 0.5326388888888889 0.0265625 0.12361111111111112
0 0.65078125 0.4888888888888889 0.0296875 0.11388888888888889
0 0.362109375 0.375 0.02421875 0.09166666666666666
0 0.020703125 0.4618055555555556 0.04140625 0.09027777777777778
0 0.751953125 0.46319444444444446 0.03359375 0.1125
0 0.6234375 0.39444444444444443 0.015625 0.09444444444444444
0 0.65703125 0.38680555555555557 0.01875 0.0763888888888889
0 0.68984375 0.43680555555555556 0.025 0.10972222222222222
0 0.5734375 0.3138888888888889 0.01875 0.075
0 0.328125 0.3576388888888889 0.021875 0.08194444444444444
0 0.544140625 0.26944444444444443 0.01796875 0.06666666666666667
0 0.58828125 0.33819444444444446 0.0265625 0.0763888888888889
0 0.331640625 0.45 0.02421875 0.10277777777777777
0 0.721875 0.3715277777777778 0.0265625 0.09305555555555556
1 0.6359375 0.8819444444444444 0.1390625 0.20555555555555555
1 0.26953125 0.38333333333333336 0.1046875 0.09444444444444444
1 0.401171875 0.23680555555555555 0.03359375 0.059722222222222225
1 0.5203125 0.23055555555555557 0.0328125 0.058333333333333334
1 0.455078125 0.27847222222222223 0.04921875 0.12083333333333333
3 0.43359375 0.4576388888888889 0.0734375 0.24583333333333332
3 0.455859375 0.27291666666666664 0.05078125 0.11527777777777778
0 0.3921875 0.42916666666666664 0.015625 0.09444444444444444
1 0.586328125 0.4222222222222222 0.06484375 0.10833333333333334
0 0.5265625 0.41597222222222224 0.0265625 0.07916666666666666
0 0.899609375 0.6881944444444444 0.03359375 0.13472222222222222
0 0.66953125 0.3388888888888889 0.0171875 0.05555555555555555
