0 0.61171875 0.7555555555555555 0.0921875 0.16944444444444445
0 0.148828125 0.6104166666666667 0.08203125 0.1125
0 0.55625 0.5743055555555555 0.0734375 0.12083333333333333
0 0.712109375 0.63125 0.06953125 0.13194444444444445
0 0.501171875 0.6854166666666667 0.07109375 0.14305555555555555
0 0.361328125 0.6277777777777778 0.08515625 0.13055555555555556
0 0.85625 0.5048611111111111 0.06875 0.09861111111111111
0 0.519921875 0.4388888888888889 0.05703125 0.09444444444444444
0 0.87734375 0.5868055555555556 0.053125 0.10694444444444444
0 0.61015625 0.4618055555555556 0.0640625 0.10416666666666667
0 0.09609375 0.48819444444444443 0.0640625 0.09583333333333334
0 0.32265625 0.30277777777777776 0.021875 0.08055555555555556
0 0.805859375 0.6131944444444445 0.05234375 0.12083333333333333
0 0.760546875 0.4777777777777778 0.06015625 0.09444444444444444
0 0.393359375 0.2951388888888889 0.01953125 0.07916666666666666
0 0.316796875 0.5173611111111112 0.06328125 0.10694444444444444
0 0.049609375 0.6319444444444444 0.08046875 0.12777777777777777
0 0.230078125 0.45069444444444445 0.04140625 0.10416666666666667
0 0.283984375 0.32569444444444445 0.01953125 0.07361111111111111
0 0.533984375 0.2701388888888889 0.01640625 0.06527777777777778
0 0.5640625 0.4215277777777778 0.0390625 0.0875
0 0.012890625 0.5611111111111111 0.02578125 0.11944444444444445
0 0.43125 0.28055555555555556 0.015625 0.07222222222222222
0 0.205078125 0.4756944444444444 0.03359375 0.09861111111111111
0 0.32578125 0.42083333333333334 0.059375 0.09444444444444444
0 0.170703125 0.5277777777777778 0.06796875 0.09166666666666666
0 0.02109375 0.5076388888888889 0.0421875 0.1125
0 0.9 0.46597222222222223 0.046875 0.09027777777777778
0 0.13515625 0.43333333333333335 0.0609375 0.075
0 0.4484375 0.22777777777777777 0.0125 0.05555555555555555
0 0.5953125 0.20208333333333334 0.0140625 0.05138888888888889
1 0.189453125 0.39166666666666666 0.11953125 0.11388888888888889
1 0.0265625 0.40625 0.053125 0.09861111111111111
0 0.128125 0.5631944444444444 0.0640625 0.10694444444444444
