0 0.441015625 0.8111111111111111 0.04765625 0.14444444444444443
0 0.676171875 0.49375 0.02578125 0.0763888888888889
0 0.597265625 0.5083333333333333 0.02734375 0.08055555555555556
0 0.825390625 0.38125 0.01796875 0.04861111111111111
0 0.751953125 0.5743055555555555 0.02734375 0.0875
0 0.777734375 0.4888888888888889 0.02421875 0.07222222222222222
0 0.815625 0.9229166666666667 0.0453125 0.12638888888888888
0 0.532421875 0.6027777777777777 0.03515625 0.10277777777777777
0 0.727734375 0.5354166666666667 0.02421875 0.0763888888888889
0 0.605859375 0.9215277777777777 0.03984375 0.12638888888888888
0 0.699609375 0.6194444444444445 0.03359375 0.09722222222222222
0 0.83671875 0.5194444444444445 0.025 0.07777777777777778
0 0.705078125 0.8097222222222222 0.03984375 0.1361111111111111
0 0.76328125 0.4097222222222222 0.0171875 0.05555555555555555
0 0.65390625 0.6284722222222222 0.03125 0.09861111111111111
0 0.719140625 0.45069444444444445 0.01953125 0.0625
0 0.837890625 0.3402777777777778 0.01640625 0.044444444444444446
0 0.7421875 0.4395833333333333 0.01875 0.0625
0 0.660546875 0.8833333333333333 0.03984375 0.14166666666666666
0 0.789453125 0.42083333333333334 0.01953125 0.05
0 0.812890625 0.4534722222222222 0.01953125 0.059722222222222225
0 0.784765625 0.38055555555555554 0.01640625 0.044444444444444446
0 0.803125 0.8131944444444444 0.0421875 0.13194444444444445
0 0.8328125 0.6541666666666667 0.034375 0.10277777777777777
0 0.7625 0.9388888888888889 0.053125 0.10555555555555556
0 0.805859375 0.3125 0.01328125 0.03888888888888889
0 0.842578125 0.46458333333333335 0.02109375 0.0625
0 0.6953125 0.44722222222222224 0.0203125 0.06388888888888888
0 0.790234375 0.3284722222222222 0.01484375 0.043055555555555555
0 0.757421875 0.32083333333333336 0.01484375 0.044444444444444446
0 0.77734375 0.2965277777777778 0.0125 0.0375
1 0.61171875 0.3576388888888889 0.0328125 0.05416666666666667
