7 0.29453125 0.5180555555555556 0.1591796875 0.4701388888888889
7 0.6015625 0.5902777777777778 0.162890625 0.3802083333333333
7 0.5375 0.32708333333333334 0.0861328125 0.19722222222222222
7 0.418359375 0.20347222222222222 0.084375 0.0954861111111111
7 0.5359375 0.20555555555555555 0.115625 0.08402777777777778
5 0.316796875 0.20902777777777778 0.05390625 0.05138888888888889
5 0.626171875 0.27847222222222223 0.05078125 0.060069444444444446
5 0.71484375 0.23958333333333334 0.0517578125 0.05381944444444445
4 0.0421875 0.5263888888888889 0.0498046875 0.1361111111111111
4 0.190234375 0.2798611111111111 0.02265625 0.05451388888888889
