0 0.158984375 0.26944444444444443 0.02109375 0.04722222222222222
0 0.709375 0.31875 0.0203125 0.059722222222222225
0 0.614453125 0.22291666666666668 0.02421875 0.03194444444444444
0 0.41953125 0.22152777777777777 0.021875 0.043055555555555555
0 0.537109375 0.22916666666666666 0.01953125 0.03333333333333333
0 0.4609375 0.2298611111111111 0.025 0.034722222222222224
3 0.31171875 0.31319444444444444 0.128125 0.2513888888888889
3 0.5546875 0.29097222222222224 0.0703125 0.15138888888888888
3 0.1921875 0.19027777777777777 0.0625 0.075
3 0.275390625 0.18194444444444444 0.07734375 0.05555555555555555
1 0.672265625 0.2604166666666667 0.03515625 0.04583333333333333
1 0.658984375 0.24444444444444444 0.03515625 0.058333333333333334
3 0.750390625 0.7131944444444445 0.47265625 0.5708333333333333
2 0.859375 0.6805555555555556 0.28125 0.4666666666666667
