0 0.573046875 0.5881944444444445 0.08046875 0.12083333333333333
0 0.091796875 0.3951388888888889 0.05546875 0.09583333333333334
0 0.494140625 0.5583333333333333 0.06953125 0.10833333333333334
0 0.458203125 0.3798611111111111 0.03515625 0.0875
0 0.544921875 0.28541666666666665 0.01796875 0.07361111111111111
0 0.308984375 0.33611111111111114 0.02109375 0.09444444444444444
0 0.51640625 0.33819444444444446 0.0234375 0.0875
0 0.339453125 0.3 0.01953125 0.07777777777777778
0 0.384375 0.34444444444444444 0.0234375 0.09444444444444444
0 0.931640625 0.4791666666666667 0.07421875 0.10833333333333334
0 0.583984375 0.3645833333333333 0.02890625 0.0875
0 0.416796875 0.3277777777777778 0.01796875 0.07777777777777778
0 0.478515625 0.325 0.01640625 0.08333333333333333
0 0.362109375 0.30972222222222223 0.01640625 0.06944444444444445
0 0.448046875 0.3263888888888889 0.02109375 0.08055555555555556
1 0.588671875 0.5305555555555556 0.15078125 0.13333333333333333
1 0.39921875 0.2847222222222222 0.034375 0.07222222222222222
