1 0.44765625 0.8909722222222223 0.109375 0.1736111111111111
0 0.3359375 0.7784722222222222 0.053125 0.10972222222222222
2 0.73203125 0.4986111111111111 0.0765625 0.18888888888888888
0 0.066015625 0.7597222222222222 0.12109375 0.15833333333333333
0 0.858203125 0.39652777777777776 0.01015625 0.05138888888888889
0 0.8125 0.7513888888888889 0.03125 0.15
1 0.633203125 0.49027777777777776 0.05234375 0.08888888888888889
0 0.844921875 0.6597222222222222 0.02421875 0.11388888888888889
0 0.5015625 0.9180555555555555 0.034375 0.1638888888888889
1 0.075 0.7548611111111111 0.1453125 0.14305555555555555
0 0.835546875 0.49375 0.01171875 0.06805555555555555
1 0.6890625 0.9006944444444445 0.1203125 0.1986111111111111
1 0.47734375 0.5618055555555556 0.0765625 0.10138888888888889
0 0.51484375 0.7020833333333333 0.04375 0.13194444444444445
0 0.646484375 0.7194444444444444 0.03359375 0.125
1 0.6546875 0.36319444444444443 0.0234375 0.04027777777777778
0 0.699609375 0.5895833333333333 0.03515625 0.10694444444444444
0 0.821875 0.47638888888888886 0.01875 0.075
0 0.7921875 0.8145833333333333 0.040625 0.15416666666666667
0 0.330859375 0.9451388888888889 0.05390625 0.10694444444444444
0 0.85625 0.5451388888888888 0.025 0.09305555555555556
0 0.2125 0.9215277777777777 0.065625 0.15694444444444444
0 0.8484375 0.9194444444444444 0.046875 0.16111111111111112
0 0.1265625 0.8159722222222222 0.0515625 0.17916666666666667
0 0.480078125 0.7909722222222222 0.05703125 0.15416666666666667
1 0.297265625 0.6583333333333333 0.12890625 0.13333333333333333
0 0.1625 0.9055555555555556 0.071875 0.17222222222222222
0 0.4375 0.7368055555555556 0.034375 0.12361111111111112
1 0.47109375 0.47430555555555554 0.0640625 0.07083333333333333
1 0.541796875 0.4736111111111111 0.06328125 0.06666666666666667
1 0.52109375 0.43194444444444446 0.0390625 0.044444444444444446
1 0.58515625 0.4013888888888889 0.040625 0.06388888888888888
1 0.290234375 0.5798611111111112 0.08984375 0.06527777777777778
1 0.540625 0.6013888888888889 0.078125 0.1111111111111111
1 0.60703125 0.6506944444444445 0.0625 0.09583333333333334
0 0.657421875 0.5715277777777777 0.02890625 0.08472222222222223
0 0.66796875 0.4326388888888889 0.01875 0.059722222222222225
0 0.409765625 0.7041666666666667 0.02265625 0.12222222222222222
0 0.3578125 0.6833333333333333 0.04375 0.09722222222222222
0 0.810546875 0.6243055555555556 0.02578125 0.09027777777777778
1 0.615625 0.35555555555555557 0.0234375 0.041666666666666664
0 0.80703125 0.4215277777777778 0.0140625 0.05138888888888889
0 0.79296875 0.40208333333333335 0.009375 0.04583333333333333
0 0.771484375 0.4111111111111111 0.01171875 0.044444444444444446
0 0.709765625 0.38819444444444445 0.01171875 0.043055555555555555
0 0.7265625 0.3861111111111111 0.009375 0.04722222222222222
0 0.7453125 0.38958333333333334 0.0109375 0.04027777777777778
0 0.734375 0.3923611111111111 0.0125 0.04027777777777778
0 0.8171875 0.3909722222222222 0.0125 0.04861111111111111
