0 0.49375 0.5368055555555555 0.0734375 0.12361111111111112
0 0.46171875 0.8791666666666667 0.0640625 0.19166666666666668
0 0.66796875 0.30069444444444443 0.01875 0.07361111111111111
0 0.623046875 0.28402777777777777 0.02109375 0.07083333333333333
0 0.598046875 0.7743055555555556 0.04609375 0.17916666666666667
0 0.73203125 0.5625 0.0703125 0.11388888888888889
0 0.73671875 0.49375 0.0734375 0.10694444444444444
0 0.519140625 0.30972222222222223 0.03359375 0.06944444444444445
0 0.269140625 0.35833333333333334 0.02890625 0.09166666666666666
0 0.316015625 0.3277777777777778 0.02421875 0.08611111111111111
0 0.4015625 0.2965277777777778 0.025 0.07361111111111111
0 0.424609375 0.29444444444444445 0.02578125 0.07222222222222222
0 0.36328125 0.3125 0.0234375 0.07777777777777778
0 0.28984375 0.33958333333333335 0.0234375 0.0875
0 0.587890625 0.225 0.01953125 0.05277777777777778
0 0.696875 0.3368055555555556 0.021875 0.07361111111111111
0 0.446875 0.31180555555555556 0.0265625 0.0625
1 0.46875 0.3972222222222222 0.10625 0.09444444444444444
1 0.03359375 0.49166666666666664 0.0671875 0.09444444444444444
1 0.541796875 0.24583333333333332 0.03515625 0.07222222222222222
