0 0.721484375 0.39375 0.01484375 0.04861111111111111
0 0.739453125 0.42083333333333334 0.01640625 0.05
0 0.308203125 0.9236111111111112 0.06328125 0.13333333333333333
0 0.578515625 0.4930555555555556 0.02109375 0.06388888888888888
0 0.433203125 0.7958333333333333 0.04453125 0.1111111111111111
0 0.68828125 0.42569444444444443 0.01875 0.05416666666666667
0 0.425 0.9069444444444444 0.053125 0.12777777777777777
0 0.384375 0.7402777777777778 0.046875 0.11944444444444445
0 0.278125 0.8388888888888889 0.0546875 0.14722222222222223
0 0.73984375 0.5041666666666667 0.021875 0.06666666666666667
0 0.778125 0.5597222222222222 0.0265625 0.08055555555555556
0 0.324609375 0.7520833333333333 0.05234375 0.12638888888888888
0 0.5328125 0.5430555555555555 0.028125 0.075
0 0.50078125 0.9326388888888889 0.0546875 0.11527777777777778
0 0.85625 0.37569444444444444 0.015625 0.04583333333333333
0 0.651171875 0.9493055555555555 0.05234375 0.0875
0 0.742578125 0.36944444444444446 0.01328125 0.041666666666666664
0 0.544140625 0.6569444444444444 0.03515625 0.09722222222222222
0 0.65703125 0.6298611111111111 0.0296875 0.0875
0 0.6875 0.7583333333333333 0.0390625 0.11666666666666667
0 0.7234375 0.5430555555555555 0.0234375 0.075
0 0.825 0.3763888888888889 0.0140625 0.041666666666666664
0 0.8171875 0.5083333333333333 0.025 0.07222222222222222
0 0.770703125 0.5069444444444444 0.01953125 0.058333333333333334
0 0.659375 0.5736111111111111 0.0234375 0.06666666666666667
0 0.7859375 0.3763888888888889 0.0125 0.041666666666666664
0 0.76875 0.3611111111111111 0.0125 0.03888888888888889
0 0.83671875 0.3548611111111111 0.0125 0.0375
1 0.43984375 0.5173611111111112 0.06875 0.08194444444444444
1 0.57421875 0.4097222222222222 0.0421875 0.058333333333333334
1 0.340234375 0.5590277777777778 0.08046875 0.10138888888888889
1 0.64296875 0.3701388888888889 0.0328125 0.05138888888888889
1 0.65703125 0.4930555555555556 0.0515625 0.07777777777777778
1 0.664453125 0.30972222222222223 0.01953125 0.03333333333333333
1 0.63046875 0.2972222222222222 0.0234375 0.03611111111111111
