3 0.194140625 0.7465277777777778 0.38671875 0.5069444444444444
3 0.1890625 0.4930555555555556 0.1890625 0.36666666666666664
3 0.63125 0.6215277777777778 0.2140625 0.4708333333333333
3 0.8484375 0.7159722222222222 0.303125 0.5680555555555555
3 0.536328125 0.3472222222222222 0.07109375 0.1527777777777778
3 0.634765625 0.25833333333333336 0.05078125 0.09166666666666666
3 0.598046875 0.22083333333333333 0.08671875 0.13055555555555556
0 0.438671875 0.3090277777777778 0.01484375 0.05694444444444444
3 0.33984375 0.26666666666666666 0.0828125 0.16666666666666666
3 0.234765625 0.21805555555555556 0.10390625 0.1388888888888889
