0 0.056640625 0.5333333333333333 0.07734375 0.11666666666666667
0 0.86171875 0.9069444444444444 0.065625 0.15833333333333333
0 0.17421875 0.49236111111111114 0.05625 0.10416666666666667
0 0.034765625 0.8451388888888889 0.06953125 0.2152777777777778
0 0.33203125 0.46805555555555556 0.0265625 0.125
0 0.221875 0.6145833333333334 0.0390625 0.14305555555555555
0 0.80078125 0.8284722222222223 0.04375 0.18194444444444444
0 0.082421875 0.38263888888888886 0.05078125 0.09305555555555556
0 0.380078125 0.25833333333333336 0.01953125 0.07222222222222222
0 0.489453125 0.9256944444444445 0.05390625 0.12916666666666668
0 0.341796875 0.2722222222222222 0.02109375 0.08055555555555556
0 0.692578125 0.38263888888888886 0.03046875 0.09861111111111111
0 0.909765625 0.8256944444444444 0.07578125 0.18194444444444444
0 0.580859375 0.25416666666666665 0.01640625 0.06666666666666667
0 0.9484375 0.7145833333333333 0.0484375 0.15416666666666667
0 0.009375 0.6041666666666666 0.01875 0.1111111111111111
0 0.567578125 0.24097222222222223 0.01796875 0.06805555555555555
1 0.2390625 0.8361111111111111 0.26875 0.30277777777777776
1 0.629296875 0.6451388888888889 0.08515625 0.1763888888888889
1 0.61171875 0.33541666666666664 0.053125 0.0875
1 0.403125 0.19583333333333333 0.03125 0.06944444444444445
1 0.6734375 0.4756944444444444 0.0578125 0.12361111111111112
2 0.534375 0.15694444444444444 0.0328125 0.08333333333333333
3 0.77578125 0.6020833333333333 0.1765625 0.37916666666666665
3 0.417578125 0.42430555555555555 0.11953125 0.32916666666666666
3 0.454296875 0.24583333333333332 0.03984375 0.09722222222222222
3 0.534375 0.15694444444444444 0.0328125 0.08333333333333333
3 0.510546875 0.17083333333333334 0.02734375 0.07777777777777778
