0 0.3171875 0.70625 0.0359375 0.19027777777777777
0 0.40390625 0.9131944444444444 0.053125 0.1736111111111111
0 0.507421875 0.9458333333333333 0.05703125 0.10833333333333334
0 0.444921875 0.6652777777777777 0.04140625 0.16944444444444445
0 0.537890625 0.5493055555555556 0.02734375 0.12361111111111112
0 0.48046875 0.5055555555555555 0.028125 0.10277777777777777
0 0.403515625 0.4486111111111111 0.02578125 0.09722222222222222
0 0.3359375 0.49930555555555556 0.021875 0.10138888888888889
0 0.38515625 0.3729166666666667 0.01875 0.0763888888888889
0 0.49765625 0.3527777777777778 0.0171875 0.07222222222222222
0 0.53046875 0.34791666666666665 0.0171875 0.07083333333333333
0 0.4296875 0.2673611111111111 0.0140625 0.05138888888888889
0 0.4875 0.26666666666666666 0.0140625 0.05
0 0.51484375 0.26875 0.009375 0.05416666666666667
0 0.536328125 0.28402777777777777 0.01328125 0.05138888888888889
