0 0.399609375 0.64375 0.04765625 0.15694444444444444
0 0.89453125 0.5583333333333333 0.0703125 0.10277777777777777
0 0.4578125 0.3548611111111111 0.0421875 0.08472222222222223
0 0.584375 0.28402777777777777 0.0171875 0.06805555555555555
0 0.784765625 0.4486111111111111 0.05390625 0.08888888888888889
0 0.0875 0.3972222222222222 0.0484375 0.07777777777777778
0 0.31796875 0.28680555555555554 0.0140625 0.059722222222222225
1 0.115234375 0.47847222222222224 0.15703125 0.1125
1 0.403125 0.4361111111111111 0.134375 0.09444444444444444
1 0.550390625 0.35555555555555557 0.07421875 0.08055555555555556
1 0.626953125 0.2611111111111111 0.04609375 0.058333333333333334
0 0.5296875 0.3215277777777778 0.053125 0.0625
0 0.419140625 0.28888888888888886 0.01328125 0.058333333333333334
0 0.4015625 0.28194444444444444 0.015625 0.05555555555555555
0 0.33203125 0.29375 0.0109375 0.0625
0 0.351171875 0.28958333333333336 0.01171875 0.06805555555555555
0 0.362890625 0.2798611111111111 0.01171875 0.059722222222222225
0 0.37890625 0.28055555555555556 0.0125 0.058333333333333334
1 0.4546875 0.2701388888888889 0.0375 0.07083333333333333
