0 0.25234375 0.41944444444444445 0.0234375 0.10277777777777777
0 0.051953125 0.6708333333333333 0.04765625 0.175
0 0.7609375 0.50625 0.028125 0.10972222222222222
0 0.298046875 0.4222222222222222 0.02421875 0.10555555555555556
0 0.395703125 0.19166666666666668 0.01171875 0.044444444444444446
1 0.44140625 0.21041666666666667 0.034375 0.0763888888888889
2 0.648828125 0.35625 0.10390625 0.19305555555555556
3 0.55859375 0.38055555555555554 0.0703125 0.17222222222222222
2 0.439453125 0.20347222222222222 0.03984375 0.07916666666666666
3 0.51953125 0.20694444444444443 0.028125 0.06666666666666667
0 0.775390625 0.44305555555555554 0.02578125 0.08611111111111111
1 0.58203125 0.2520833333333333 0.034375 0.04861111111111111
