0 0.30078125 0.8666666666666667 0.0671875 0.15833333333333333
0 0.229296875 0.8659722222222223 0.06796875 0.16527777777777777
0 0.66171875 0.47847222222222224 0.0265625 0.07361111111111111
0 0.6609375 0.6298611111111111 0.0375 0.10138888888888889
0 0.380078125 0.8659722222222223 0.06171875 0.15138888888888888
0 0.69296875 0.4736111111111111 0.021875 0.06666666666666667
0 0.721875 0.36736111111111114 0.01875 0.043055555555555555
0 0.5671875 0.7520833333333333 0.05 0.12638888888888888
0 0.805859375 0.55 0.03359375 0.08611111111111111
0 0.859375 0.39444444444444443 0.021875 0.05277777777777778
0 0.8 0.45416666666666666 0.0234375 0.06388888888888888
0 0.70546875 0.5291666666666667 0.0296875 0.08055555555555556
0 0.879296875 0.45416666666666666 0.02890625 0.06388888888888888
0 0.634375 0.5805555555555556 0.0203125 0.08888888888888889
0 0.5703125 0.5770833333333333 0.0359375 0.09583333333333334
0 0.747265625 0.4625 0.01484375 0.06388888888888888
0 0.8484375 0.3541666666666667 0.0171875 0.044444444444444446
0 0.784375 0.4666666666666667 0.01875 0.06666666666666667
0 0.830859375 0.35208333333333336 0.01484375 0.043055555555555555
0 0.76171875 0.36180555555555555 0.0171875 0.043055555555555555
0 0.740625 0.38125 0.01875 0.04583333333333333
1 0.60390625 0.36736111111111114 0.034375 0.05138888888888889
1 0.1046875 0.7701388888888889 0.1890625 0.20416666666666666
1 0.557421875 0.3972222222222222 0.04140625 0.06111111111111111
1 0.6609375 0.38055555555555554 0.0359375 0.05555555555555555
1 0.594921875 0.43194444444444446 0.05078125 0.075
1 0.5203125 0.48819444444444443 0.0609375 0.08194444444444444
1 0.4890625 0.44930555555555557 0.04375 0.07083333333333333
1 0.74609375 0.4236111111111111 0.040625 0.06111111111111111
1 0.66640625 0.32708333333333334 0.025 0.0375
2 0.1046875 0.7701388888888889 0.1890625 0.20416666666666666
0 0.763671875 0.44722222222222224 0.01484375 0.06388888888888888
0 0.623828125 0.5472222222222223 0.01796875 0.09166666666666666
