4 0.246875 0.53125 0.034765625 0.12916666666666668
4 0.7546875 0.4201388888888889 0.0279296875 0.08715277777777777
5 0.571875 0.6020833333333333 0.1107421875 0.21215277777777777
5 0.675390625 0.8881944444444444 0.17421875 0.22083333333333333
5 0.759375 0.6826388888888889 0.1517578125 0.22777777777777777
5 0.534765625 0.4041666666666667 0.059375 0.11666666666666667
5 0.63671875 0.44513888888888886 0.0841796875 0.12881944444444443
6 0.637109375 0.2388888888888889 0.07890625 0.09513888888888888
6 0.53984375 0.26666666666666666 0.0779296875 0.11979166666666667
7 0.619921875 0.32569444444444445 0.0740234375 0.13159722222222223
