0 0.095703125 0.44375 0.02890625 0.09861111111111111
0 0.135546875 0.39444444444444443 0.02265625 0.09722222222222222
0 0.709765625 0.3138888888888889 0.02265625 0.06388888888888888
1 0.24921875 0.2076388888888889 0.0453125 0.043055555555555555
1 0.841015625 0.8402777777777778 0.20703125 0.29444444444444445
3 0.15078125 0.1736111111111111 0.06875 0.08333333333333333
2 0.60390625 0.6472222222222223 0.221875 0.6111111111111112
3 0.521484375 0.2902777777777778 0.05859375 0.11388888888888889
3 0.555859375 0.23819444444444443 0.05234375 0.10694444444444444
3 0.61015625 0.2701388888888889 0.0578125 0.11805555555555555
3 0.73359375 0.2125 0.053125 0.075
3 0.64296875 0.2222222222222222 0.0546875 0.06944444444444445
