0 0.5421875 0.825 0.0421875 0.20277777777777778
0 0.52578125 0.6888888888888889 0.040625 0.14722222222222223
0 0.635546875 0.9333333333333333 0.06484375 0.12777777777777777
0 0.36328125 0.3125 0.0171875 0.08333333333333333
0 0.198828125 0.6138888888888889 0.03203125 0.1388888888888889
0 0.3625 0.6479166666666667 0.0328125 0.16527777777777777
0 0.325 0.5458333333333333 0.028125 0.12777777777777777
0 0.374609375 0.51875 0.02734375 0.12916666666666668
0 0.26796875 0.5868055555555556 0.034375 0.14305555555555555
0 0.39609375 0.3368055555555556 0.0234375 0.08472222222222223
0 0.384375 0.9472222222222222 0.0625 0.10555555555555556
0 0.2921875 0.6305555555555555 0.0421875 0.1388888888888889
0 0.41015625 0.2826388888888889 0.021875 0.0625
0 0.310546875 0.43333333333333335 0.02578125 0.10555555555555556
0 0.38359375 0.4479166666666667 0.025 0.10694444444444444
0 0.38046875 0.21180555555555555 0.0140625 0.059722222222222225
0 0.641015625 0.325 0.02578125 0.07777777777777778
0 0.60390625 0.28125 0.01875 0.06527777777777778
0 0.320703125 0.2298611111111111 0.01796875 0.05694444444444444
0 0.6203125 0.28125 0.0203125 0.0625
1 0.55 0.3111111111111111 0.0453125 0.08333333333333333
1 0.433984375 0.5902777777777778 0.08046875 0.17777777777777778
1 0.457421875 0.2861111111111111 0.03984375 0.08055555555555556
1 0.443359375 0.43680555555555556 0.05703125 0.12361111111111112
1 0.8640625 0.9173611111111111 0.21875 0.16527777777777777
1 0.425 0.21736111111111112 0.0359375 0.059722222222222225
1 0.409765625 0.175 0.02890625 0.04722222222222222
3 0.596484375 0.47847222222222224 0.11015625 0.2652777777777778
3 0.508203125 0.175 0.03203125 0.07777777777777778
1 0.21328125 0.8236111111111111 0.2875 0.2833333333333333
