2 0.197265625 0.8326388888888889 0.26640625 0.3347222222222222
2 0.44609375 0.3 0.04375 0.12777777777777777
0 0.3015625 0.5993055555555555 0.034375 0.14583333333333334
0 0.363671875 0.42777777777777776 0.01640625 0.08611111111111111
0 0.50625 0.3888888888888889 0.01875 0.09444444444444444
0 0.567578125 0.5333333333333333 0.02734375 0.11666666666666667
0 0.479296875 0.5395833333333333 0.03046875 0.12083333333333333
1 0.483203125 0.22777777777777777 0.02578125 0.05277777777777778
0 0.512890625 0.2847222222222222 0.01484375 0.06666666666666667
0 0.49453125 0.29444444444444445 0.0125 0.06111111111111111
