0 0.791796875 0.5340277777777778 0.02734375 0.07361111111111111
0 0.371875 0.7819444444444444 0.05625 0.14444444444444443
0 0.824609375 0.48125 0.02421875 0.07083333333333333
0 0.262890625 0.8701388888888889 0.06328125 0.16527777777777777
0 0.854296875 0.5020833333333333 0.01796875 0.06805555555555555
0 0.683203125 0.6201388888888889 0.03046875 0.09861111111111111
0 0.824609375 0.61875 0.02890625 0.0875
0 0.730859375 0.60625 0.03203125 0.09861111111111111
0 0.488671875 0.6451388888888889 0.03046875 0.09861111111111111
0 0.470703125 0.7736111111111111 0.04609375 0.1361111111111111
0 0.781640625 0.5868055555555556 0.02734375 0.08472222222222223
0 0.607421875 0.6381944444444444 0.03203125 0.09861111111111111
0 0.791796875 0.38263888888888886 0.01953125 0.05138888888888889
0 0.58359375 0.6 0.0265625 0.08888888888888889
0 0.848046875 0.7111111111111111 0.03203125 0.1111111111111111
0 0.289453125 0.7541666666666667 0.05546875 0.13055555555555556
0 0.8171875 0.7805555555555556 0.0359375 0.11944444444444445
0 0.83671875 0.40555555555555556 0.021875 0.05277777777777778
0 0.673828125 0.40625 0.01328125 0.05694444444444444
0 0.8046875 0.6611111111111111 0.03125 0.1
0 0.710546875 0.4951388888888889 0.01953125 0.06805555555555555
0 0.726953125 0.5194444444444445 0.02109375 0.06111111111111111
0 0.458203125 0.6048611111111111 0.03359375 0.08472222222222223
0 0.453125 0.6673611111111111 0.0328125 0.10416666666666667
0 0.7546875 0.37569444444444444 0.01875 0.05138888888888889
0 0.29453125 0.66875 0.04375 0.09583333333333334
0 0.541796875 0.9368055555555556 0.05546875 0.09027777777777778
0 0.523046875 0.5979166666666667 0.01953125 0.059722222222222225
0 0.824609375 0.3638888888888889 0.01796875 0.04722222222222222
0 0.543359375 0.5902777777777778 0.01796875 0.075
0 0.84375 0.46319444444444446 0.0203125 0.059722222222222225
0 0.6125 0.5923611111111111 0.0265625 0.07916666666666666
1 0.2609375 0.6020833333333333 0.1078125 0.1125
1 0.565625 0.4076388888888889 0.04375 0.059722222222222225
1 0.6046875 0.8798611111111111 0.1015625 0.2013888888888889
1 0.53359375 0.7131944444444445 0.08125 0.11805555555555555
1 0.733984375 0.47708333333333336 0.04609375 0.07083333333333333
2 0.641015625 0.5138888888888888 0.05859375 0.13055555555555556
