0 0.541796875 0.6465277777777778 0.03671875 0.15694444444444444
0 0.47109375 0.8375 0.053125 0.18333333333333332
0 0.242578125 0.5611111111111111 0.03203125 0.14166666666666666
0 0.49453125 0.6618055555555555 0.04375 0.15694444444444444
0 0.572265625 0.39375 0.01953125 0.09583333333333334
0 0.591015625 0.35625 0.02109375 0.09305555555555556
0 0.30625 0.29930555555555555 0.0203125 0.08194444444444444
0 0.36015625 0.24305555555555555 0.0203125 0.07222222222222222
0 0.535546875 0.2548611111111111 0.01640625 0.06527777777777778
0 0.680078125 0.3423611111111111 0.02265625 0.0875
0 0.432421875 0.6194444444444445 0.03515625 0.14444444444444443
0 0.6328125 0.3993055555555556 0.025 0.10138888888888889
0 0.59921875 0.24444444444444444 0.01875 0.06666666666666667
0 0.455078125 0.7256944444444444 0.03828125 0.14305555555555555
0 0.403515625 0.2791666666666667 0.01796875 0.07222222222222222
0 0.418359375 0.5458333333333333 0.03046875 0.12222222222222222
0 0.010546875 0.5326388888888889 0.02109375 0.12361111111111112
0 0.575390625 0.2465277777777778 0.01796875 0.0625
0 0.2734375 0.36319444444444443 0.0375 0.08472222222222223
0 0.55546875 0.23125 0.0171875 0.0625
0 0.0109375 0.33958333333333335 0.0203125 0.0875
1 0.47109375 0.5347222222222222 0.1 0.14444444444444443
1 0.342578125 0.44166666666666665 0.08828125 0.11944444444444445
1 0.40078125 0.22777777777777777 0.034375 0.07222222222222222
1 0.36640625 0.33819444444444446 0.0484375 0.08194444444444444
3 0.3234375 0.7430555555555556 0.1703125 0.475
