4 0.850390625 0.8152777777777778 0.1005859375 0.22743055555555555
5 0.380859375 0.6576388888888889 0.11953125 0.2815972222222222
4 0.220703125 0.6104166666666667 0.0703125 0.1375
4 0.078125 0.39791666666666664 0.0609375 0.06388888888888888
4 0.295703125 0.46597222222222223 0.0416015625 0.13055555555555556
4 0.329296875 0.46805555555555556 0.0333984375 0.1076388888888889
4 0.388671875 0.4513888888888889 0.0474609375 0.10277777777777777
4 0.278125 0.3763888888888889 0.028515625 0.078125
4 0.246484375 0.36180555555555555 0.02890625 0.06527777777777778
4 0.313671875 0.3486111111111111 0.0224609375 0.103125
4 0.341015625 0.35 0.0197265625 0.06944444444444445
4 0.08125 0.7458333333333333 0.0498046875 0.14652777777777778
4 0.404296875 0.28125 0.0203125 0.09305555555555556
4 0.440234375 0.2923611111111111 0.0234375 0.07361111111111111
4 0.37890625 0.25833333333333336 0.0140625 0.06944444444444445
4 0.341796875 0.22708333333333333 0.0181640625 0.059722222222222225
4 0.522265625 0.27291666666666664 0.02734375 0.09027777777777778
4 0.30625 0.29791666666666666 0.016015625 0.058333333333333334
4 0.35078125 0.27847222222222223 0.01875 0.06111111111111111
