0 0.1046875 0.7416666666666667 0.103125 0.1527777777777778
0 0.175390625 0.6270833333333333 0.08671875 0.12638888888888888
0 0.591796875 0.25555555555555554 0.01640625 0.07222222222222222
0 0.739453125 0.475 0.06015625 0.1
0 0.5703125 0.4479166666666667 0.059375 0.10694444444444444
0 0.261328125 0.4534722222222222 0.04296875 0.10416666666666667
0 0.691796875 0.5993055555555555 0.06328125 0.12638888888888888
0 0.33828125 0.25972222222222224 0.0171875 0.04722222222222222
0 0.299609375 0.5034722222222222 0.03515625 0.11805555555555555
0 0.103515625 0.5618055555555556 0.07578125 0.11805555555555555
0 0.275 0.5444444444444444 0.0421875 0.11944444444444445
0 0.504296875 0.33611111111111114 0.02734375 0.08055555555555556
0 0.833203125 0.5020833333333333 0.06328125 0.10138888888888889
0 0.395703125 0.26944444444444443 0.01640625 0.07222222222222222
0 0.893359375 0.5631944444444444 0.05703125 0.11527777777777778
0 0.071875 0.4895833333333333 0.0625 0.09861111111111111
0 0.165625 0.47638888888888886 0.0640625 0.09722222222222222
0 0.7921875 0.4513888888888889 0.0421875 0.08888888888888889
0 0.122265625 0.44305555555555554 0.05703125 0.08333333333333333
1 0.2984375 0.3659722222222222 0.0984375 0.09305555555555556
1 0.18984375 0.4215277777777778 0.1046875 0.09583333333333334
0 0.144921875 0.4076388888888889 0.02265625 0.05694444444444444
0 0.323046875 0.29375 0.01328125 0.029166666666666667
