0 0.30859375 0.34791666666666665 0.0203125 0.09305555555555556
0 0.191015625 0.43125 0.02421875 0.10416666666666667
0 0.39921875 0.21041666666666667 0.0140625 0.059722222222222225
0 0.346875 0.2777777777777778 0.015625 0.06666666666666667
0 0.609375 0.22777777777777777 0.0109375 0.041666666666666664
0 0.42578125 0.17291666666666666 0.009375 0.04583333333333333
0 0.624609375 0.2722222222222222 0.01328125 0.05555555555555555
0 0.110546875 0.5833333333333334 0.03515625 0.08333333333333333
1 0.141015625 0.7097222222222223 0.18515625 0.3111111111111111
3 0.465234375 0.16041666666666668 0.03203125 0.0763888888888889
3 0.53359375 0.14444444444444443 0.034375 0.08333333333333333
3 0.267578125 0.8131944444444444 0.28984375 0.3736111111111111
3 0.446875 0.2763888888888889 0.0453125 0.08333333333333333
