0 0.69921875 0.5618055555555556 0.040625 0.12361111111111112
0 0.594140625 0.37430555555555556 0.02734375 0.06527777777777778
0 0.05546875 0.9222222222222223 0.0578125 0.1361111111111111
0 0.583203125 0.2833333333333333 0.02109375 0.058333333333333334
1 0.08984375 0.48194444444444445 0.1546875 0.13333333333333333
1 0.556640625 0.2611111111111111 0.03984375 0.05555555555555555
3 0.399609375 0.4041666666666667 0.16640625 0.17222222222222222
1 0.533984375 0.35 0.08203125 0.09444444444444444
0 0.626953125 0.34652777777777777 0.01953125 0.07361111111111111
0 0.52890625 0.2798611111111111 0.0140625 0.034722222222222224
