0 0.668359375 0.5451388888888888 0.07421875 0.10694444444444444
0 0.595703125 0.575 0.06796875 0.11388888888888889
0 0.4953125 0.6444444444444445 0.0765625 0.12777777777777777
0 0.316796875 0.4909722222222222 0.06484375 0.10694444444444444
0 0.128515625 0.6868055555555556 0.09296875 0.13472222222222222
0 0.379296875 0.65625 0.09140625 0.12916666666666668
0 0.668359375 0.32708333333333334 0.02421875 0.08194444444444444
0 0.2703125 0.6013888888888889 0.0828125 0.125
0 0.065625 0.5055555555555555 0.0578125 0.10277777777777777
0 0.878515625 0.4638888888888889 0.06796875 0.1
0 0.11953125 0.5361111111111111 0.06875 0.11388888888888889
0 0.274609375 0.3972222222222222 0.04296875 0.08611111111111111
0 0.837109375 0.5652777777777778 0.05859375 0.10833333333333334
0 0.3640625 0.43472222222222223 0.053125 0.08611111111111111
0 0.400390625 0.5291666666666667 0.05546875 0.1
0 0.173828125 0.5 0.06640625 0.08333333333333333
0 0.423828125 0.6055555555555555 0.06328125 0.11388888888888889
0 0.255859375 0.44930555555555557 0.03828125 0.07916666666666666
0 0.305078125 0.33819444444444446 0.02578125 0.08472222222222223
0 0.378515625 0.28680555555555554 0.02109375 0.0763888888888889
0 0.348828125 0.29444444444444445 0.01796875 0.07222222222222222
0 0.126953125 0.44027777777777777 0.05859375 0.08888888888888889
0 0.746484375 0.475 0.06328125 0.08611111111111111
0 0.409765625 0.2881944444444444 0.02421875 0.0763888888888889
0 0.050390625 0.5895833333333333 0.06953125 0.11805555555555555
0 0.705859375 0.4375 0.04765625 0.08055555555555556
0 0.31796875 0.2986111111111111 0.01875 0.075
0 0.933984375 0.47430555555555554 0.06953125 0.09027777777777778
0 0.073828125 0.6576388888888889 0.06328125 0.11805555555555555
1 0.5828125 0.3402777777777778 0.103125 0.08611111111111111
1 0.082421875 0.38472222222222224 0.15078125 0.10555555555555556
3 0.5265625 0.2125 0.0328125 0.075
1 0.4546875 0.2590277777777778 0.034375 0.07361111111111111
0 0.18671875 0.4597222222222222 0.0453125 0.08333333333333333
0 0.35546875 0.40208333333333335 0.0578125 0.0763888888888889
