4 0.72265625 0.5034722222222222 0.0408203125 0.11666666666666667
4 0.809765625 0.51875 0.03984375 0.09826388888888889
7 0.558203125 0.2902777777777778 0.0865234375 0.18854166666666666
4 0.345703125 0.3326388888888889 0.02578125 0.0875
4 0.263671875 0.5284722222222222 0.04609375 0.13194444444444445
4 0.26640625 0.42430555555555555 0.042578125 0.07777777777777778
4 0.139453125 0.5465277777777777 0.0421875 0.11006944444444444
4 0.10390625 0.6923611111111111 0.070703125 0.10138888888888889
5 0.38828125 0.2520833333333333 0.0501953125 0.09305555555555556
4 0.33671875 0.25555555555555554 0.0185546875 0.050347222222222224
4 0.450390625 0.24791666666666667 0.0166015625 0.07083333333333333
4 0.096484375 0.8902777777777777 0.07890625 0.21666666666666667
