0 0.130078125 0.5465277777777777 0.03828125 0.15694444444444444
0 0.7359375 0.43472222222222223 0.034375 0.10833333333333334
0 0.708984375 0.34375 0.02578125 0.08194444444444444
0 0.73984375 0.33402777777777776 0.0234375 0.07916666666666666
0 0.56171875 0.3215277777777778 0.028125 0.08194444444444444
0 0.519921875 0.26666666666666666 0.01796875 0.06666666666666667
0 0.527734375 0.24375 0.01328125 0.059722222222222225
0 0.34921875 0.2548611111111111 0.0171875 0.05416666666666667
0 0.567578125 0.15555555555555556 0.01015625 0.027777777777777776
1 0.53984375 0.15208333333333332 0.021875 0.029166666666666667
3 0.22109375 0.6611111111111111 0.3734375 0.6777777777777778
3 0.434375 0.2326388888888889 0.059375 0.14305555555555555
3 0.60078125 0.2388888888888889 0.0546875 0.12777777777777777
