4 0.616796875 0.60625 0.05078125 0.1517361111111111
4 0.875390625 0.5666666666666667 0.0796875 0.18090277777777777
4 0.144921875 0.6006944444444444 0.0734375 0.1986111111111111
4 0.27421875 0.3506944444444444 0.039453125 0.08784722222222222
4 0.34765625 0.41944444444444445 0.0267578125 0.09166666666666666
4 0.36953125 0.30625 0.021875 0.090625
4 0.087109375 0.4125 0.0796875 0.096875
4 0.40546875 0.2611111111111111 0.0265625 0.07847222222222222
4 0.523046875 0.22708333333333333 0.01796875 0.06944444444444445
4 0.6015625 0.18472222222222223 0.0171875 0.05763888888888889
4 0.58359375 0.19652777777777777 0.0185546875 0.06111111111111111
4 0.293359375 0.4597222222222222 0.0302734375 0.11631944444444445
4 0.35703125 0.2263888888888889 0.017578125 0.06458333333333334
4 0.3828125 0.22152777777777777 0.018359375 0.06284722222222222
