1 0.52265625 0.3125 0.0421875 0.07777777777777778
1 0.59921875 0.31180555555555556 0.0421875 0.07083333333333333
1 0.416796875 0.2263888888888889 0.05859375 0.044444444444444446
1 0.21484375 0.21944444444444444 0.03125 0.04722222222222222
3 0.341015625 0.2861111111111111 0.08984375 0.20833333333333334
3 0.095703125 0.21458333333333332 0.05703125 0.09583333333333334
0 0.1703125 0.3486111111111111 0.0296875 0.058333333333333334
0 0.13984375 0.2763888888888889 0.0234375 0.05277777777777778
0 0.15078125 0.24930555555555556 0.015625 0.04583333333333333
2 0.685546875 0.21805555555555556 0.05234375 0.05
3 0.75859375 0.6923611111111111 0.4828125 0.6152777777777778
