1 0.46640625 0.5222222222222223 0.078125 0.1527777777777778
1 0.487109375 0.34375 0.04296875 0.09027777777777778
1 0.25390625 0.8513888888888889 0.1640625 0.2972222222222222
0 0.494140625 0.7180555555555556 0.03359375 0.16666666666666666
0 0.531640625 0.9125 0.04921875 0.175
0 0.159765625 0.8284722222222223 0.05234375 0.24027777777777778
0 0.331640625 0.525 0.02734375 0.125
0 0.358203125 0.38958333333333334 0.01796875 0.07916666666666666
0 0.410546875 0.3326388888888889 0.01953125 0.0875
0 0.5265625 0.27708333333333335 0.01875 0.05694444444444444
