5 0.606640625 0.45416666666666666 0.0900390625 0.14722222222222223
4 0.867578125 0.6097222222222223 0.05546875 0.19791666666666666
4 0.6296875 0.24375 0.0189453125 0.07361111111111111
4 0.67109375 0.28402777777777777 0.021875 0.09444444444444444
4 0.534765625 0.2520833333333333 0.02265625 0.08611111111111111
4 0.08046875 0.4131944444444444 0.0732421875 0.09444444444444444
4 0.3328125 0.325 0.0236328125 0.09930555555555555
4 0.273828125 0.32222222222222224 0.0396484375 0.10069444444444445
4 0.432421875 0.23541666666666666 0.0197265625 0.058333333333333334
4 0.6640625 0.22291666666666668 0.018359375 0.057291666666666664
4 0.451171875 0.23055555555555557 0.0125 0.04756944444444444
