0 0.77734375 0.5034722222222222 0.028125 0.12638888888888888
0 0.11328125 0.6840277777777778 0.04375 0.1763888888888889
0 0.2125 0.43472222222222223 0.028125 0.11666666666666667
0 0.3671875 0.2743055555555556 0.01875 0.059722222222222225
0 0.38046875 0.21388888888888888 0.0109375 0.05277777777777778
0 0.041796875 0.4638888888888889 0.02578125 0.1
1 0.5765625 0.2361111111111111 0.0328125 0.04722222222222222
1 0.42421875 0.19722222222222222 0.034375 0.06944444444444445
3 0.42421875 0.18680555555555556 0.0359375 0.08472222222222223
3 0.527734375 0.1986111111111111 0.02734375 0.06111111111111111
