0 0.32265625 0.38125 0.025 0.09583333333333334
0 0.378515625 0.24166666666666667 0.01796875 0.05555555555555555
0 0.4171875 0.21319444444444444 0.0125 0.05138888888888889
0 0.773046875 0.33402777777777776 0.02109375 0.05694444444444444
3 0.605859375 0.45694444444444443 0.16171875 0.45555555555555555
3 0.426953125 0.3388888888888889 0.06796875 0.16666666666666666
3 0.479296875 0.1527777777777778 0.02890625 0.06944444444444445
0 0.436328125 0.21736111111111112 0.01171875 0.04861111111111111
0 0.4046875 0.2048611111111111 0.0109375 0.04027777777777778
3 0.548046875 0.24166666666666667 0.07109375 0.1527777777777778
