4 0.08125 0.39861111111111114 0.0533203125 0.06319444444444444
4 0.2125 0.2965277777777778 0.058984375 0.06493055555555556
5 0.587109375 0.5270833333333333 0.11171875 0.2111111111111111
5 0.623828125 0.7902777777777777 0.15703125 0.2923611111111111
5 0.717578125 0.4798611111111111 0.12578125 0.18888888888888888
4 0.7453125 0.34375 0.0251953125 0.11284722222222222
5 0.646875 0.32569444444444445 0.0642578125 0.1111111111111111
7 0.566015625 0.3638888888888889 0.08359375 0.15243055555555557
4 0.65703125 0.2743055555555556 0.0248046875 0.06666666666666667
4 0.56484375 0.24722222222222223 0.0341796875 0.05555555555555555
4 0.684375 0.29583333333333334 0.0189453125 0.07777777777777778
4 0.804296875 0.46319444444444446 0.0416015625 0.09722222222222222
