0 0.53984375 0.6534722222222222 0.03125 0.15416666666666667
0 0.467578125 0.65625 0.03359375 0.1486111111111111
0 0.412109375 0.6354166666666666 0.03671875 0.1486111111111111
0 0.294921875 0.5625 0.02890625 0.14722222222222223
0 0.412109375 0.33819444444444446 0.01640625 0.06805555555555555
0 0.48125 0.33194444444444443 0.015625 0.06944444444444445
0 0.5046875 0.38055555555555554 0.015625 0.07777777777777778
0 0.53828125 0.33055555555555555 0.0171875 0.06944444444444445
0 0.506640625 0.3138888888888889 0.01484375 0.058333333333333334
1 0.4921875 0.25277777777777777 0.0328125 0.06666666666666667
