0 0.705078125 0.45 0.01953125 0.08333333333333333
0 0.511328125 0.36527777777777776 0.02265625 0.08611111111111111
0 0.7953125 0.54375 0.03125 0.11527777777777778
0 0.260546875 0.7034722222222223 0.03203125 0.17916666666666667
0 0.6046875 0.42083333333333334 0.0265625 0.09166666666666666
0 0.221875 0.3638888888888889 0.0421875 0.08333333333333333
0 0.634375 0.42083333333333334 0.0265625 0.08888888888888889
0 0.74609375 0.49375 0.0328125 0.1125
0 0.222265625 0.5736111111111111 0.03359375 0.125
0 0.85078125 0.76875 0.05625 0.19027777777777777
0 0.307421875 0.5305555555555556 0.02734375 0.1361111111111111
0 0.675 0.4625 0.0265625 0.10555555555555556
0 0.190234375 0.46458333333333335 0.02421875 0.12361111111111112
0 0.184375 0.4236111111111111 0.03125 0.10277777777777777
0 0.33984375 0.5729166666666666 0.0265625 0.1375
0 0.376171875 0.39375 0.02109375 0.09583333333333334
0 0.21484375 0.49236111111111114 0.028125 0.10694444444444444
0 0.254296875 0.5888888888888889 0.03203125 0.11944444444444445
0 0.85390625 0.4625 0.0609375 0.09444444444444444
0 0.30078125 0.47847222222222224 0.034375 0.12638888888888888
0 0.359765625 0.47638888888888886 0.02890625 0.11944444444444445
0 0.75234375 0.4166666666666667 0.0203125 0.06388888888888888
0 0.396875 0.3423611111111111 0.0203125 0.09861111111111111
0 0.347265625 0.43680555555555556 0.02890625 0.10694444444444444
0 0.705078125 0.39305555555555555 0.01484375 0.044444444444444446
1 0.077734375 0.4875 0.15546875 0.14722222222222223
1 0.558203125 0.3625 0.05390625 0.09444444444444444
1 0.45703125 0.34930555555555554 0.040625 0.1125
1 0.301953125 0.35833333333333334 0.10234375 0.11388888888888889
1 0.6203125 0.6152777777777778 0.134375 0.275
1 0.456640625 0.26944444444444443 0.03046875 0.058333333333333334
3 0.42421875 0.6020833333333333 0.1390625 0.4097222222222222
3 0.76015625 0.875 0.1734375 0.25
1 0.609765625 0.3215277777777778 0.09609375 0.06527777777777778
0 0.5875 0.33819444444444446 0.0234375 0.06527777777777778
0 0.61484375 0.35208333333333336 0.0171875 0.0625
0 0.68046875 0.3902777777777778 0.0203125 0.058333333333333334
0 0.882421875 0.7340277777777777 0.04296875 0.15694444444444444
0 0.776171875 0.4777777777777778 0.02734375 0.09444444444444444
