0 0.35390625 0.9083333333333333 0.0703125 0.15555555555555556
0 0.2609375 0.9090277777777778 0.0671875 0.14583333333333334
0 0.189453125 0.8520833333333333 0.06171875 0.14305555555555555
0 0.85625 0.3784722222222222 0.0171875 0.04583333333333333
0 0.845703125 0.44930555555555557 0.02265625 0.059722222222222225
0 0.51796875 0.6173611111111111 0.0359375 0.09861111111111111
0 0.38515625 0.6625 0.0421875 0.11388888888888889
0 0.77109375 0.4215277777777778 0.0171875 0.05138888888888889
0 0.790234375 0.4486111111111111 0.02109375 0.058333333333333334
0 0.72890625 0.6875 0.0375 0.09166666666666666
0 0.668359375 0.7305555555555555 0.04296875 0.11388888888888889
0 0.589453125 0.6277777777777778 0.03671875 0.09722222222222222
0 0.813671875 0.41180555555555554 0.01484375 0.04583333333333333
0 0.698828125 0.4527777777777778 0.02265625 0.05555555555555555
0 0.8 0.3923611111111111 0.015625 0.043055555555555555
0 0.75234375 0.45208333333333334 0.01875 0.05138888888888889
0 0.80625 0.3416666666666667 0.0140625 0.03611111111111111
0 0.75078125 0.4097222222222222 0.0171875 0.044444444444444446
0 0.8296875 0.35347222222222224 0.0125 0.034722222222222224
0 0.8359375 0.38333333333333336 0.0140625 0.044444444444444446
0 0.730078125 0.4909722222222222 0.03515625 0.07916666666666666
0 0.730078125 0.41805555555555557 0.02890625 0.05277777777777778
1 0.780859375 0.6534722222222222 0.12578125 0.10138888888888889
1 0.5125 0.44930555555555557 0.0484375 0.0625
1 0.58125 0.45069444444444445 0.05 0.07361111111111111
1 0.705078125 0.3763888888888889 0.03359375 0.05555555555555555
1 0.667578125 0.30833333333333335 0.02734375 0.044444444444444446
1 0.730078125 0.41805555555555557 0.02890625 0.05277777777777778
1 0.771875 0.58125 0.128125 0.07083333333333333
