5 0.7828125 0.78125 0.2138671875 0.32048611111111114
5 0.536328125 0.4486111111111111 0.07890625 0.1388888888888889
5 0.5125 0.22708333333333333 0.0578125 0.04895833333333333
5 0.64921875 0.2701388888888889 0.0451171875 0.057291666666666664
5 0.5984375 0.28402777777777777 0.04375 0.05694444444444444
5 0.58203125 0.2423611111111111 0.05 0.05416666666666667
5 0.567578125 0.2701388888888889 0.040625 0.059722222222222225
6 0.672265625 0.4791666666666667 0.1228515625 0.2222222222222222
6 0.596875 0.3215277777777778 0.0408203125 0.08472222222222223
6 0.525 0.33819444444444446 0.0513671875 0.10173611111111111
5 0.262109375 0.2743055555555556 0.05625 0.08159722222222222
