4 0.7984375 0.4618055555555556 0.0357421875 0.09618055555555556
4 0.17265625 0.26944444444444443 0.023828125 0.05590277777777778
4 0.125390625 0.24027777777777778 0.0212890625 0.05243055555555556
5 0.715234375 0.8090277777777778 0.1431640625 0.2625
5 0.653125 0.4895833333333333 0.097265625 0.15729166666666666
5 0.606640625 0.36527777777777776 0.05 0.08576388888888889
5 0.650390625 0.2361111111111111 0.03984375 0.05
5 0.634375 0.26458333333333334 0.03125 0.04583333333333333
6 0.604296875 0.29375 0.05234375 0.09305555555555556
7 0.3484375 0.41041666666666665 0.103515625 0.29270833333333335
7 0.52734375 0.22916666666666666 0.0685546875 0.12569444444444444
