1 0.54375 0.4597222222222222 0.0703125 0.13055555555555556
1 0.733984375 0.6375 0.13984375 0.20555555555555555
1 0.546484375 0.2777777777777778 0.04921875 0.04722222222222222
1 0.635546875 0.26875 0.03828125 0.05138888888888889
1 0.704296875 0.24583333333333332 0.04609375 0.03333333333333333
3 0.21328125 0.21666666666666667 0.0453125 0.08055555555555556
3 0.66171875 0.21319444444444444 0.109375 0.05694444444444444
0 0.330078125 0.22361111111111112 0.02265625 0.03611111111111111
0 0.45546875 0.23680555555555555 0.0265625 0.04583333333333333
0 0.4953125 0.22569444444444445 0.028125 0.034722222222222224
