3 0.23828125 0.6201388888888889 0.4046875 0.7458333333333333
0 0.809375 0.5215277777777778 0.053125 0.12916666666666668
0 0.946875 0.7368055555555556 0.065625 0.19583333333333333
0 0.666796875 0.35 0.03984375 0.10277777777777777
0 0.469921875 0.2548611111111111 0.03984375 0.07083333333333333
0 0.29765625 0.3055555555555556 0.025 0.05277777777777778
0 0.030859375 0.5368055555555555 0.06171875 0.12916666666666668
1 0.387109375 0.20277777777777778 0.04453125 0.08611111111111111
0 0.415234375 0.23541666666666666 0.01484375 0.0375
3 0.52890625 0.19166666666666668 0.046875 0.09444444444444444
3 0.59296875 0.17708333333333334 0.0703125 0.14305555555555555
3 0.460546875 0.14375 0.06796875 0.043055555555555555
