3 0.265234375 0.6340277777777777 0.28984375 0.7236111111111111
3 0.190625 0.19166666666666668 0.0609375 0.10833333333333334
3 0.69453125 0.22847222222222222 0.0703125 0.08472222222222223
1 0.183984375 0.475 0.08828125 0.1527777777777778
0 0.423046875 0.22777777777777777 0.02109375 0.041666666666666664
0 0.433984375 0.22361111111111112 0.01640625 0.03888888888888889
0 0.5796875 0.25277777777777777 0.025 0.041666666666666664
0 0.548046875 0.23819444444444443 0.02890625 0.0375
0 0.533203125 0.22569444444444445 0.02421875 0.043055555555555555
0 0.6015625 0.23472222222222222 0.0171875 0.041666666666666664
2 0.640625 0.2361111111111111 0.05 0.05
