0 0.346875 0.2263888888888889 0.0265625 0.03888888888888889
0 0.4421875 0.22569444444444445 0.0265625 0.04027777777777778
1 0.491015625 0.22013888888888888 0.05859375 0.05416666666666667
1 0.52109375 0.34791666666666665 0.05 0.10138888888888889
1 0.68515625 0.2513888888888889 0.0421875 0.05
3 0.665234375 0.7097222222222223 0.31640625 0.5777777777777777
2 0.794921875 0.6722222222222223 0.15859375 0.30833333333333335
2 0.65078125 0.39444444444444443 0.1109375 0.21666666666666667
0 0.74921875 0.4027777777777778 0.025 0.08055555555555556
1 0.631640625 0.2701388888888889 0.04921875 0.0375
2 0.53515625 0.2708333333333333 0.05 0.05555555555555555
1 0.72421875 0.23680555555555555 0.034375 0.04027777777777778
