0 0.254296875 0.46319444444444446 0.03828125 0.12638888888888888
0 0.651171875 0.2152777777777778 0.01640625 0.058333333333333334
0 0.659375 0.33611111111111114 0.025 0.09166666666666666
0 0.594921875 0.18333333333333332 0.01640625 0.05
0 0.03125 0.9076388888888889 0.0625 0.18472222222222223
0 0.518359375 0.17430555555555555 0.01796875 0.05416666666666667
0 0.56640625 0.18055555555555555 0.0171875 0.05277777777777778
0 0.620703125 0.18194444444444444 0.01640625 0.04722222222222222
0 0.403515625 0.24027777777777778 0.01796875 0.07222222222222222
0 0.408984375 0.21388888888888888 0.02109375 0.06666666666666667
0 0.548828125 0.12986111111111112 0.01328125 0.0375
1 0.572265625 0.38333333333333336 0.07265625 0.13055555555555556
3 0.559375 0.26666666666666666 0.05625 0.12222222222222222
