3 0.208984375 0.20555555555555555 0.05703125 0.10833333333333334
3 0.7609375 0.5722222222222222 0.2546875 0.4083333333333333
3 0.602734375 0.275 0.05078125 0.11388888888888889
1 0.55625 0.48125 0.06875 0.12638888888888888
1 0.6125 0.3736111111111111 0.053125 0.08055555555555556
0 0.4453125 0.22152777777777777 0.028125 0.043055555555555555
0 0.49296875 0.22083333333333333 0.0328125 0.044444444444444446
0 0.587109375 0.22152777777777777 0.08671875 0.12361111111111112
0 0.683984375 0.2222222222222222 0.09921875 0.10555555555555556
0 0.7125 0.33402777777777776 0.0203125 0.06805555555555555
