0 0.18125 0.4666666666666667 0.0640625 0.10833333333333334
0 0.046875 0.39652777777777776 0.053125 0.08194444444444444
0 0.667578125 0.3 0.02109375 0.075
0 0.426171875 0.29791666666666666 0.02421875 0.0763888888888889
0 0.40390625 0.2951388888888889 0.0203125 0.0763888888888889
0 0.590625 0.25763888888888886 0.015625 0.06805555555555555
0 0.5796875 0.35694444444444445 0.034375 0.075
0 0.294140625 0.3284722222222222 0.02734375 0.09027777777777778
0 0.321875 0.3263888888888889 0.0234375 0.08333333333333333
0 0.69296875 0.3263888888888889 0.0234375 0.075
1 0.449609375 0.3784722222222222 0.10703125 0.08472222222222223
1 0.54375 0.29375 0.0421875 0.0875
1 0.517578125 0.1840277777777778 0.02421875 0.05694444444444444
