0 0.198828125 0.4638888888888889 0.04296875 0.12222222222222222
0 0.391796875 0.38958333333333334 0.03046875 0.10972222222222222
0 0.575 0.3597222222222222 0.0296875 0.08333333333333333
0 0.701953125 0.5868055555555556 0.05859375 0.1597222222222222
0 0.804296875 0.9270833333333334 0.08515625 0.14583333333333334
0 0.675 0.2708333333333333 0.025 0.058333333333333334
0 0.696875 0.26319444444444445 0.0140625 0.05138888888888889
3 0.39921875 0.15625 0.075 0.0875
2 0.46796875 0.17083333333333334 0.0546875 0.07777777777777778
3 0.527734375 0.2048611111111111 0.03984375 0.11527777777777778
3 0.616796875 0.22083333333333333 0.06171875 0.125
3 0.5578125 0.1763888888888889 0.040625 0.10833333333333334
