0 0.476953125 0.7875 0.07421875 0.1361111111111111
0 0.21484375 0.8555555555555555 0.0828125 0.14722222222222223
0 0.311328125 0.8604166666666667 0.08359375 0.1986111111111111
0 0.573046875 0.59375 0.04453125 0.09861111111111111
0 0.7484375 0.5645833333333333 0.0328125 0.09027777777777778
0 0.76328125 0.7111111111111111 0.04375 0.125
0 0.801953125 0.6631944444444444 0.03671875 0.12361111111111112
0 0.823046875 0.825 0.05234375 0.17222222222222222
0 0.86640625 0.69375 0.0375 0.12638888888888888
0 0.84765625 0.6159722222222223 0.0265625 0.10138888888888889
0 0.828515625 0.5680555555555555 0.02890625 0.09166666666666666
0 0.794140625 0.5444444444444444 0.02734375 0.08333333333333333
0 0.773828125 0.48680555555555555 0.01484375 0.0625
0 0.690625 0.42569444444444443 0.021875 0.0763888888888889
0 0.710546875 0.41597222222222224 0.01796875 0.04861111111111111
0 0.753515625 0.43472222222222223 0.01015625 0.05555555555555555
0 0.774609375 0.44027777777777777 0.02578125 0.06111111111111111
0 0.809765625 0.4513888888888889 0.01640625 0.058333333333333334
0 0.83203125 0.4409722222222222 0.0109375 0.043055555555555555
0 0.851953125 0.4284722222222222 0.01328125 0.07361111111111111
0 0.865234375 0.4465277777777778 0.01640625 0.07361111111111111
0 0.89921875 0.45 0.0328125 0.075
1 0.559375 0.6951388888888889 0.09375 0.1375
1 0.13984375 0.7069444444444445 0.1671875 0.1361111111111111
1 0.424609375 0.4986111111111111 0.08984375 0.09444444444444444
1 0.54453125 0.43819444444444444 0.0640625 0.06527777777777778
2 0.57734375 0.38055555555555554 0.046875 0.075
2 0.63984375 0.45 0.071875 0.16111111111111112
1 0.708203125 0.37916666666666665 0.03515625 0.05555555555555555
