7 0.59375 0.3527777777777778 0.0935546875 0.19409722222222223
5 0.585546875 0.23055555555555557 0.0587890625 0.06944444444444445
5 0.5328125 0.2222222222222222 0.0419921875 0.06631944444444444
5 0.433203125 0.27152777777777776 0.0365234375 0.09027777777777778
4 0.315234375 0.34791666666666665 0.0416015625 0.08611111111111111
4 0.32578125 0.4361111111111111 0.0392578125 0.11041666666666666
4 0.0765625 0.40625 0.0765625 0.07118055555555555
4 0.104296875 0.6 0.0537109375 0.14375
4 0.34140625 0.2763888888888889 0.023046875 0.06631944444444444
4 0.397265625 0.2569444444444444 0.0166015625 0.06666666666666667
4 0.380859375 0.24513888888888888 0.01484375 0.06527777777777778
4 0.365625 0.2263888888888889 0.0169921875 0.06319444444444444
