4 0.737109375 0.43819444444444444 0.0375 0.11215277777777778
4 0.3171875 0.3958333333333333 0.0251953125 0.10868055555555556
4 0.259375 0.42986111111111114 0.0357421875 0.0954861111111111
4 0.275 0.4895833333333333 0.030859375 0.1111111111111111
4 0.177734375 0.59375 0.0546875 0.1388888888888889
4 0.0921875 0.7354166666666667 0.065234375 0.1875
4 0.146484375 0.8243055555555555 0.07734375 0.24340277777777777
4 0.082421875 0.4013888888888889 0.059375 0.046875
4 0.344140625 0.2791666666666667 0.0228515625 0.07569444444444444
4 0.49375 0.2611111111111111 0.037109375 0.06597222222222222
4 0.369921875 0.2111111111111111 0.01796875 0.06076388888888889
