4 0.209375 0.28194444444444444 0.040234375 0.058680555555555555
4 0.078515625 0.4 0.0625 0.09166666666666666
4 0.12734375 0.7694444444444445 0.086328125 0.2326388888888889
4 0.273046875 0.42569444444444443 0.0384765625 0.12048611111111111
4 0.30625 0.31319444444444444 0.0388671875 0.10555555555555556
4 0.345703125 0.3090277777777778 0.02421875 0.08506944444444445
4 0.375390625 0.28541666666666665 0.02109375 0.07361111111111111
5 0.414453125 0.4583333333333333 0.0990234375 0.21180555555555555
4 0.773046875 0.45625 0.03984375 0.1125
4 0.94921875 0.63125 0.0546875 0.1763888888888889
4 0.612890625 0.3902777777777778 0.0259765625 0.10243055555555555
4 0.64453125 0.2743055555555556 0.015625 0.06527777777777778
4 0.717578125 0.3194444444444444 0.025 0.09166666666666666
4 0.532421875 0.24791666666666667 0.0228515625 0.07604166666666666
4 0.35703125 0.25625 0.01875 0.06666666666666667
4 0.38828125 0.22708333333333333 0.0158203125 0.05277777777777778
4 0.405078125 0.21041666666666667 0.0208984375 0.05138888888888889
4 0.37265625 0.2048611111111111 0.014453125 0.060069444444444446
4 0.45 0.23333333333333334 0.0189453125 0.06909722222222223
4 0.6203125 0.25416666666666665 0.0171875 0.06145833333333333
