0 0.243359375 0.44930555555555557 0.02890625 0.11805555555555555
0 0.658203125 0.30694444444444446 0.01796875 0.07777777777777778
0 0.425390625 0.1840277777777778 0.01015625 0.0375
0 0.396484375 0.23402777777777778 0.01484375 0.04861111111111111
0 0.406640625 0.18194444444444444 0.00859375 0.041666666666666664
0 0.58828125 0.22777777777777777 0.0140625 0.05277777777777778
1 0.76484375 0.6138888888888889 0.1234375 0.18888888888888888
3 0.569921875 0.30972222222222223 0.09453125 0.25277777777777777
3 0.71953125 0.875 0.2796875 0.25
0 0.434765625 0.34097222222222223 0.00078125 0.004166666666666667
