0 0.774609375 0.90625 0.04296875 0.14583333333333334
0 0.378515625 0.7826388888888889 0.04765625 0.12916666666666668
0 0.774609375 0.7548611111111111 0.03046875 0.09305555555555556
0 0.832421875 0.8798611111111111 0.03984375 0.1375
0 0.71484375 0.3923611111111111 0.01875 0.04861111111111111
0 0.72890625 0.5020833333333333 0.025 0.07361111111111111
0 0.418359375 0.64375 0.04453125 0.10694444444444444
0 0.59765625 0.7243055555555555 0.0359375 0.11527777777777778
0 0.816796875 0.4326388888888889 0.01953125 0.059722222222222225
0 0.65703125 0.5083333333333333 0.025 0.07222222222222222
0 0.86875 0.41180555555555554 0.0203125 0.059722222222222225
0 0.6578125 0.6041666666666666 0.0265625 0.08055555555555556
0 0.673046875 0.8270833333333333 0.03671875 0.12638888888888888
0 0.3859375 0.6868055555555556 0.0390625 0.09861111111111111
0 0.680859375 0.6729166666666667 0.03046875 0.07916666666666666
0 0.683984375 0.5083333333333333 0.02421875 0.07222222222222222
0 0.745703125 0.45416666666666666 0.02265625 0.06111111111111111
0 0.73828125 0.6152777777777778 0.0328125 0.08055555555555556
0 0.519140625 0.7569444444444444 0.03828125 0.11666666666666667
0 0.7953125 0.4375 0.0171875 0.06111111111111111
0 0.755859375 0.6965277777777777 0.02578125 0.09861111111111111
0 0.683984375 0.3840277777777778 0.01953125 0.05138888888888889
0 0.7515625 0.40902777777777777 0.0171875 0.04583333333333333
0 0.673828125 0.7430555555555556 0.03359375 0.09444444444444444
0 0.784375 0.40694444444444444 0.01875 0.05277777777777778
0 0.509375 0.6993055555555555 0.0359375 0.10138888888888889
0 0.831640625 0.39791666666666664 0.01640625 0.04861111111111111
1 0.83984375 0.6034722222222222 0.109375 0.1125
1 0.605859375 0.40208333333333335 0.03984375 0.05694444444444444
1 0.526171875 0.48819444444444443 0.05546875 0.07916666666666666
1 0.51015625 0.44930555555555557 0.0453125 0.0625
3 0.60390625 0.5041666666666667 0.05 0.09166666666666666
