0 0.19453125 0.5194444444444445 0.0359375 0.14444444444444443
0 0.034765625 0.6798611111111111 0.04296875 0.19583333333333333
0 0.694921875 0.4263888888888889 0.02890625 0.10277777777777777
0 0.657421875 0.29791666666666666 0.02109375 0.08472222222222223
0 0.5546875 0.2638888888888889 0.015625 0.06944444444444445
0 0.6375 0.22430555555555556 0.01875 0.0625
0 0.66015625 0.24305555555555555 0.0140625 0.05277777777777778
1 0.43359375 0.1388888888888889 0.0296875 0.044444444444444446
1 0.5703125 0.19722222222222222 0.034375 0.05
3 0.34453125 0.7111111111111111 0.1671875 0.4888888888888889
3 0.5265625 0.21736111111111112 0.0421875 0.09583333333333334
3 0.46953125 0.13541666666666666 0.0390625 0.08194444444444444
