0 0.19921875 0.4597222222222222 0.0265625 0.11388888888888889
0 0.676171875 0.41875 0.02421875 0.09861111111111111
0 0.626953125 0.28194444444444444 0.01484375 0.06666666666666667
0 0.64609375 0.3076388888888889 0.0140625 0.06527777777777778
0 0.6921875 0.36527777777777776 0.01875 0.08611111111111111
0 0.58125 0.2 0.0109375 0.05
0 0.60390625 0.21180555555555555 0.0109375 0.05138888888888889
2 0.43515625 0.21180555555555555 0.0265625 0.05416666666666667
3 0.519921875 0.19722222222222222 0.03203125 0.08055555555555556
3 0.4546875 0.15625 0.0171875 0.05416666666666667
0 0.411328125 0.1798611111111111 0.01015625 0.034722222222222224
