0 0.266796875 0.4888888888888889 0.02578125 0.125
0 0.893359375 0.4895833333333333 0.06953125 0.09583333333333334
0 0.682421875 0.3854166666666667 0.02421875 0.09583333333333334
0 0.53203125 0.39375 0.040625 0.09027777777777778
0 0.6671875 0.30069444444444443 0.021875 0.07916666666666666
0 0.625 0.44930555555555557 0.0296875 0.10972222222222222
0 0.59375 0.2548611111111111 0.01875 0.07361111111111111
0 0.244921875 0.4388888888888889 0.03515625 0.10277777777777777
0 0.2984375 0.41944444444444445 0.021875 0.10555555555555556
0 0.332421875 0.3548611111111111 0.01953125 0.0875
0 0.301171875 0.33958333333333335 0.02265625 0.07361111111111111
0 0.6296875 0.3951388888888889 0.025 0.08194444444444444
1 0.128125 0.4638888888888889 0.140625 0.1361111111111111
1 0.44921875 0.39861111111111114 0.0546875 0.125
1 0.705859375 0.5631944444444444 0.08046875 0.1486111111111111
1 0.55234375 0.47847222222222224 0.065625 0.1375
1 0.340625 0.46805555555555556 0.0625 0.14722222222222223
1 0.380078125 0.34097222222222223 0.04296875 0.10416666666666667
1 0.43984375 0.5354166666666667 0.0671875 0.1736111111111111
1 0.415625 0.2263888888888889 0.0328125 0.06666666666666667
1 0.3859375 0.2798611111111111 0.0359375 0.09861111111111111
1 0.4578125 0.19583333333333333 0.0265625 0.06944444444444445
3 0.455078125 0.29375 0.04765625 0.12361111111111112
