0 0.081640625 0.8958333333333334 0.06953125 0.20555555555555555
0 0.1828125 0.8944444444444445 0.06875 0.18055555555555555
0 0.27578125 0.7979166666666667 0.0390625 0.19305555555555556
0 0.926171875 0.7423611111111111 0.04453125 0.1597222222222222
0 0.3015625 0.3277777777777778 0.021875 0.08611111111111111
0 0.278125 0.40625 0.0265625 0.10138888888888889
0 0.803125 0.6243055555555556 0.0375 0.12638888888888888
0 0.8453125 0.8277777777777777 0.05625 0.17777777777777778
0 0.499609375 0.7659722222222223 0.04453125 0.1875
0 0.867578125 0.7541666666666667 0.04609375 0.15
0 0.268359375 0.3541666666666667 0.03359375 0.08333333333333333
0 0.634375 0.35208333333333336 0.028125 0.0875
1 0.362109375 0.3215277777777778 0.05078125 0.09861111111111111
1 0.4625 0.2833333333333333 0.040625 0.08333333333333333
1 0.41875 0.24305555555555555 0.0265625 0.07777777777777778
3 0.5953125 0.48541666666666666 0.096875 0.25416666666666665
3 0.69765625 0.4701388888888889 0.13125 0.23472222222222222
3 0.53984375 0.26805555555555555 0.053125 0.11388888888888889
3 0.379296875 0.8506944444444444 0.14921875 0.2986111111111111
3 0.426953125 0.4638888888888889 0.09921875 0.28888888888888886
0 0.790234375 0.5583333333333333 0.03515625 0.09166666666666666
0 0.811328125 0.5166666666666667 0.02578125 0.08055555555555556
0 0.5046875 0.7006944444444444 0.0578125 0.1486111111111111
