1 0.697265625 0.24375 0.04453125 0.04027777777777778
1 0.69921875 0.21666666666666667 0.040625 0.025
1 0.753515625 0.22152777777777777 0.03359375 0.034722222222222224
1 0.735546875 0.21388888888888888 0.02890625 0.03611111111111111
3 0.55546875 0.4236111111111111 0.0890625 0.21388888888888888
3 0.214453125 0.2361111111111111 0.04140625 0.08055555555555556
3 0.29140625 0.19791666666666666 0.1171875 0.09305555555555556
3 0.0984375 0.21666666666666667 0.0546875 0.09444444444444444
3 0.1453125 0.18055555555555555 0.03125 0.058333333333333334
2 0.653125 0.26319444444444445 0.0546875 0.07916666666666666
3 0.266796875 0.6118055555555556 0.26015625 0.7652777777777777
3 0.584375 0.2465277777777778 0.0703125 0.0875
