4 0.658203125 0.4638888888888889 0.0396484375 0.12256944444444444
4 0.6390625 0.33055555555555555 0.0294921875 0.09479166666666666
4 0.537890625 0.29375 0.0203125 0.08333333333333333
4 0.326171875 0.3902777777777778 0.03671875 0.08541666666666667
4 0.07890625 0.3993055555555556 0.0703125 0.07604166666666666
4 0.93671875 0.775 0.0830078125 0.1920138888888889
4 0.244921875 0.4875 0.0337890625 0.13090277777777778
4 0.501953125 0.25833333333333336 0.0306640625 0.07152777777777777
4 0.5859375 0.5347222222222222 0.0375 0.13055555555555556
4 0.658203125 0.5576388888888889 0.0396484375 0.12118055555555556
