0 0.4875 0.6791666666666667 0.04375 0.125
0 0.383984375 0.83125 0.05859375 0.1625
0 0.403125 0.875 0.0546875 0.1361111111111111
0 0.662890625 0.6416666666666667 0.04296875 0.09722222222222222
0 0.681640625 0.5256944444444445 0.02109375 0.0625
0 0.70390625 0.4875 0.0296875 0.05
0 0.726953125 0.5104166666666666 0.02265625 0.07361111111111111
0 0.765625 0.45694444444444443 0.028125 0.058333333333333334
0 0.77734375 0.5041666666666667 0.0296875 0.08333333333333333
0 0.806640625 0.47638888888888886 0.02734375 0.08333333333333333
0 0.82578125 0.4465277777777778 0.03125 0.08194444444444444
1 0.54921875 0.4111111111111111 0.0546875 0.08333333333333333
1 0.5984375 0.3715277777777778 0.040625 0.0625
1 0.625 0.3541666666666667 0.0359375 0.06666666666666667
