0 0.44921875 0.6895833333333333 0.034375 0.12083333333333333
0 0.59765625 0.7534722222222222 0.046875 0.1375
0 0.446875 0.8833333333333333 0.053125 0.14722222222222223
0 0.7625 0.5388888888888889 0.021875 0.08611111111111111
0 0.52890625 0.8111111111111111 0.0484375 0.13333333333333333
0 0.5796875 0.5319444444444444 0.0296875 0.08055555555555556
0 0.699609375 0.48055555555555557 0.02421875 0.06944444444444445
0 0.723828125 0.5326388888888889 0.01953125 0.08194444444444444
0 0.51484375 0.6180555555555556 0.0328125 0.1111111111111111
0 0.676171875 0.5208333333333334 0.02578125 0.07222222222222222
0 0.626953125 0.5569444444444445 0.02421875 0.08888888888888889
0 0.6875 0.6361111111111111 0.0234375 0.10833333333333334
0 0.777734375 0.48194444444444445 0.01953125 0.07222222222222222
0 0.630078125 0.49375 0.02578125 0.06805555555555555
0 0.823046875 0.47291666666666665 0.01953125 0.06805555555555555
0 0.745703125 0.47847222222222224 0.02265625 0.06527777777777778
0 0.6703125 0.575 0.028125 0.09166666666666666
0 0.656640625 0.49236111111111114 0.01640625 0.05416666666666667
0 0.569921875 0.6576388888888889 0.02890625 0.10972222222222222
0 0.86484375 0.5597222222222222 0.03125 0.07222222222222222
0 0.76953125 0.39166666666666666 0.0203125 0.05555555555555555
0 0.865625 0.5013888888888889 0.0203125 0.075
0 0.576953125 0.5930555555555556 0.02265625 0.06111111111111111
0 0.8109375 0.4097222222222222 0.021875 0.06111111111111111
0 0.78671875 0.3951388888888889 0.0203125 0.05416666666666667
0 0.25234375 0.9236111111111112 0.075 0.11944444444444445
0 0.868359375 0.40625 0.02421875 0.0625
1 0.23828125 0.7256944444444444 0.13125 0.14583333333333334
1 0.300390625 0.5895833333333333 0.10703125 0.11805555555555555
1 0.454296875 0.48819444444444443 0.06484375 0.09027777777777778
1 0.72421875 0.44166666666666665 0.046875 0.06944444444444445
1 0.516796875 0.5006944444444444 0.05859375 0.08194444444444444
1 0.874609375 0.64375 0.14140625 0.09861111111111111
2 0.55 0.39375 0.0578125 0.0875
2 0.667578125 0.2965277777777778 0.03515625 0.06527777777777778
