0 0.21328125 0.48680555555555555 0.0328125 0.12916666666666668
0 0.3859375 0.21388888888888888 0.0125 0.058333333333333334
0 0.23828125 0.4097222222222222 0.0234375 0.1
0 0.03359375 0.7111111111111111 0.0453125 0.17777777777777778
0 0.83828125 0.5763888888888888 0.0328125 0.13055555555555556
1 0.556640625 0.3215277777777778 0.05234375 0.09027777777777778
1 0.43515625 0.3215277777777778 0.0453125 0.09583333333333334
3 0.534375 0.21180555555555555 0.03125 0.07361111111111111
3 0.78515625 0.8229166666666666 0.4296875 0.3541666666666667
1 0.450390625 0.23819444444444443 0.03203125 0.059722222222222225
0 0.318359375 0.2361111111111111 0.01171875 0.05277777777777778
