0 0.696875 0.8548611111111111 0.053125 0.14583333333333334
0 0.34609375 0.85625 0.059375 0.1625
0 0.7234375 0.5736111111111111 0.03125 0.08611111111111111
0 0.683203125 0.5375 0.02265625 0.075
0 0.572265625 0.5180555555555556 0.02578125 0.075
0 0.846484375 0.4895833333333333 0.02421875 0.06805555555555555
0 0.441015625 0.5777777777777777 0.03203125 0.09444444444444444
0 0.731640625 0.7118055555555556 0.03828125 0.1125
0 0.54453125 0.5770833333333333 0.03125 0.09305555555555556
0 0.675390625 0.4798611111111111 0.02578125 0.06527777777777778
0 0.644140625 0.7166666666666667 0.03984375 0.11388888888888889
0 0.587890625 0.5708333333333333 0.02734375 0.09722222222222222
0 0.619921875 0.5458333333333333 0.02265625 0.06944444444444445
0 0.755078125 0.36736111111111114 0.01796875 0.04861111111111111
0 0.740234375 0.4826388888888889 0.02421875 0.07083333333333333
0 0.5890625 0.6972222222222222 0.0421875 0.12222222222222222
0 0.469921875 0.5993055555555555 0.03515625 0.10416666666666667
0 0.70703125 0.4826388888888889 0.025 0.07083333333333333
0 0.71171875 0.36944444444444446 0.015625 0.03888888888888889
0 0.523046875 0.51875 0.02265625 0.07361111111111111
0 0.755859375 0.5131944444444444 0.02109375 0.06805555555555555
0 0.791796875 0.3784722222222222 0.01796875 0.04583333333333333
0 0.8 0.5 0.0203125 0.07222222222222222
0 0.83359375 0.44166666666666665 0.025 0.058333333333333334
0 0.830859375 0.5451388888888888 0.01796875 0.07361111111111111
0 0.82421875 0.3763888888888889 0.01875 0.04722222222222222
0 0.596875 0.5305555555555556 0.0234375 0.07222222222222222
0 0.633984375 0.5034722222222222 0.02421875 0.06527777777777778
0 0.901953125 0.5895833333333333 0.03359375 0.0875
0 0.819140625 0.5055555555555555 0.01484375 0.058333333333333334
1 0.638671875 0.6291666666666667 0.06796875 0.125
1 0.657421875 0.4041666666666667 0.03671875 0.058333333333333334
2 0.617578125 0.4284722222222222 0.04921875 0.09305555555555556
