0 0.425390625 0.9201388888888888 0.05859375 0.1486111111111111
0 0.4328125 0.4798611111111111 0.0640625 0.10416666666666667
0 0.8390625 0.7951388888888888 0.0453125 0.1875
0 0.65 0.42569444444444443 0.046875 0.10416666666666667
0 0.376171875 0.40902777777777777 0.02421875 0.10416666666666667
0 0.341015625 0.7229166666666667 0.06640625 0.1625
0 0.273828125 0.8930555555555556 0.05390625 0.18333333333333332
0 0.243359375 0.5027777777777778 0.03671875 0.125
0 0.739453125 0.5090277777777777 0.04453125 0.12083333333333333
0 0.47890625 0.35347222222222224 0.0171875 0.08194444444444444
0 0.465234375 0.42430555555555555 0.01953125 0.10694444444444444
0 0.258984375 0.3527777777777778 0.02265625 0.07222222222222222
0 0.33359375 0.43680555555555556 0.025 0.1125
0 0.409765625 0.4215277777777778 0.02734375 0.09583333333333334
0 0.592578125 0.25555555555555554 0.01796875 0.06944444444444445
0 0.331640625 0.3659722222222222 0.02421875 0.0875
0 0.30859375 0.35625 0.021875 0.09305555555555556
0 0.2921875 0.3368055555555556 0.025 0.09027777777777778
0 0.456640625 0.3138888888888889 0.01640625 0.075
0 0.498828125 0.3104166666666667 0.02578125 0.07361111111111111
0 0.44765625 0.3798611111111111 0.01875 0.0875
0 0.42578125 0.3388888888888889 0.0171875 0.07222222222222222
0 0.835546875 0.9368055555555556 0.06796875 0.12638888888888888
1 0.387890625 0.3326388888888889 0.04453125 0.0875
3 0.467578125 0.22916666666666666 0.03515625 0.10277777777777777
0 0.41171875 0.3680555555555556 0.0171875 0.041666666666666664
