4 0.777734375 0.3861111111111111 0.04296875 0.08888888888888889
4 0.3109375 0.2986111111111111 0.037890625 0.08368055555555555
4 0.262890625 0.35625 0.0353515625 0.10277777777777777
4 0.28828125 0.4951388888888889 0.0470703125 0.12881944444444443
4 0.171875 0.6958333333333333 0.071875 0.16354166666666667
5 0.6015625 0.2465277777777778 0.056640625 0.08506944444444445
4 0.537890625 0.2743055555555556 0.0265625 0.0625
4 0.07421875 0.39652777777777776 0.0625 0.08611111111111111
6 0.4953125 0.2 0.0953125 0.12465277777777778
4 0.658984375 0.2791666666666667 0.025 0.0642361111111111
