1 0.219921875 0.4027777777777778 0.07265625 0.11944444444444445
3 0.58828125 0.5555555555555556 0.165625 0.3638888888888889
3 0.367578125 0.36527777777777776 0.10703125 0.28055555555555556
3 0.2609375 0.2604166666666667 0.0734375 0.13194444444444445
3 0.621875 0.3229166666666667 0.0671875 0.1625
3 0.237890625 0.18541666666666667 0.07265625 0.0875
3 0.1734375 0.18819444444444444 0.034375 0.09027777777777778
3 0.236328125 0.19027777777777777 0.06328125 0.08888888888888889
0 0.437109375 0.29375 0.01640625 0.0625
0 0.69765625 0.27708333333333335 0.015625 0.04583333333333333
0 0.71640625 0.26805555555555555 0.0125 0.04722222222222222
0 0.62890625 0.22708333333333333 0.0328125 0.0375
