0 0.465625 0.8520833333333333 0.0515625 0.14305555555555555
0 0.64453125 0.5465277777777777 0.03125 0.09027777777777778
0 0.541015625 0.5472222222222223 0.02890625 0.08611111111111111
0 0.70625 0.4527777777777778 0.0203125 0.06111111111111111
0 0.56796875 0.7 0.0421875 0.12222222222222222
0 0.784765625 0.42083333333333334 0.01953125 0.05277777777777778
0 0.58359375 0.5854166666666667 0.0328125 0.09305555555555556
0 0.479296875 0.7243055555555555 0.03984375 0.11527777777777778
0 0.394140625 0.7388888888888889 0.04609375 0.13055555555555556
0 0.85625 0.41944444444444445 0.01875 0.05555555555555555
0 0.83828125 0.4909722222222222 0.0171875 0.06527777777777778
0 0.43984375 0.6694444444444444 0.0359375 0.10833333333333334
0 0.767578125 0.47152777777777777 0.01953125 0.05416666666666667
0 0.68671875 0.4847222222222222 0.0203125 0.075
0 0.351953125 0.7138888888888889 0.04453125 0.12777777777777777
0 0.659765625 0.47430555555555554 0.02265625 0.06527777777777778
0 0.658984375 0.4354166666666667 0.02109375 0.05694444444444444
0 0.701171875 0.4215277777777778 0.01484375 0.05138888888888889
0 0.737109375 0.41805555555555557 0.01953125 0.05277777777777778
0 0.75859375 0.4263888888888889 0.015625 0.05277777777777778
0 0.8390625 0.3819444444444444 0.0171875 0.04722222222222222
0 0.81953125 0.425 0.015625 0.05555555555555555
0 0.80546875 0.41180555555555554 0.0125 0.05694444444444444
0 0.68203125 0.4361111111111111 0.0171875 0.05277777777777778
0 0.82421875 0.39305555555555555 0.015625 0.04722222222222222
1 0.75078125 0.5902777777777778 0.1265625 0.125
1 0.5203125 0.4888888888888889 0.053125 0.08055555555555556
1 0.62578125 0.33125 0.025 0.0375
