0 0.52734375 0.5756944444444444 0.03125 0.09583333333333334
0 0.282421875 0.7576388888888889 0.05546875 0.14305555555555555
0 0.27734375 0.9215277777777777 0.0609375 0.14027777777777778
0 0.85390625 0.6590277777777778 0.0296875 0.09861111111111111
0 0.738671875 0.6291666666666667 0.02734375 0.08888888888888889
0 0.660546875 0.5784722222222223 0.02578125 0.08472222222222223
0 0.652734375 0.7006944444444444 0.03359375 0.12361111111111112
0 0.8796875 0.5527777777777778 0.021875 0.08333333333333333
0 0.700390625 0.75625 0.03828125 0.12916666666666668
0 0.779296875 0.4340277777777778 0.02109375 0.0625
0 0.59765625 0.6305555555555555 0.0296875 0.08888888888888889
0 0.798828125 0.6881944444444444 0.03359375 0.09861111111111111
0 0.85703125 0.7576388888888889 0.0375 0.12361111111111112
0 0.498046875 0.6722222222222223 0.03359375 0.10833333333333334
0 0.40703125 0.8222222222222222 0.0484375 0.1361111111111111
0 0.7203125 0.6875 0.034375 0.10833333333333334
0 0.69375 0.4409722222222222 0.0234375 0.06805555555555555
0 0.7140625 0.5222222222222223 0.0234375 0.07222222222222222
0 0.38671875 0.7409722222222223 0.0390625 0.12361111111111112
0 0.85625 0.5902777777777778 0.0265625 0.075
0 0.68046875 0.6326388888888889 0.03125 0.10138888888888889
0 0.83359375 0.8555555555555555 0.04375 0.14722222222222223
0 0.829296875 0.43333333333333335 0.02265625 0.06388888888888888
0 0.900390625 0.6333333333333333 0.03359375 0.10833333333333334
0 0.811328125 0.6270833333333333 0.01484375 0.07916666666666666
0 0.834765625 0.5486111111111112 0.02578125 0.08055555555555556
0 0.77890625 0.5423611111111111 0.0203125 0.07361111111111111
0 0.7015625 0.6048611111111111 0.0265625 0.09583333333333334
0 0.569921875 0.6159722222222223 0.02421875 0.10138888888888889
0 0.72109375 0.41944444444444445 0.01875 0.058333333333333334
0 0.75078125 0.8694444444444445 0.046875 0.15833333333333333
0 0.77421875 0.7701388888888889 0.040625 0.12916666666666668
0 0.814453125 0.5166666666666667 0.02109375 0.075
0 0.846484375 0.5069444444444444 0.02421875 0.07222222222222222
0 0.443359375 0.725 0.03984375 0.12222222222222222
0 0.847265625 0.38125 0.01953125 0.05694444444444444
0 0.63515625 0.65625 0.03125 0.10972222222222222
0 0.862109375 0.5208333333333334 0.02265625 0.07222222222222222
0 0.764453125 0.6333333333333333 0.02890625 0.09722222222222222
0 0.708203125 0.39444444444444443 0.01953125 0.05277777777777778
0 0.801171875 0.41805555555555557 0.01953125 0.06111111111111111
0 0.6640625 0.4652777777777778 0.0265625 0.075
0 0.63125 0.5722222222222222 0.025 0.08333333333333333
0 0.63359375 0.5277777777777778 0.0203125 0.06944444444444445
0 0.744921875 0.41944444444444445 0.01953125 0.06111111111111111
0 0.770703125 0.39375 0.01640625 0.05416666666666667
0 0.758984375 0.5368055555555555 0.02578125 0.07361111111111111
0 0.7296875 0.5631944444444444 0.025 0.0763888888888889
0 0.685546875 0.5444444444444444 0.02265625 0.08333333333333333
0 0.79375 0.5215277777777778 0.021875 0.07361111111111111
0 0.477734375 0.6409722222222223 0.02890625 0.10138888888888889
0 0.8 0.5611111111111111 0.021875 0.07222222222222222
0 0.66640625 0.5305555555555556 0.025 0.075
0 0.73046875 0.36875 0.0171875 0.04861111111111111
1 0.347265625 0.6277777777777778 0.10234375 0.125
1 0.54296875 0.8138888888888889 0.09375 0.1638888888888889
1 0.533203125 0.43680555555555556 0.04609375 0.06805555555555555
1 0.744140625 0.4888888888888889 0.04921875 0.08055555555555556
0 0.604296875 0.5659722222222222 0.02734375 0.04861111111111111
0 0.796875 0.5951388888888889 0.015625 0.07916666666666666
0 0.554296875 0.5888888888888889 0.01484375 0.09166666666666666
2 0.657421875 0.33125 0.02578125 0.04861111111111111
1 0.7 0.34375 0.025 0.04583333333333333
