0 0.122265625 0.49375 0.03671875 0.12916666666666668
0 0.0640625 0.4798611111111111 0.03125 0.12083333333333333
0 0.74765625 0.38958333333333334 0.021875 0.08472222222222223
1 0.63203125 0.2798611111111111 0.0390625 0.0625
1 0.648046875 0.23958333333333334 0.03671875 0.04861111111111111
1 0.515625 0.21944444444444444 0.059375 0.05277777777777778
0 0.56484375 0.24791666666666667 0.0296875 0.034722222222222224
0 0.426953125 0.22083333333333333 0.02265625 0.03611111111111111
3 0.33515625 0.20555555555555555 0.0703125 0.075
0 0.245703125 0.2076388888888889 0.02109375 0.04027777777777778
1 0.18125 0.20972222222222223 0.021875 0.03611111111111111
0 0.14140625 0.25625 0.0265625 0.0625
0 0.279296875 0.21805555555555556 0.02578125 0.03888888888888889
3 0.69296875 0.24305555555555555 0.0515625 0.06388888888888888
