0 0.023046875 0.78125 0.04609375 0.18472222222222223
0 0.81328125 0.5333333333333333 0.028125 0.1111111111111111
0 0.84921875 0.6534722222222222 0.0375 0.1597222222222222
0 0.368359375 0.2708333333333333 0.01640625 0.06666666666666667
0 0.398828125 0.1986111111111111 0.00859375 0.03888888888888889
0 0.42109375 0.19791666666666666 0.0125 0.03194444444444444
0 0.626953125 0.2659722222222222 0.01484375 0.059722222222222225
0 0.58046875 0.19930555555555557 0.0109375 0.043055555555555555
1 0.687890625 0.43194444444444446 0.08046875 0.11944444444444445
3 0.65859375 0.7659722222222223 0.2125 0.45694444444444443
3 0.560546875 0.28888888888888886 0.08515625 0.225
