1 0.54296875 0.4756944444444444 0.046875 0.0875
0 0.814453125 0.43125 0.01328125 0.05694444444444444
0 0.653515625 0.5131944444444444 0.02109375 0.06805555555555555
0 0.43515625 0.6368055555555555 0.034375 0.12638888888888888
0 0.628125 0.7909722222222222 0.040625 0.12361111111111112
0 0.751953125 0.4888888888888889 0.01796875 0.06388888888888888
0 0.726171875 0.45416666666666666 0.01796875 0.05277777777777778
0 0.775390625 0.47638888888888886 0.01328125 0.06111111111111111
0 0.616796875 0.8854166666666666 0.03671875 0.12361111111111112
0 0.840625 0.46319444444444446 0.015625 0.05416666666666667
0 0.53515625 0.5458333333333333 0.0296875 0.08888888888888889
0 0.703515625 0.7798611111111111 0.03046875 0.12916666666666668
0 0.781640625 0.6798611111111111 0.02421875 0.09305555555555556
0 0.6578125 0.5847222222222223 0.021875 0.08055555555555556
0 0.684375 0.6916666666666667 0.0234375 0.11666666666666667
0 0.871484375 0.5729166666666666 0.02109375 0.09027777777777778
0 0.853125 0.5270833333333333 0.025 0.0763888888888889
0 0.881640625 0.7395833333333334 0.03203125 0.14583333333333334
0 0.605859375 0.5763888888888888 0.02109375 0.08055555555555556
0 0.640234375 0.9423611111111111 0.04453125 0.11527777777777778
0 0.81640625 0.6375 0.0234375 0.10277777777777777
0 0.76640625 0.7361111111111112 0.03125 0.125
0 0.467578125 0.8729166666666667 0.07421875 0.23194444444444445
0 0.570703125 0.8618055555555556 0.04296875 0.16805555555555557
0 0.510546875 0.9159722222222222 0.05859375 0.16805555555555557
0 0.848046875 0.6847222222222222 0.03359375 0.1388888888888889
0 0.385546875 0.7222222222222222 0.04296875 0.11944444444444445
1 0.479296875 0.5256944444444445 0.08046875 0.10972222222222222
1 0.559375 0.6770833333333334 0.1015625 0.16527777777777777
0 0.355859375 0.8819444444444444 0.05234375 0.16111111111111112
0 0.730859375 0.8131944444444444 0.04140625 0.1625
1 0.708984375 0.5472222222222223 0.05390625 0.1
0 0.583984375 0.5423611111111111 0.02109375 0.07916666666666666
0 0.627734375 0.5166666666666667 0.02265625 0.07222222222222222
1 0.66875 0.4444444444444444 0.0375 0.06666666666666667
0 0.8171875 0.51875 0.021875 0.0763888888888889
0 0.769921875 0.5743055555555555 0.01796875 0.09027777777777778
1 0.608203125 0.4166666666666667 0.04453125 0.06388888888888888
2 0.159765625 0.6236111111111111 0.24453125 0.2777777777777778
2 0.713671875 0.36180555555555555 0.03828125 0.09305555555555556
0 0.723046875 0.6479166666666667 0.02578125 0.10138888888888889
0 0.62421875 0.5902777777777778 0.0265625 0.08333333333333333
0 0.874609375 0.4701388888888889 0.01640625 0.06805555555555555
0 0.63984375 0.47291666666666665 0.01875 0.06527777777777778
0 0.600390625 0.7423611111111111 0.02734375 0.12638888888888888
1 0.649609375 0.39166666666666666 0.03359375 0.05
0 0.7875 0.5902777777777778 0.021875 0.07222222222222222
0 0.716796875 0.3958333333333333 0.01328125 0.05
0 0.79609375 0.41180555555555554 0.0125 0.04861111111111111
0 0.754296875 0.39652777777777776 0.01328125 0.0375
0 0.782421875 0.44305555555555554 0.01484375 0.058333333333333334
0 0.57578125 0.3888888888888889 0.0265625 0.044444444444444446
1 0.57421875 0.3861111111111111 0.0265625 0.044444444444444446
