3 0.620703125 0.31875 0.08515625 0.2263888888888889
1 0.6609375 0.5291666666666667 0.0875 0.1388888888888889
1 0.523828125 0.2916666666666667 0.04140625 0.05
1 0.26171875 0.3472222222222222 0.0609375 0.10277777777777777
1 0.331640625 0.2826388888888889 0.05078125 0.06805555555555555
0 0.118359375 0.49722222222222223 0.03984375 0.11388888888888889
0 0.044921875 0.53125 0.04140625 0.12361111111111112
0 0.914453125 0.5694444444444444 0.05078125 0.11944444444444445
1 0.708203125 0.21875 0.03671875 0.043055555555555555
2 0.684375 0.8590277777777777 0.2921875 0.28194444444444444
2 0.918359375 0.8965277777777778 0.16328125 0.20694444444444443
