0 0.793359375 0.4791666666666667 0.02109375 0.06944444444444445
0 0.7375 0.6604166666666667 0.0359375 0.11805555555555555
0 0.769921875 0.4465277777777778 0.01953125 0.0625
0 0.27734375 0.8 0.053125 0.14444444444444443
0 0.387890625 0.6625 0.03984375 0.125
0 0.800390625 0.7409722222222223 0.03671875 0.12916666666666668
0 0.900390625 0.7444444444444445 0.03984375 0.1361111111111111
0 0.54375 0.6020833333333333 0.028125 0.0875
0 0.68984375 0.6791666666666667 0.0296875 0.10833333333333334
0 0.82265625 0.6013888888888889 0.028125 0.1
0 0.766796875 0.6138888888888889 0.02890625 0.09722222222222222
0 0.50625 0.6027777777777777 0.03125 0.1
0 0.7484375 0.42083333333333334 0.01875 0.06111111111111111
0 0.42578125 0.7125 0.0390625 0.10555555555555556
0 0.31328125 0.7555555555555555 0.0453125 0.13333333333333333
0 0.8703125 0.8416666666666667 0.040625 0.15555555555555556
0 0.53671875 0.7027777777777777 0.0390625 0.11944444444444445
0 0.865625 0.4736111111111111 0.021875 0.06944444444444445
0 0.45625 0.61875 0.0328125 0.10416666666666667
0 0.846875 0.45555555555555555 0.01875 0.06388888888888888
0 0.58671875 0.6069444444444444 0.0328125 0.1111111111111111
0 0.824609375 0.4673611111111111 0.01953125 0.0625
0 0.559375 0.6465277777777778 0.0296875 0.09583333333333334
0 0.682421875 0.4215277777777778 0.01796875 0.05138888888888889
0 0.46953125 0.6833333333333333 0.0390625 0.11388888888888889
0 0.64921875 0.6270833333333333 0.03125 0.10138888888888889
0 0.815625 0.49027777777777776 0.01875 0.06944444444444445
0 0.2140625 0.825 0.059375 0.15555555555555556
0 0.24609375 0.925 0.0640625 0.125
0 0.727734375 0.4201388888888889 0.01796875 0.05694444444444444
0 0.6390625 0.5881944444444445 0.025 0.0875
0 0.821484375 0.41944444444444445 0.01796875 0.05277777777777778
0 0.695703125 0.5847222222222223 0.02109375 0.07222222222222222
1 0.389453125 0.8611111111111112 0.10703125 0.2
1 0.7390625 0.86875 0.1015625 0.18194444444444444
1 0.673828125 0.54375 0.04765625 0.0875
1 0.583203125 0.8256944444444444 0.09296875 0.19305555555555556
1 0.536328125 0.4354166666666667 0.04453125 0.0625
1 0.6671875 0.4652777777777778 0.04375 0.07777777777777778
1 0.583203125 0.5152777777777777 0.05703125 0.09444444444444444
1 0.683984375 0.3819444444444444 0.03359375 0.05
1 0.5984375 0.3715277777777778 0.034375 0.05694444444444444
1 0.840625 0.55 0.065625 0.08888888888888889
1 0.620703125 0.33055555555555555 0.02734375 0.04722222222222222
1 0.712890625 0.40625 0.03359375 0.059722222222222225
0 0.728515625 0.3611111111111111 0.01171875 0.04722222222222222
0 0.784765625 0.41458333333333336 0.01171875 0.04583333333333333
