0 0.021875 0.8604166666666667 0.04375 0.18194444444444444
0 0.465234375 0.30972222222222223 0.03203125 0.06944444444444445
0 0.591796875 0.25416666666666665 0.01484375 0.06111111111111111
0 0.388671875 0.19930555555555557 0.01328125 0.05694444444444444
0 0.04453125 0.4625 0.0234375 0.06666666666666667
0 0.620703125 0.24166666666666667 0.01171875 0.05277777777777778
0 0.559375 0.18541666666666667 0.021875 0.05416666666666667
1 0.559375 0.18541666666666667 0.021875 0.05416666666666667
3 0.265625 0.6840277777777778 0.1921875 0.46805555555555556
3 0.5890625 0.4097222222222222 0.0703125 0.17222222222222222
3 0.4625 0.11805555555555555 0.028125 0.06388888888888888
