0 0.46875 0.8118055555555556 0.0453125 0.18194444444444444
0 0.503125 0.6222222222222222 0.034375 0.1388888888888889
0 0.307421875 0.5041666666666667 0.02734375 0.10833333333333334
0 0.372265625 0.36319444444444443 0.01484375 0.0763888888888889
0 0.51484375 0.3645833333333333 0.01875 0.06805555555555555
0 0.551953125 0.34930555555555554 0.01640625 0.08194444444444444
0 0.507421875 0.2951388888888889 0.01328125 0.0625
0 0.469921875 0.47291666666666665 0.05703125 0.11527777777777778
1 0.316796875 0.6736111111111112 0.12578125 0.2638888888888889
1 0.42109375 0.35 0.053125 0.10277777777777777
