0 0.04296875 0.5208333333333334 0.0328125 0.13055555555555556
0 0.84453125 0.5402777777777777 0.034375 0.11388888888888889
0 0.773046875 0.4513888888888889 0.02421875 0.09166666666666666
0 0.75234375 0.39652777777777776 0.0265625 0.07916666666666666
2 0.64765625 0.4027777777777778 0.0953125 0.18888888888888888
1 0.5359375 0.4083333333333333 0.0625 0.11666666666666667
1 0.54375 0.30069444444444443 0.0390625 0.05694444444444444
2 0.67421875 0.24791666666666667 0.053125 0.06527777777777778
1 0.531640625 0.21944444444444444 0.05546875 0.04722222222222222
1 0.58984375 0.3277777777777778 0.0390625 0.06388888888888888
