4 0.309765625 0.47638888888888886 0.0384765625 0.11354166666666667
4 0.253125 0.38680555555555557 0.0326171875 0.09166666666666666
4 0.242578125 0.5590277777777778 0.05390625 0.1371527777777778
4 0.308203125 0.7159722222222222 0.0474609375 0.1486111111111111
4 0.582421875 0.41875 0.02734375 0.08472222222222223
4 0.59609375 0.21805555555555556 0.0205078125 0.041666666666666664
4 0.214453125 0.28194444444444444 0.0541015625 0.052083333333333336
4 0.080078125 0.41041666666666665 0.07421875 0.07118055555555555
4 0.432421875 0.2722222222222222 0.0234375 0.08576388888888889
4 0.10625 0.7340277777777777 0.0560546875 0.165625
