1 0.290625 0.8368055555555556 0.16875 0.3263888888888889
0 0.4859375 0.9229166666666667 0.0578125 0.15416666666666667
0 0.3359375 0.4625 0.021875 0.10555555555555556
0 0.380859375 0.3972222222222222 0.01640625 0.08611111111111111
0 0.48125 0.5076388888888889 0.028125 0.11527777777777778
0 0.53203125 0.4666666666666667 0.0265625 0.10277777777777777
0 0.50078125 0.38680555555555557 0.021875 0.0875
0 0.546875 0.34652777777777777 0.0203125 0.08194444444444444
0 0.525390625 0.26666666666666666 0.01171875 0.05277777777777778
1 0.486328125 0.2048611111111111 0.02890625 0.04027777777777778
0 0.50859375 0.22847222222222222 0.009375 0.04027777777777778
