0 0.646484375 0.30625 0.01484375 0.07361111111111111
0 0.626953125 0.2590277777777778 0.01171875 0.05694444444444444
1 0.674609375 0.8972222222222223 0.17578125 0.20555555555555555
1 0.417578125 0.2111111111111111 0.03203125 0.06388888888888888
1 0.89921875 0.9013888888888889 0.2015625 0.19722222222222222
3 0.55859375 0.3375 0.078125 0.18333333333333332
3 0.51796875 0.17222222222222222 0.0328125 0.08333333333333333
3 0.459765625 0.15694444444444444 0.02578125 0.06111111111111111
0 0.608984375 0.23333333333333334 0.01171875 0.04722222222222222
1 0.581640625 0.25 0.03515625 0.05277777777777778
