0 0.240234375 0.3715277777777778 0.01953125 0.07361111111111111
0 0.620703125 0.19236111111111112 0.01953125 0.05694444444444444
0 0.6453125 0.21736111111111112 0.0171875 0.07916666666666666
0 0.4609375 0.19236111111111112 0.0296875 0.05138888888888889
0 0.56953125 0.15833333333333333 0.015625 0.03611111111111111
1 0.258203125 0.44166666666666665 0.09296875 0.16666666666666666
2 0.75234375 0.5590277777777778 0.140625 0.2625
3 0.571484375 0.30277777777777776 0.07421875 0.20555555555555555
3 0.26328125 0.7916666666666666 0.23125 0.4166666666666667
3 0.408984375 0.4513888888888889 0.10078125 0.175
