0 0.244921875 0.8513888888888889 0.06953125 0.1527777777777778
0 0.648828125 0.40902777777777777 0.01953125 0.05138888888888889
0 0.487109375 0.7847222222222222 0.04609375 0.12777777777777777
0 0.852734375 0.42291666666666666 0.01796875 0.04861111111111111
0 0.8390625 0.46041666666666664 0.0203125 0.05416666666666667
0 0.808203125 0.47847222222222224 0.02265625 0.059722222222222225
0 0.84140625 0.37777777777777777 0.015625 0.041666666666666664
0 0.691796875 0.4625 0.02578125 0.06944444444444445
0 0.845703125 0.5465277777777777 0.03203125 0.0763888888888889
0 0.769140625 0.4375 0.01953125 0.05555555555555555
0 0.7203125 0.37083333333333335 0.0140625 0.03611111111111111
0 0.742578125 0.4798611111111111 0.02265625 0.0625
0 0.7859375 0.4083333333333333 0.015625 0.041666666666666664
0 0.798046875 0.3763888888888889 0.01328125 0.041666666666666664
0 0.816796875 0.3548611111111111 0.01328125 0.034722222222222224
0 0.76796875 0.3527777777777778 0.0140625 0.03888888888888889
0 0.79375 0.4486111111111111 0.0171875 0.05277777777777778
0 0.821875 0.3951388888888889 0.0140625 0.04027777777777778
0 0.744140625 0.43125 0.02265625 0.05138888888888889
0 0.78671875 0.33819444444444446 0.0125 0.034722222222222224
0 0.73828125 0.36527777777777776 0.015625 0.03888888888888889
1 0.706640625 0.3368055555555556 0.03046875 0.043055555555555555
1 0.636328125 0.3798611111111111 0.03203125 0.04583333333333333
1 0.565234375 0.45902777777777776 0.06328125 0.0875
1 0.5265625 0.43472222222222223 0.046875 0.06944444444444445
1 0.63125 0.32222222222222224 0.0296875 0.044444444444444446
1 0.7375 0.3951388888888889 0.0296875 0.05138888888888889
