1 0.698046875 0.25416666666666665 0.04296875 0.03611111111111111
3 0.23046875 0.6611111111111111 0.1671875 0.41388888888888886
3 0.5890625 0.48819444444444443 0.1578125 0.41805555555555557
3 0.530859375 0.27361111111111114 0.06484375 0.1361111111111111
3 0.627734375 0.30694444444444446 0.06328125 0.075
3 0.564453125 0.24583333333333332 0.05703125 0.08611111111111111
3 0.35546875 0.33055555555555555 0.0703125 0.20555555555555555
3 0.25859375 0.18958333333333333 0.071875 0.0763888888888889
3 0.19609375 0.1951388888888889 0.0328125 0.05138888888888889
0 0.132421875 0.45625 0.04765625 0.1125
0 0.173046875 0.3625 0.03046875 0.06666666666666667
0 0.71171875 0.2777777777777778 0.0078125 0.03611111111111111
0 0.3609375 0.21805555555555556 0.0171875 0.025
0 0.39375 0.22361111111111112 0.021875 0.041666666666666664
0 0.43359375 0.2222222222222222 0.025 0.03611111111111111
3 0.642578125 0.21875 0.10078125 0.0875
