5 0.553125 0.3368055555555556 0.065234375 0.1111111111111111
4 0.692578125 0.30069444444444443 0.0287109375 0.04027777777777778
4 0.69453125 0.3645833333333333 0.023828125 0.07048611111111111
4 0.74296875 0.33819444444444446 0.0345703125 0.06840277777777778
4 0.08359375 0.6131944444444445 0.0451171875 0.13506944444444444
4 0.071484375 0.39652777777777776 0.0380859375 0.05277777777777778
4 0.218359375 0.2986111111111111 0.0546875 0.07222222222222222
4 0.200390625 0.44027777777777777 0.0296875 0.06111111111111111
4 0.209765625 0.5243055555555556 0.0271484375 0.10451388888888889
4 0.273046875 0.7368055555555556 0.0421875 0.14027777777777778
4 0.31640625 0.41041666666666665 0.026953125 0.1111111111111111
4 0.2765625 0.39375 0.0234375 0.07881944444444444
4 0.29296875 0.3277777777777778 0.0328125 0.08020833333333334
4 0.374609375 0.2652777777777778 0.02109375 0.06979166666666667
4 0.649609375 0.5583333333333333 0.0572265625 0.13645833333333332
4 0.24375 0.5340277777777778 0.0439453125 0.1371527777777778
4 0.36640625 0.21805555555555556 0.0158203125 0.058333333333333334
5 0.508203125 0.22430555555555556 0.04140625 0.059722222222222225
4 0.6140625 0.24375 0.027734375 0.05451388888888889
4 0.63828125 0.2423611111111111 0.023046875 0.07361111111111111
4 0.65546875 0.2361111111111111 0.0185546875 0.06076388888888889
