0 0.19765625 0.5444444444444444 0.046875 0.1527777777777778
0 0.090625 0.6041666666666666 0.05 0.15833333333333333
0 0.752734375 0.39166666666666666 0.03203125 0.1
0 0.28515625 0.3236111111111111 0.0234375 0.075
0 0.316796875 0.3402777777777778 0.02578125 0.08611111111111111
0 0.33125 0.2388888888888889 0.0171875 0.05555555555555555
0 0.258984375 0.3798611111111111 0.02890625 0.09583333333333334
0 0.839453125 0.44722222222222224 0.03203125 0.10555555555555556
0 0.94765625 0.7118055555555556 0.05625 0.17083333333333334
0 0.704296875 0.36041666666666666 0.02265625 0.0875
0 0.60546875 0.25069444444444444 0.0171875 0.059722222222222225
0 0.665234375 0.2791666666666667 0.01953125 0.06388888888888888
0 0.357421875 0.26666666666666666 0.01640625 0.06111111111111111
0 0.634375 0.22847222222222222 0.0171875 0.05416666666666667
0 0.56953125 0.23402777777777778 0.015625 0.04861111111111111
0 0.69140625 0.29791666666666666 0.0203125 0.06527777777777778
0 0.378515625 0.18333333333333332 0.01328125 0.03888888888888889
0 0.361328125 0.20972222222222223 0.01484375 0.044444444444444446
1 0.633984375 0.31319444444444444 0.05546875 0.09305555555555556
1 0.408203125 0.22430555555555556 0.04140625 0.06805555555555555
1 0.54765625 0.33819444444444446 0.0578125 0.10416666666666667
1 0.532421875 0.23819444444444443 0.03828125 0.0625
1 0.23671875 0.8986111111111111 0.146875 0.20277777777777778
3 0.461328125 0.1875 0.04765625 0.12777777777777777
0 0.559765625 0.21041666666666667 0.01171875 0.05694444444444444
0 0.53984375 0.38263888888888886 0.025 0.10138888888888889
0 0.721484375 0.32430555555555557 0.01484375 0.07361111111111111
0 0.65546875 0.22569444444444445 0.015625 0.05416666666666667
3 0.780859375 0.7208333333333333 0.37421875 0.5583333333333333
0 0.872265625 0.66875 0.03515625 0.11527777777777778
