4 0.703125 0.47638888888888886 0.037890625 0.14722222222222223
4 0.759765625 0.4166666666666667 0.0416015625 0.13402777777777777
4 0.70390625 0.3972222222222222 0.0373046875 0.08090277777777778
4 0.6953125 0.29305555555555557 0.021484375 0.07465277777777778
4 0.6578125 0.2965277777777778 0.025390625 0.06840277777777778
4 0.616796875 0.27291666666666664 0.0265625 0.06111111111111111
4 0.62578125 0.34375 0.0265625 0.06493055555555556
5 0.5640625 0.3277777777777778 0.0669921875 0.096875
4 0.310546875 0.38333333333333336 0.0349609375 0.10625
4 0.305859375 0.5201388888888889 0.03359375 0.13333333333333333
4 0.241015625 0.5506944444444445 0.05 0.13333333333333333
4 0.202734375 0.4625 0.04296875 0.08576388888888889
4 0.37421875 0.20555555555555555 0.0169921875 0.06979166666666667
4 0.082421875 0.3909722222222222 0.0625 0.08472222222222223
4 0.214453125 0.29097222222222224 0.0490234375 0.058333333333333334
4 0.495703125 0.2298611111111111 0.0224609375 0.06840277777777778
