0 0.783203125 0.5625 0.06171875 0.11388888888888889
0 0.3625 0.39791666666666664 0.0625 0.09583333333333334
0 0.214453125 0.4375 0.05546875 0.09722222222222222
0 0.489453125 0.3645833333333333 0.04140625 0.08472222222222223
0 0.1453125 0.5618055555555556 0.08125 0.12083333333333333
0 0.409375 0.29583333333333334 0.01875 0.075
0 0.84609375 0.5916666666666667 0.0546875 0.11666666666666667
0 0.270703125 0.41944444444444445 0.05078125 0.09722222222222222
0 0.11328125 0.4222222222222222 0.059375 0.09444444444444444
0 0.158203125 0.4388888888888889 0.06171875 0.10277777777777777
0 0.573828125 0.34930555555555554 0.03515625 0.0763888888888889
0 0.878125 0.54375 0.0546875 0.09305555555555556
0 0.354296875 0.2972222222222222 0.02734375 0.07222222222222222
0 0.96484375 0.95 0.05 0.1
0 0.374609375 0.28888888888888886 0.01484375 0.06944444444444445
0 0.331640625 0.28194444444444444 0.01953125 0.05555555555555555
0 0.7046875 0.34305555555555556 0.0296875 0.08888888888888889
1 0.144921875 0.8472222222222222 0.20390625 0.3055555555555556
2 0.384765625 0.24583333333333332 0.03984375 0.08611111111111111
3 0.4546875 0.2534722222222222 0.04375 0.11527777777777778
3 0.53984375 0.2791666666666667 0.05 0.11388888888888889
3 0.571875 0.21180555555555555 0.0375 0.09583333333333334
3 0.892578125 0.4375 0.14765625 0.21666666666666667
3 0.50859375 0.1597222222222222 0.0328125 0.07777777777777778
1 0.383984375 0.24722222222222223 0.03984375 0.08611111111111111
