0 0.1921875 0.6972222222222222 0.05 0.2
0 0.309765625 0.39375 0.02578125 0.10972222222222222
0 0.542578125 0.26944444444444443 0.01328125 0.06666666666666667
0 0.28203125 0.5041666666666667 0.03125 0.13333333333333333
1 0.575 0.23958333333333334 0.0296875 0.06527777777777778
3 0.409765625 0.21736111111111112 0.04765625 0.09583333333333334
3 0.06015625 0.6409722222222223 0.1203125 0.29583333333333334
3 0.51015625 0.18263888888888888 0.0265625 0.0625
1 0.457421875 0.2791666666666667 0.03828125 0.06111111111111111
0 0.457421875 0.22013888888888888 0.01484375 0.043055555555555555
