0 0.1046875 0.5902777777777778 0.040625 0.14722222222222223
0 0.339453125 0.4354166666666667 0.02578125 0.10972222222222222
0 0.261328125 0.7979166666666667 0.04296875 0.1986111111111111
0 0.137109375 0.7833333333333333 0.04296875 0.19166666666666668
0 0.7515625 0.6159722222222223 0.0328125 0.14305555555555555
0 0.161328125 0.5756944444444444 0.03046875 0.13472222222222222
0 0.080078125 0.8944444444444445 0.05390625 0.16666666666666666
0 0.854296875 0.8145833333333333 0.04609375 0.1736111111111111
0 0.575 0.9104166666666667 0.0453125 0.1486111111111111
0 0.18046875 0.6847222222222222 0.0296875 0.16111111111111112
0 0.90859375 0.8097222222222222 0.0453125 0.16944444444444445
0 0.785546875 0.7993055555555556 0.04140625 0.1736111111111111
0 0.873046875 0.5229166666666667 0.06484375 0.09861111111111111
0 0.971484375 0.8930555555555556 0.04765625 0.16111111111111112
0 0.243359375 0.6444444444444445 0.02890625 0.16111111111111112
0 0.547265625 0.28680555555555554 0.01953125 0.0875
0 0.833203125 0.6590277777777778 0.03203125 0.14305555555555555
0 0.3015625 0.5305555555555556 0.0265625 0.13055555555555556
0 0.578125 0.38125 0.0234375 0.09305555555555556
0 0.25234375 0.5458333333333333 0.025 0.125
0 0.735546875 0.4097222222222222 0.02734375 0.09722222222222222
0 0.62890625 0.2875 0.0234375 0.075
0 0.884765625 0.9347222222222222 0.06640625 0.11944444444444445
0 0.668359375 0.3388888888888889 0.02265625 0.08888888888888889
0 0.305078125 0.42430555555555555 0.02734375 0.10138888888888889
0 0.019921875 0.9090277777777778 0.03984375 0.14027777777777778
0 0.5953125 0.31875 0.015625 0.07361111111111111
0 0.758203125 0.5222222222222223 0.02890625 0.10833333333333334
0 0.276953125 0.4076388888888889 0.02578125 0.09305555555555556
0 0.340234375 0.3263888888888889 0.02265625 0.08888888888888889
0 0.2578125 0.4638888888888889 0.025 0.1111111111111111
1 0.526171875 0.22569444444444445 0.03359375 0.06527777777777778
1 0.573828125 0.7027777777777777 0.09921875 0.21666666666666667
1 0.3921875 0.2951388888888889 0.0453125 0.09583333333333334
1 0.45859375 0.25555555555555554 0.0359375 0.09444444444444444
3 0.66640625 0.5611111111111111 0.134375 0.325
3 0.433203125 0.5631944444444444 0.15703125 0.44305555555555554
0 0.848046875 0.48819444444444443 0.03828125 0.08194444444444444
0 0.70703125 0.40625 0.0234375 0.09027777777777778
0 0.7 0.36666666666666664 0.0171875 0.041666666666666664
0 0.310546875 0.3458333333333333 0.01328125 0.06111111111111111
0 0.27578125 0.3625 0.0140625 0.05555555555555555
