0 0.292578125 0.8104166666666667 0.06015625 0.1486111111111111
0 0.66953125 0.38125 0.01875 0.04583333333333333
0 0.589453125 0.6569444444444444 0.03828125 0.10833333333333334
0 0.84453125 0.50625 0.0265625 0.07083333333333333
0 0.416015625 0.7847222222222222 0.04921875 0.13333333333333333
0 0.454296875 0.6729166666666667 0.04453125 0.1125
0 0.82109375 0.4479166666666667 0.01875 0.05416666666666667
0 0.805078125 0.4215277777777778 0.01640625 0.04861111111111111
0 0.77578125 0.4201388888888889 0.015625 0.04583333333333333
0 0.7453125 0.42569444444444443 0.01875 0.05138888888888889
0 0.758984375 0.45416666666666666 0.01796875 0.058333333333333334
0 0.8375 0.3548611111111111 0.0125 0.034722222222222224
0 0.852734375 0.43472222222222223 0.01796875 0.05
0 0.715234375 0.4361111111111111 0.02109375 0.058333333333333334
0 0.760546875 0.4076388888888889 0.01484375 0.043055555555555555
0 0.79140625 0.3958333333333333 0.0140625 0.03888888888888889
0 0.855859375 0.3951388888888889 0.01640625 0.04027777777777778
0 0.804296875 0.36527777777777776 0.01328125 0.03888888888888889
0 0.83984375 0.41944444444444445 0.015625 0.04722222222222222
0 0.822265625 0.40625 0.01328125 0.04027777777777778
0 0.767578125 0.3798611111111111 0.01328125 0.0375
0 0.822265625 0.36875 0.01171875 0.0375
0 0.8203125 0.3375 0.009375 0.030555555555555555
1 0.051953125 0.7694444444444445 0.10390625 0.1361111111111111
1 0.735546875 0.3819444444444444 0.03046875 0.04722222222222222
1 0.63515625 0.30972222222222223 0.025 0.03888888888888889
1 0.56640625 0.3972222222222222 0.0390625 0.06388888888888888
1 0.70546875 0.3215277777777778 0.025 0.0375
1 0.605078125 0.41180555555555554 0.04609375 0.06527777777777778
1 0.653125 0.35625 0.028125 0.04583333333333333
