0 0.516796875 0.8111111111111111 0.04765625 0.13055555555555556
0 0.183203125 0.9104166666666667 0.08203125 0.15416666666666667
0 0.8375 0.8923611111111112 0.0453125 0.14305555555555555
0 0.3625 0.8555555555555555 0.0640625 0.15
0 0.71484375 0.4527777777777778 0.021875 0.06111111111111111
0 0.688671875 0.5590277777777778 0.03046875 0.08472222222222223
0 0.623046875 0.8534722222222222 0.04453125 0.12638888888888888
0 0.602734375 0.5916666666666667 0.03203125 0.08611111111111111
0 0.732421875 0.5201388888888889 0.02578125 0.07361111111111111
0 0.85625 0.5868055555555556 0.04375 0.09861111111111111
0 0.6296875 0.4965277777777778 0.0265625 0.07083333333333333
0 0.630078125 0.6201388888888889 0.03203125 0.09027777777777778
0 0.669921875 0.7305555555555555 0.04140625 0.10833333333333334
0 0.684375 0.4888888888888889 0.0265625 0.06944444444444445
0 0.73984375 0.4513888888888889 0.0203125 0.058333333333333334
0 0.78203125 0.5180555555555556 0.028125 0.075
0 0.776171875 0.4215277777777778 0.01953125 0.05138888888888889
0 0.826171875 0.4388888888888889 0.02109375 0.058333333333333334
0 0.803515625 0.50625 0.02578125 0.07361111111111111
0 0.609765625 0.7145833333333333 0.03515625 0.09583333333333334
0 0.755859375 0.4965277777777778 0.02265625 0.06805555555555555
0 0.866796875 0.4666666666666667 0.01953125 0.06388888888888888
0 0.85625 0.51875 0.0234375 0.0625
0 0.560546875 0.6479166666666667 0.03515625 0.09583333333333334
0 0.5375 0.5923611111111111 0.0328125 0.09027777777777778
0 0.800390625 0.4375 0.02109375 0.058333333333333334
0 0.76015625 0.4375 0.01875 0.05277777777777778
0 0.854296875 0.4041666666666667 0.02265625 0.05277777777777778
0 0.791796875 0.3784722222222222 0.01953125 0.04583333333333333
0 0.745703125 0.35208333333333336 0.01796875 0.043055555555555555
0 0.836328125 0.5451388888888888 0.02265625 0.07361111111111111
0 0.84453125 0.4909722222222222 0.01875 0.05416666666666667
0 0.74375 0.42083333333333334 0.0203125 0.05
0 0.776953125 0.46875 0.01953125 0.05416666666666667
0 0.34765625 0.9520833333333333 0.0484375 0.09305555555555556
0 0.76796875 0.38333333333333336 0.0171875 0.044444444444444446
1 0.07265625 0.8645833333333334 0.1359375 0.17916666666666667
1 0.5109375 0.4375 0.046875 0.06666666666666667
1 0.654296875 0.3798611111111111 0.03515625 0.05138888888888889
1 0.601171875 0.3861111111111111 0.03359375 0.05277777777777778
1 0.462109375 0.4875 0.06171875 0.08333333333333333
1 0.56328125 0.4597222222222222 0.059375 0.08055555555555556
1 0.65703125 0.4305555555555556 0.040625 0.06388888888888888
1 0.61875 0.35 0.028125 0.041666666666666664
0 0.71015625 0.41597222222222224 0.01875 0.043055555555555555
