3 0.581640625 0.4951388888888889 0.18203125 0.5236111111111111
0 0.143359375 0.2152777777777778 0.01171875 0.03611111111111111
0 0.116796875 0.19652777777777777 0.01484375 0.0375
0 0.3078125 0.22361111111111112 0.0265625 0.041666666666666664
0 0.35234375 0.21875 0.021875 0.0375
0 0.384375 0.2263888888888889 0.0265625 0.041666666666666664
0 0.844140625 0.5347222222222222 0.03828125 0.10833333333333334
2 0.536328125 0.22013888888888888 0.11328125 0.07361111111111111
3 0.68671875 0.23819444444444443 0.0578125 0.0875
1 0.642578125 0.24722222222222223 0.04140625 0.04722222222222222
3 0.19921875 0.16458333333333333 0.040625 0.06527777777777778
