0 0.43828125 0.5388888888888889 0.034375 0.1388888888888889
3 0.258203125 0.3347222222222222 0.05859375 0.1638888888888889
3 0.70234375 0.22361111111111112 0.0546875 0.06111111111111111
0 0.708984375 0.3277777777777778 0.02421875 0.06944444444444445
0 0.19375 0.1951388888888889 0.0484375 0.06527777777777778
1 0.248046875 0.2298611111111111 0.03671875 0.05138888888888889
1 0.236328125 0.27291666666666664 0.03359375 0.0625
1 0.389453125 0.23333333333333334 0.02890625 0.03611111111111111
1 0.434765625 0.23333333333333334 0.03203125 0.05
1 0.485546875 0.2263888888888889 0.03359375 0.03888888888888889
0 0.71796875 0.2701388888888889 0.0140625 0.05694444444444444
