3 0.655859375 0.6652777777777777 0.30234375 0.6611111111111111
0 0.166796875 0.29791666666666666 0.01953125 0.07083333333333333
0 0.77890625 0.41944444444444445 0.034375 0.09722222222222222
0 0.70625 0.3111111111111111 0.0203125 0.06666666666666667
0 0.579296875 0.2951388888888889 0.02734375 0.07361111111111111
2 0.4984375 0.21458333333333332 0.1078125 0.08472222222222223
1 0.62265625 0.22291666666666668 0.0609375 0.04583333333333333
1 0.27265625 0.20694444444444443 0.046875 0.05277777777777778
0 0.33359375 0.2152777777777778 0.028125 0.03888888888888889
0 0.362890625 0.21736111111111112 0.02578125 0.04027777777777778
0 0.383984375 0.22291666666666668 0.02421875 0.04027777777777778
0 0.419921875 0.22361111111111112 0.02578125 0.044444444444444446
