0 0.4234375 0.9194444444444444 0.075 0.15555555555555556
0 0.376953125 0.5180555555555556 0.02734375 0.12777777777777777
0 0.149609375 0.5229166666666667 0.02890625 0.12361111111111112
0 0.26796875 0.45208333333333334 0.0203125 0.10694444444444444
0 0.4265625 0.6305555555555555 0.0359375 0.15
0 0.299609375 0.9069444444444444 0.04453125 0.18611111111111112
0 0.85625 0.7708333333333334 0.059375 0.16944444444444445
0 0.688671875 0.6027777777777777 0.03203125 0.1388888888888889
0 0.78359375 0.8701388888888889 0.0546875 0.15138888888888888
0 0.536328125 0.3298611111111111 0.01640625 0.0875
0 0.1953125 0.7145833333333333 0.0375 0.16805555555555557
0 0.307421875 0.5013888888888889 0.02578125 0.12222222222222222
0 0.212109375 0.575 0.03046875 0.15
0 0.746875 0.45069444444444445 0.0296875 0.10694444444444444
0 0.716796875 0.5402777777777777 0.03515625 0.1388888888888889
0 0.645703125 0.38125 0.02578125 0.0875
0 0.2640625 0.5638888888888889 0.03125 0.13055555555555556
0 0.363671875 0.30833333333333335 0.01953125 0.075
0 0.755078125 0.6909722222222222 0.04296875 0.16527777777777777
0 0.80703125 0.6736111111111112 0.05 0.15833333333333333
0 0.289453125 0.6576388888888889 0.03671875 0.15416666666666667
0 0.28671875 0.3972222222222222 0.01875 0.09444444444444444
0 0.34375 0.3993055555555556 0.025 0.10694444444444444
0 0.65234375 0.49375 0.028125 0.10694444444444444
0 0.567578125 0.35555555555555557 0.02109375 0.08333333333333333
0 0.0875 0.3784722222222222 0.0609375 0.0875
0 0.609375 0.4263888888888889 0.025 0.10833333333333334
0 0.969921875 0.95 0.04453125 0.1
0 0.76953125 0.5875 0.025 0.13333333333333333
0 0.61171875 0.35555555555555557 0.025 0.08055555555555556
0 0.212890625 0.50625 0.03046875 0.11527777777777778
0 0.338671875 0.29791666666666666 0.01953125 0.06805555555555555
0 0.6734375 0.4666666666666667 0.0171875 0.09166666666666666
0 0.57421875 0.2861111111111111 0.01875 0.06111111111111111
0 0.698828125 0.3645833333333333 0.02578125 0.08472222222222223
0 0.306640625 0.7548611111111111 0.04609375 0.1597222222222222
0 0.322265625 0.3680555555555556 0.02265625 0.08888888888888889
0 0.588671875 0.35 0.02578125 0.07777777777777778
1 0.411328125 0.3770833333333333 0.05078125 0.10694444444444444
1 0.605859375 0.5736111111111111 0.08203125 0.18333333333333332
1 0.40234375 0.24513888888888888 0.03125 0.06527777777777778
2 0.456640625 0.3013888888888889 0.04921875 0.1
0 0.681640625 0.3770833333333333 0.01953125 0.05416666666666667
0 0.678125 0.4131944444444444 0.0234375 0.06527777777777778
0 0.19609375 0.9590277777777778 0.0578125 0.08194444444444444
0 0.30703125 0.3527777777777778 0.015625 0.08055555555555556
