0 0.362109375 0.3111111111111111 0.03671875 0.07222222222222222
0 0.469140625 0.24583333333333332 0.03828125 0.06111111111111111
1 0.546875 0.32083333333333336 0.0484375 0.10277777777777777
1 0.61953125 0.35625 0.05625 0.09861111111111111
2 0.562109375 0.21041666666666667 0.10078125 0.08472222222222223
2 0.623828125 0.2534722222222222 0.06640625 0.10694444444444444
0 0.816015625 0.49930555555555556 0.03828125 0.09583333333333334
3 0.656640625 0.8138888888888889 0.24296875 0.37222222222222223
2 0.89453125 0.8090277777777778 0.2109375 0.32916666666666666
0 0.978515625 0.6673611111111111 0.04296875 0.13472222222222222
0 0.301953125 0.20972222222222223 0.02734375 0.05277777777777778
0 0.705078125 0.3104166666666667 0.02109375 0.05694444444444444
0 0.699609375 0.28194444444444444 0.01640625 0.03611111111111111
0 0.728515625 0.2423611111111111 0.01640625 0.04861111111111111
1 0.690625 0.22708333333333333 0.0484375 0.0625
