3 0.6015625 0.525 0.209375 0.5638888888888889
3 0.86015625 0.7430555555555556 0.2796875 0.5138888888888888
3 0.613671875 0.24583333333333332 0.07421875 0.10833333333333334
3 0.3703125 0.2048611111111111 0.1421875 0.10138888888888889
3 0.23046875 0.18888888888888888 0.0515625 0.075
2 0.680078125 0.22430555555555556 0.05390625 0.06527777777777778
2 0.7296875 0.2298611111111111 0.0546875 0.0625
0 0.70625 0.32013888888888886 0.0171875 0.05694444444444444
0 0.706640625 0.2923611111111111 0.01640625 0.04583333333333333
0 0.14453125 0.24305555555555555 0.0140625 0.044444444444444446
0 0.115625 0.2513888888888889 0.0203125 0.04722222222222222
0 0.283203125 0.22083333333333333 0.02265625 0.05555555555555555
