3 0.67734375 0.6520833333333333 0.36875 0.6958333333333333
2 0.665625 0.3770833333333333 0.1203125 0.16805555555555557
2 0.615234375 0.2548611111111111 0.05703125 0.12638888888888888
0 0.705859375 0.3020833333333333 0.01640625 0.059722222222222225
0 0.7265625 0.24097222222222223 0.0140625 0.043055555555555555
0 0.736328125 0.2569444444444444 0.01328125 0.04722222222222222
0 0.74921875 0.23541666666666666 0.0109375 0.03194444444444444
3 0.33359375 0.19236111111111112 0.1140625 0.10694444444444444
3 0.1765625 0.18888888888888888 0.0484375 0.06388888888888888
0 0.21796875 0.20069444444444445 0.015625 0.03194444444444444
0 0.252734375 0.20694444444444443 0.01484375 0.041666666666666664
0 0.274609375 0.20972222222222223 0.01953125 0.03611111111111111
