0 0.35 0.2673611111111111 0.015625 0.07083333333333333
0 0.318359375 0.32013888888888886 0.01796875 0.08194444444444444
0 0.654296875 0.3347222222222222 0.01953125 0.08055555555555556
0 0.5828125 0.25555555555555554 0.0296875 0.06944444444444445
1 0.5828125 0.25555555555555554 0.0296875 0.06944444444444445
2 0.4140625 0.2048611111111111 0.05625 0.11805555555555555
3 0.312109375 0.78125 0.21015625 0.4375
3 0.53359375 0.2 0.0421875 0.10277777777777777
3 0.696875 0.7395833333333334 0.2734375 0.5208333333333334
0 0.503515625 0.33541666666666664 0.01640625 0.07083333333333333
