0 0.337109375 0.3020833333333333 0.02265625 0.0763888888888889
0 0.430078125 0.2222222222222222 0.02421875 0.07777777777777778
0 0.68046875 0.4263888888888889 0.03125 0.10277777777777777
0 0.73515625 0.5576388888888889 0.0515625 0.17083333333333334
0 0.798828125 0.5756944444444444 0.05859375 0.1597222222222222
0 0.828515625 0.4638888888888889 0.03984375 0.10833333333333334
0 0.694921875 0.28541666666666665 0.03046875 0.07361111111111111
0 0.521875 0.2861111111111111 0.01875 0.07777777777777778
0 0.63046875 0.19791666666666666 0.015625 0.05138888888888889
0 0.457421875 0.16597222222222222 0.01953125 0.05416666666666667
0 0.48203125 0.15833333333333333 0.015625 0.05555555555555555
0 0.085546875 0.36527777777777776 0.03046875 0.08888888888888889
2 0.58046875 0.46111111111111114 0.08125 0.19444444444444445
3 0.564453125 0.2659722222222222 0.06171875 0.14583333333333334
