2 0.623828125 0.37083333333333335 0.06640625 0.12777777777777777
1 0.606640625 0.78125 0.12890625 0.24305555555555555
1 0.794140625 0.8201388888888889 0.20234375 0.2875
1 0.692578125 0.53125 0.09765625 0.1486111111111111
1 0.548828125 0.3458333333333333 0.04296875 0.09444444444444444
1 0.522265625 0.29791666666666666 0.04609375 0.0875
1 0.605078125 0.2875 0.03203125 0.06111111111111111
1 0.665234375 0.26319444444444445 0.04140625 0.04861111111111111
3 0.671484375 0.20555555555555555 0.09296875 0.10277777777777777
1 0.31953125 0.2125 0.053125 0.05
