0 0.123046875 0.19305555555555556 0.01328125 0.05277777777777778
0 0.16875 0.24861111111111112 0.015625 0.06111111111111111
1 0.27578125 0.2465277777777778 0.040625 0.05416666666666667
3 0.392578125 0.20277777777777778 0.09921875 0.07777777777777778
2 0.604296875 0.7458333333333333 0.17265625 0.36944444444444446
3 0.871875 0.8 0.2546875 0.3888888888888889
1 0.59921875 0.48194444444444445 0.0765625 0.13055555555555556
2 0.548046875 0.3284722222222222 0.07265625 0.22361111111111112
2 0.6265625 0.30416666666666664 0.053125 0.15
0 0.70078125 0.2743055555555556 0.0140625 0.059722222222222225
2 0.692578125 0.225 0.07734375 0.08888888888888889
0 0.75 0.40069444444444446 0.0234375 0.08194444444444444
0 0.86484375 0.5388888888888889 0.0359375 0.1111111111111111
0 0.938671875 0.5222222222222223 0.02734375 0.10555555555555556
0 0.967578125 0.5444444444444444 0.02109375 0.11666666666666667
