4 0.24609375 0.41597222222222224 0.04375 0.10555555555555556
4 0.22109375 0.56875 0.04375 0.13055555555555556
4 0.061328125 0.7034722222222223 0.0765625 0.25381944444444443
4 0.6609375 0.3902777777777778 0.0263671875 0.09444444444444444
4 0.7328125 0.3798611111111111 0.0357421875 0.09166666666666666
4 0.944921875 0.6645833333333333 0.0796875 0.18333333333333332
4 0.683203125 0.34652777777777777 0.0203125 0.10694444444444444
4 0.608984375 0.3076388888888889 0.0333984375 0.10277777777777777
4 0.634375 0.2916666666666667 0.024609375 0.08090277777777778
4 0.658984375 0.30069444444444443 0.0181640625 0.07083333333333333
4 0.688671875 0.27708333333333335 0.0328125 0.065625
5 0.559375 0.30486111111111114 0.062109375 0.10555555555555556
4 0.359375 0.22430555555555556 0.01875 0.075
4 0.084375 0.4076388888888889 0.0716796875 0.09340277777777778
4 0.21484375 0.29097222222222224 0.057421875 0.07048611111111111
