0 0.13359375 0.7951388888888888 0.05 0.2125
0 0.25390625 0.46597222222222223 0.01875 0.12361111111111112
0 0.859765625 0.6986111111111111 0.04140625 0.16666666666666666
0 0.213671875 0.3784722222222222 0.03984375 0.09027777777777778
0 0.594921875 0.39305555555555555 0.02578125 0.1
0 0.66875 0.3013888888888889 0.0234375 0.08333333333333333
0 0.4265625 0.3104166666666667 0.015625 0.08194444444444444
0 0.7734375 0.49027777777777776 0.03125 0.11388888888888889
0 0.023828125 0.43819444444444444 0.04140625 0.09305555555555556
0 0.2859375 0.45208333333333334 0.0234375 0.1125
0 0.560546875 0.2298611111111111 0.01640625 0.0625
0 0.734765625 0.4895833333333333 0.03046875 0.11805555555555555
0 0.871484375 0.9451388888888889 0.07890625 0.10972222222222222
0 0.2609375 0.39652777777777776 0.01875 0.0375
0 0.0203125 0.9506944444444444 0.040625 0.09861111111111111
0 0.299609375 0.3923611111111111 0.02421875 0.0875
0 0.300390625 0.33958333333333335 0.02265625 0.07916666666666666
0 0.346875 0.25277777777777777 0.01875 0.058333333333333334
1 0.22421875 0.9395833333333333 0.140625 0.11805555555555555
1 0.5359375 0.2986111111111111 0.040625 0.08333333333333333
1 0.385546875 0.37569444444444444 0.04921875 0.09305555555555556
1 0.3375 0.4527777777777778 0.0640625 0.14722222222222223
1 0.35078125 0.32222222222222224 0.0578125 0.09166666666666666
1 0.660546875 0.4534722222222222 0.06171875 0.12361111111111112
1 0.41171875 0.24097222222222223 0.0328125 0.06527777777777778
3 0.619921875 0.8791666666666667 0.11953125 0.2388888888888889
1 0.450390625 0.25763888888888886 0.03828125 0.06805555555555555
3 0.446875 0.47638888888888886 0.075 0.24166666666666667
3 0.4609375 0.1986111111111111 0.0328125 0.075
0 0.47734375 0.28125 0.0125 0.05694444444444444
0 0.387109375 0.2708333333333333 0.01640625 0.05
