4 0.92421875 0.6319444444444444 0.05 0.14444444444444443
4 0.159375 0.2965277777777778 0.0203125 0.07395833333333333
5 0.830859375 0.8513888888888889 0.19453125 0.29444444444444445
5 0.67578125 0.2534722222222222 0.0330078125 0.04618055555555556
6 0.11328125 0.5173611111111112 0.1486328125 0.2638888888888889
5 0.62109375 0.2826388888888889 0.046875 0.06944444444444445
6 0.676171875 0.49375 0.1275390625 0.23229166666666667
6 0.6109375 0.3215277777777778 0.053125 0.09861111111111111
6 0.712109375 0.22361111111111112 0.0630859375 0.08298611111111111
7 0.526171875 0.3229166666666667 0.0775390625 0.21493055555555557
