0 0.140234375 0.8298611111111112 0.06484375 0.15138888888888888
0 0.21328125 0.9270833333333334 0.078125 0.14583333333333334
0 0.327734375 0.9319444444444445 0.06484375 0.1361111111111111
0 0.387109375 0.9381944444444444 0.05078125 0.12361111111111112
0 0.737890625 0.8958333333333334 0.04921875 0.16111111111111112
0 0.82421875 0.9361111111111111 0.05 0.12777777777777777
0 0.89375 0.7368055555555556 0.034375 0.1375
0 0.834765625 0.7333333333333333 0.03515625 0.12777777777777777
0 0.8 0.8006944444444445 0.0375 0.12916666666666668
0 0.519921875 0.5888888888888889 0.02421875 0.09722222222222222
0 0.628125 0.65625 0.0296875 0.08194444444444444
0 0.71171875 0.5041666666666667 0.0234375 0.06944444444444445
0 0.6296875 0.5020833333333333 0.021875 0.059722222222222225
0 0.663671875 0.4722222222222222 0.01796875 0.06666666666666667
0 0.69453125 0.45416666666666666 0.01875 0.06388888888888888
0 0.730078125 0.45069444444444445 0.01484375 0.059722222222222225
0 0.74140625 0.4625 0.015625 0.06111111111111111
0 0.766015625 0.5076388888888889 0.01796875 0.09027777777777778
0 0.865234375 0.47291666666666665 0.02421875 0.06527777777777778
0 0.768359375 0.40694444444444444 0.01328125 0.044444444444444446
0 0.813671875 0.41388888888888886 0.01484375 0.05277777777777778
0 0.839453125 0.3958333333333333 0.01640625 0.05277777777777778
0 0.861328125 0.41180555555555554 0.01953125 0.05138888888888889
0 0.748828125 0.3763888888888889 0.01328125 0.044444444444444446
1 0.6640625 0.36666666666666664 0.028125 0.05
1 0.70234375 0.3486111111111111 0.0234375 0.03333333333333333
1 0.628515625 0.34791666666666665 0.02578125 0.04027777777777778
1 0.583203125 0.38680555555555557 0.03515625 0.0375
1 0.471875 0.4847222222222222 0.065625 0.07222222222222222
1 0.3921875 0.7986111111111112 0.103125 0.1527777777777778
1 0.443359375 0.875 0.00078125 0.002777777777777778
1 0.535546875 0.7493055555555556 0.07890625 0.13472222222222222
1 0.668359375 0.7263888888888889 0.07734375 0.15
1 0.738671875 0.6222222222222222 0.06640625 0.1
1 0.549609375 0.9131944444444444 0.11171875 0.1736111111111111
