1 0.7125 0.5666666666666667 0.125 0.16111111111111112
1 0.59609375 0.29097222222222224 0.0390625 0.06527777777777778
1 0.698828125 0.2569444444444444 0.03203125 0.04722222222222222
1 0.6046875 0.24375 0.0453125 0.0375
1 0.637890625 0.24027777777777778 0.04609375 0.041666666666666664
3 0.099609375 0.21666666666666667 0.05390625 0.09166666666666666
3 0.141796875 0.19166666666666668 0.03984375 0.075
3 0.694921875 0.21666666666666667 0.08515625 0.058333333333333334
3 0.625 0.19444444444444445 0.1125 0.06944444444444445
3 0.239453125 0.1986111111111111 0.09921875 0.11388888888888889
3 0.553125 0.41597222222222224 0.1234375 0.29583333333333334
