0 0.728515625 0.6895833333333333 0.05078125 0.09305555555555556
0 0.687109375 0.6534722222222222 0.03984375 0.09583333333333334
0 0.615625 0.6840277777777778 0.04375 0.09861111111111111
0 0.410546875 0.7763888888888889 0.05234375 0.10555555555555556
0 0.377734375 0.6715277777777777 0.03046875 0.10694444444444444
0 0.16640625 0.8201388888888889 0.0625 0.11527777777777778
0 0.618359375 0.8972222222222223 0.07265625 0.18055555555555555
0 0.54296875 0.5680555555555555 0.0265625 0.06111111111111111
0 0.521484375 0.5527777777777778 0.02890625 0.07222222222222222
0 0.575390625 0.5090277777777777 0.03046875 0.07361111111111111
0 0.598046875 0.5166666666666667 0.03828125 0.07222222222222222
0 0.613671875 0.47708333333333336 0.02734375 0.059722222222222225
2 0.59921875 0.6159722222222223 0.0734375 0.1597222222222222
0 0.641015625 0.49583333333333335 0.02578125 0.05
0 0.65234375 0.4395833333333333 0.015625 0.04583333333333333
0 0.6546875 0.3993055555555556 0.028125 0.0375
0 0.672265625 0.3951388888888889 0.01953125 0.04583333333333333
0 0.692578125 0.4527777777777778 0.03359375 0.05277777777777778
0 0.68828125 0.5076388888888889 0.0265625 0.059722222222222225
0 0.68359375 0.5652777777777778 0.0375 0.07222222222222222
0 0.7234375 0.4826388888888889 0.0296875 0.0763888888888889
0 0.74921875 0.48194444444444445 0.0171875 0.06111111111111111
0 0.7421875 0.44027777777777777 0.0203125 0.04722222222222222
0 0.775 0.5173611111111112 0.0296875 0.0763888888888889
0 0.816015625 0.5145833333333333 0.02890625 0.07361111111111111
0 0.828515625 0.45694444444444443 0.01328125 0.030555555555555555
0 0.878515625 0.48055555555555557 0.03203125 0.08333333333333333
0 0.815234375 0.4354166666666667 0.01328125 0.05138888888888889
0 0.78046875 0.45555555555555555 0.0296875 0.07222222222222222
0 0.78671875 0.4111111111111111 0.0171875 0.03888888888888889
0 0.80546875 0.4583333333333333 0.01875 0.05277777777777778
0 0.833203125 0.4166666666666667 0.02890625 0.05277777777777778
1 0.604296875 0.38263888888888886 0.03359375 0.059722222222222225
1 0.538671875 0.42291666666666666 0.04921875 0.06805555555555555
1 0.520703125 0.48819444444444443 0.06015625 0.08472222222222223
1 0.62109375 0.3423611111111111 0.0265625 0.02361111111111111
3 0.59765625 0.6131944444444445 0.0734375 0.1597222222222222
1 0.701171875 0.41388888888888886 0.03359375 0.06388888888888888
