4 0.159375 0.6111111111111112 0.0546875 0.14375
4 0.269140625 0.42777777777777776 0.04609375 0.13055555555555556
4 0.3265625 0.3958333333333333 0.0265625 0.11458333333333333
4 0.384375 0.3013888888888889 0.025390625 0.09166666666666666
4 0.355078125 0.30069444444444443 0.0203125 0.06840277777777778
4 0.07890625 0.4 0.0623046875 0.07152777777777777
4 0.20390625 0.2833333333333333 0.0498046875 0.05520833333333333
4 0.594921875 0.3416666666666667 0.03046875 0.08819444444444445
4 0.21875 0.40069444444444446 0.0341796875 0.10659722222222222
5 0.42890625 0.3125 0.0564453125 0.11388888888888889
4 0.153515625 0.7527777777777778 0.0375 0.15
4 0.29609375 0.32708333333333334 0.0171875 0.07916666666666666
4 0.319140625 0.32083333333333336 0.0171875 0.06701388888888889
4 0.372265625 0.2013888888888889 0.0140625 0.050347222222222224
