3 0.165234375 0.5215277777777778 0.23828125 0.42916666666666664
3 0.38203125 0.3701388888888889 0.09375 0.2513888888888889
3 0.548046875 0.375 0.10078125 0.2972222222222222
3 0.233984375 0.2263888888888889 0.06796875 0.1111111111111111
3 0.38046875 0.20625 0.08125 0.06527777777777778
3 0.183203125 0.19444444444444445 0.02421875 0.05
0 0.15 0.29444444444444445 0.015625 0.041666666666666664
0 0.143359375 0.2590277777777778 0.01640625 0.034722222222222224
0 0.118359375 0.2326388888888889 0.01484375 0.04583333333333333
1 0.6484375 0.23958333333333334 0.0609375 0.05416666666666667
1 0.70390625 0.2298611111111111 0.0359375 0.0375
