4 0.84609375 0.7305555555555555 0.0576171875 0.18854166666666666
4 0.576171875 0.6034722222222222 0.046875 0.14548611111111112
7 0.410546875 0.35138888888888886 0.13515625 0.3614583333333333
4 0.1625 0.4791666666666667 0.040234375 0.11354166666666667
4 0.24453125 0.4791666666666667 0.0466796875 0.12013888888888889
4 0.30859375 0.37777777777777777 0.0345703125 0.11597222222222223
4 0.26484375 0.37777777777777777 0.036328125 0.11423611111111111
4 0.295703125 0.29444444444444445 0.0265625 0.08819444444444445
4 0.742578125 0.3729166666666667 0.03125 0.10451388888888889
4 0.568359375 0.3 0.02421875 0.08854166666666667
4 0.68359375 0.27361111111111114 0.0236328125 0.07569444444444444
4 0.081640625 0.4041666666666667 0.0546875 0.08611111111111111
4 0.20859375 0.28055555555555556 0.045703125 0.03958333333333333
4 0.32109375 0.3076388888888889 0.0220703125 0.07777777777777778
4 0.33046875 0.2534722222222222 0.0205078125 0.06111111111111111
4 0.66171875 0.23541666666666666 0.0236328125 0.07083333333333333
