0 0.152734375 0.33611111111111114 0.02890625 0.06666666666666667
0 0.14453125 0.24861111111111112 0.0234375 0.03888888888888889
0 0.281640625 0.21041666666666667 0.01640625 0.034722222222222224
0 0.451953125 0.22847222222222222 0.02421875 0.034722222222222224
0 0.7125 0.2826388888888889 0.015625 0.04861111111111111
0 0.644140625 0.2222222222222222 0.02265625 0.03333333333333333
3 0.33671875 0.4270833333333333 0.13125 0.4152777777777778
3 0.72734375 0.675 0.453125 0.65
3 0.346875 0.1951388888888889 0.0859375 0.07916666666666666
3 0.22421875 0.19791666666666666 0.0703125 0.09027777777777778
1 0.70078125 0.24444444444444444 0.040625 0.058333333333333334
1 0.68515625 0.23333333333333334 0.0390625 0.06111111111111111
3 0.56015625 0.2708333333333333 0.065625 0.11944444444444445
2 0.7046875 0.4479166666666667 0.153125 0.2513888888888889
