0 0.208984375 0.47708333333333336 0.04453125 0.13472222222222222
0 0.036328125 0.66875 0.06328125 0.1763888888888889
0 0.038671875 0.8305555555555556 0.07734375 0.22777777777777777
0 0.173046875 0.8847222222222222 0.07890625 0.23055555555555557
0 0.594140625 0.4236111111111111 0.03515625 0.10833333333333334
0 0.769140625 0.3923611111111111 0.03046875 0.09027777777777778
0 0.72265625 0.3326388888888889 0.0265625 0.06805555555555555
0 0.6921875 0.29305555555555557 0.0234375 0.075
0 0.445703125 0.2590277777777778 0.02109375 0.07361111111111111
1 0.68359375 0.41458333333333336 0.09375 0.13472222222222222
3 0.5625 0.29305555555555557 0.078125 0.18333333333333332
3 0.432421875 0.17847222222222223 0.06171875 0.12083333333333333
3 0.883984375 0.7770833333333333 0.21484375 0.44583333333333336
2 0.617578125 0.2326388888888889 0.07578125 0.15138888888888888
