5 0.587890625 0.31875 0.05625 0.07881944444444444
5 0.641796875 0.4173611111111111 0.0666015625 0.11840277777777777
5 0.593359375 0.6875 0.1541015625 0.2861111111111111
5 0.336328125 0.2111111111111111 0.05859375 0.04756944444444444
5 0.675 0.23333333333333334 0.0451171875 0.04513888888888889
5 0.72421875 0.21666666666666667 0.0310546875 0.03923611111111111
5 0.287890625 0.25 0.0380859375 0.04479166666666667
4 0.76875 0.43333333333333335 0.0298828125 0.09722222222222222
4 0.713671875 0.36319444444444443 0.0212890625 0.06388888888888888
6 0.51484375 0.2326388888888889 0.134375 0.10729166666666666
