0 0.28828125 0.5590277777777778 0.03125 0.13194444444444445
0 0.337890625 0.5569444444444445 0.03359375 0.1527777777777778
0 0.5140625 0.5340277777777778 0.0265625 0.12638888888888888
0 0.539453125 0.43680555555555556 0.02265625 0.09583333333333334
0 0.503125 0.3326388888888889 0.015625 0.07083333333333333
0 0.52734375 0.25555555555555554 0.009375 0.03888888888888889
0 0.510546875 0.2701388888888889 0.00546875 0.05138888888888889
0 0.482421875 0.2326388888888889 0.01015625 0.04861111111111111
0 0.469140625 0.23541666666666666 0.01328125 0.05138888888888889
0 0.4515625 0.2326388888888889 0.0125 0.04027777777777778
