1 0.091796875 0.7256944444444444 0.17109375 0.30972222222222223
1 0.584765625 0.69375 0.13984375 0.24583333333333332
2 0.898046875 0.8784722222222222 0.20390625 0.23472222222222222
0 0.788671875 0.41041666666666665 0.02890625 0.0875
1 0.601171875 0.3423611111111111 0.04609375 0.0875
1 0.518359375 0.3388888888888889 0.05234375 0.09166666666666666
3 0.555078125 0.25625 0.04609375 0.09027777777777778
2 0.65234375 0.2659722222222222 0.0515625 0.07083333333333333
2 0.7109375 0.23680555555555555 0.0515625 0.0625
3 0.3984375 0.20347222222222222 0.08125 0.06805555555555555
1 0.280859375 0.21041666666666667 0.05234375 0.043055555555555555
