0 0.155859375 0.8694444444444445 0.04609375 0.20833333333333334
0 0.205078125 0.8569444444444444 0.04765625 0.20833333333333334
0 0.341015625 0.5763888888888888 0.02734375 0.14444444444444443
0 0.415234375 0.6729166666666667 0.03359375 0.14305555555555555
0 0.47578125 0.5576388888888889 0.025 0.13194444444444445
0 0.434375 0.4840277777777778 0.025 0.11805555555555555
0 0.51171875 0.42569444444444443 0.021875 0.09305555555555556
0 0.549609375 0.42569444444444443 0.02109375 0.09861111111111111
0 0.479296875 0.4263888888888889 0.02109375 0.08611111111111111
0 0.458984375 0.3909722222222222 0.01953125 0.0875
0 0.40078125 0.38263888888888886 0.021875 0.09583333333333334
0 0.36328125 0.3972222222222222 0.021875 0.09444444444444444
0 0.48671875 0.34305555555555556 0.015625 0.06944444444444445
0 0.515625 0.32708333333333334 0.015625 0.06805555555555555
