0 0.823046875 0.50625 0.03359375 0.11527777777777778
0 0.141015625 0.2923611111111111 0.01484375 0.05138888888888889
0 0.74296875 0.24583333333333332 0.0140625 0.03611111111111111
0 0.334765625 0.22083333333333333 0.02265625 0.03888888888888889
0 0.37890625 0.22361111111111112 0.028125 0.044444444444444446
0 0.4265625 0.22361111111111112 0.0203125 0.044444444444444446
0 0.471875 0.2388888888888889 0.028125 0.03333333333333333
0 0.31796875 0.21319444444444444 0.01875 0.0375
1 0.279296875 0.25277777777777777 0.04296875 0.06666666666666667
3 0.566015625 0.41944444444444445 0.13984375 0.3111111111111111
3 0.68359375 0.46041666666666664 0.1015625 0.1986111111111111
3 0.241015625 0.2798611111111111 0.05703125 0.09305555555555556
3 0.537890625 0.20347222222222222 0.08828125 0.06527777777777778
3 0.694921875 0.19375 0.13671875 0.07916666666666666
3 0.64921875 0.24375 0.04375 0.0763888888888889
2 0.226171875 0.19444444444444445 0.08359375 0.058333333333333334
