0 0.6734375 0.5479166666666667 0.025 0.0875
0 0.7546875 0.6173611111111111 0.03125 0.10138888888888889
0 0.12109375 0.8513888888888889 0.071875 0.16111111111111112
0 0.361328125 0.8944444444444445 0.05078125 0.14444444444444443
0 0.846484375 0.4618055555555556 0.02265625 0.06527777777777778
0 0.2546875 0.8986111111111111 0.0625 0.16666666666666666
0 0.715625 0.5513888888888889 0.0265625 0.08888888888888889
0 0.465234375 0.91875 0.04765625 0.14027777777777778
0 0.728515625 0.46944444444444444 0.02109375 0.06666666666666667
0 0.238671875 0.8083333333333333 0.05078125 0.12777777777777777
0 0.670703125 0.4222222222222222 0.01953125 0.06111111111111111
0 0.75625 0.4638888888888889 0.01875 0.06111111111111111
0 0.76796875 0.47708333333333336 0.0203125 0.0625
0 0.394140625 0.7111111111111111 0.04140625 0.11666666666666667
0 0.716015625 0.6416666666666667 0.02890625 0.10555555555555556
0 0.620703125 0.6076388888888888 0.02890625 0.10416666666666667
0 0.526953125 0.6479166666666667 0.03046875 0.10138888888888889
0 0.794140625 0.5013888888888889 0.02265625 0.07222222222222222
0 0.61015625 0.7465277777777778 0.040625 0.14027777777777778
0 0.58203125 0.6826388888888889 0.0296875 0.1125
0 0.514453125 0.7305555555555555 0.03828125 0.12777777777777777
0 0.38359375 0.8145833333333333 0.040625 0.11527777777777778
0 0.8203125 0.4638888888888889 0.0203125 0.06666666666666667
0 0.676953125 0.6548611111111111 0.03046875 0.1125
0 0.728515625 0.42569444444444443 0.01484375 0.05138888888888889
0 0.747265625 0.40694444444444444 0.01484375 0.05277777777777778
0 0.899609375 0.5875 0.03828125 0.08888888888888889
0 0.865234375 0.42291666666666666 0.01953125 0.059722222222222225
0 0.6953125 0.42569444444444443 0.0171875 0.059722222222222225
0 0.79765625 0.6326388888888889 0.028125 0.10416666666666667
0 0.712890625 0.4111111111111111 0.01484375 0.05
0 0.62890625 0.9319444444444445 0.053125 0.1
0 0.79375 0.45208333333333334 0.01875 0.05138888888888889
0 0.772265625 0.41944444444444445 0.01015625 0.04722222222222222
0 0.103515625 0.9381944444444444 0.05234375 0.10972222222222222
0 0.81640625 0.39652777777777776 0.015625 0.05416666666666667
0 0.728515625 0.39444444444444443 0.01484375 0.044444444444444446
0 0.793359375 0.4111111111111111 0.01640625 0.05277777777777778
0 0.837109375 0.425 0.01796875 0.05277777777777778
1 0.2828125 0.5895833333333333 0.09375 0.10138888888888889
1 0.82421875 0.5854166666666667 0.0953125 0.1125
1 0.591015625 0.42430555555555555 0.04765625 0.06805555555555555
1 0.606640625 0.35347222222222224 0.03046875 0.04861111111111111
1 0.608203125 0.5583333333333333 0.05234375 0.08611111111111111
1 0.65078125 0.3680555555555556 0.0328125 0.06388888888888888
2 0.487109375 0.49236111111111114 0.12734375 0.15416666666666667
2 0.65078125 0.3680555555555556 0.0328125 0.06388888888888888
2 0.70234375 0.35833333333333334 0.03125 0.058333333333333334
