0 0.289453125 0.5243055555555556 0.04765625 0.14583333333333334
0 0.154296875 0.9048611111111111 0.07421875 0.19027777777777777
0 0.253125 0.40625 0.028125 0.10972222222222222
0 0.7015625 0.6159722222222223 0.05 0.15138888888888888
0 0.8484375 0.5840277777777778 0.05 0.14305555555555555
0 0.9125 0.7513888888888889 0.0578125 0.18333333333333332
0 0.975390625 0.7381944444444445 0.04921875 0.1736111111111111
0 0.773828125 0.41875 0.04140625 0.10694444444444444
0 0.738671875 0.33541666666666664 0.02578125 0.07916666666666666
0 0.41015625 0.2652777777777778 0.0171875 0.06944444444444445
0 0.377734375 0.2625 0.01953125 0.058333333333333334
0 0.387109375 0.22916666666666666 0.01171875 0.03611111111111111
0 0.435546875 0.21944444444444444 0.01484375 0.05277777777777778
0 0.462109375 0.225 0.01484375 0.058333333333333334
0 0.469140625 0.18125 0.01484375 0.043055555555555555
1 0.70546875 0.45416666666666666 0.1046875 0.14444444444444443
3 0.567578125 0.3236111111111111 0.08359375 0.2222222222222222
2 0.647265625 0.27847222222222223 0.09453125 0.2152777777777778
