0 0.0625 0.53125 0.034375 0.12638888888888888
2 0.55625 0.4826388888888889 0.1375 0.4152777777777778
1 0.734765625 0.6423611111111112 0.13359375 0.1875
1 0.644140625 0.4444444444444444 0.06328125 0.1111111111111111
1 0.6046875 0.33819444444444446 0.0375 0.07916666666666666
0 0.716015625 0.2798611111111111 0.01328125 0.05138888888888889
3 0.6328125 0.2534722222222222 0.05625 0.09861111111111111
3 0.524609375 0.24166666666666667 0.05234375 0.06388888888888888
3 0.580078125 0.22083333333333333 0.06328125 0.09722222222222222
3 0.678125 0.2152777777777778 0.04375 0.05555555555555555
1 0.292578125 0.20972222222222223 0.06328125 0.05277777777777778
3 0.178125 0.18055555555555555 0.0703125 0.09444444444444444
0 0.134375 0.20277777777777778 0.021875 0.044444444444444446
0 0.0921875 0.19930555555555557 0.0109375 0.034722222222222224
