0 0.06484375 0.5743055555555555 0.075 0.12361111111111112
0 0.63671875 0.36527777777777776 0.021875 0.09166666666666666
0 0.909375 0.6736111111111112 0.0359375 0.14722222222222223
0 0.34765625 0.6201388888888889 0.084375 0.13194444444444445
0 0.165625 0.44722222222222224 0.0609375 0.09166666666666666
0 0.325390625 0.4798611111111111 0.05703125 0.10972222222222222
0 0.605859375 0.4201388888888889 0.02734375 0.10694444444444444
0 0.41953125 0.4513888888888889 0.0453125 0.10277777777777777
0 0.7234375 0.45208333333333334 0.0546875 0.10138888888888889
0 0.56796875 0.36666666666666664 0.021875 0.08888888888888889
0 0.24296875 0.48819444444444443 0.0625 0.10138888888888889
0 0.21484375 0.3909722222222222 0.0515625 0.08472222222222223
0 0.3875 0.5784722222222223 0.065625 0.12083333333333333
0 0.340234375 0.2701388888888889 0.01640625 0.07083333333333333
0 0.52734375 0.3020833333333333 0.0265625 0.08194444444444444
0 0.44921875 0.2972222222222222 0.0171875 0.06666666666666667
0 0.071484375 0.4895833333333333 0.06171875 0.09861111111111111
0 0.712109375 0.39375 0.03359375 0.0875
0 0.892578125 0.5354166666666667 0.06640625 0.10416666666666667
0 0.31640625 0.3263888888888889 0.0203125 0.06666666666666667
0 0.033203125 0.4375 0.04765625 0.08611111111111111
0 0.5546875 0.2965277777777778 0.01875 0.06805555555555555
0 0.368359375 0.28194444444444444 0.01953125 0.06944444444444445
0 0.432421875 0.28958333333333336 0.01484375 0.06805555555555555
0 0.4734375 0.2659722222222222 0.01875 0.0625
0 0.558203125 0.2013888888888889 0.01640625 0.05555555555555555
1 0.40078125 0.2826388888888889 0.040625 0.07916666666666666
1 0.626953125 0.3076388888888889 0.04765625 0.07361111111111111
0 0.615625 0.37916666666666665 0.01875 0.05
0 0.596484375 0.35555555555555557 0.02109375 0.06388888888888888
0 0.569140625 0.27847222222222223 0.01796875 0.0625
