5 0.669921875 0.5111111111111111 0.1025390625 0.15625
5 0.81484375 0.8368055555555556 0.2125 0.3236111111111111
5 0.52890625 0.42916666666666664 0.063671875 0.10798611111111112
5 0.5953125 0.3798611111111111 0.0580078125 0.090625
5 0.530859375 0.31527777777777777 0.0416015625 0.06076388888888889
5 0.552734375 0.27847222222222223 0.03984375 0.05277777777777778
5 0.584375 0.23125 0.059765625 0.042708333333333334
5 0.69453125 0.25 0.0515625 0.050694444444444445
5 0.61484375 0.3104166666666667 0.0375 0.06284722222222222
4 0.50078125 0.22152777777777777 0.023046875 0.03888888888888889
