4 0.33359375 0.6944444444444444 0.0810546875 0.19444444444444445
5 0.257421875 0.4951388888888889 0.13515625 0.22951388888888888
4 0.257421875 0.35694444444444445 0.0259765625 0.08125
4 0.294140625 0.35625 0.03125 0.07048611111111111
4 0.3 0.27847222222222223 0.0310546875 0.07777777777777778
4 0.328125 0.2902777777777778 0.0263671875 0.06944444444444445
4 0.383984375 0.28125 0.01796875 0.07083333333333333
4 0.4125 0.3298611111111111 0.028515625 0.08229166666666667
4 0.413671875 0.25833333333333336 0.025 0.08368055555555555
4 0.638671875 0.2743055555555556 0.0212890625 0.06770833333333333
4 0.641015625 0.4513888888888889 0.00078125 0.002777777777777778
4 0.593359375 0.23333333333333334 0.021875 0.05520833333333333
4 0.0921875 0.9020833333333333 0.078125 0.19305555555555556
4 0.3765625 0.22361111111111112 0.0171875 0.05555555555555555
