3 0.619921875 0.3715277777777778 0.08515625 0.15416666666666667
1 0.8109375 0.8138888888888889 0.175 0.25833333333333336
1 0.609765625 0.7708333333333334 0.15078125 0.26944444444444443
1 0.534375 0.4708333333333333 0.078125 0.15
1 0.54453125 0.27291666666666664 0.04375 0.04861111111111111
1 0.5890625 0.2534722222222222 0.04375 0.05138888888888889
1 0.63125 0.2722222222222222 0.04375 0.044444444444444446
1 0.673828125 0.25277777777777777 0.03828125 0.044444444444444446
2 0.36015625 0.2125 0.13125 0.08333333333333333
2 0.658203125 0.21805555555555556 0.07578125 0.075
