3 0.233984375 0.33541666666666664 0.07109375 0.15694444444444444
3 0.330859375 0.29097222222222224 0.07890625 0.12638888888888888
3 0.617578125 0.29930555555555555 0.05390625 0.10138888888888889
3 0.61875 0.5861111111111111 0.2046875 0.49444444444444446
1 0.85390625 0.8652777777777778 0.19375 0.26666666666666666
1 0.519140625 0.3375 0.03359375 0.075
1 0.229296875 0.21041666666666667 0.03515625 0.0375
1 0.635546875 0.24861111111111112 0.04921875 0.04722222222222222
3 0.405859375 0.20694444444444443 0.09921875 0.075
0 0.565234375 0.24027777777777778 0.02109375 0.03888888888888889
3 0.7296875 0.2076388888888889 0.090625 0.09861111111111111
