1 0.31875 0.7430555555555556 0.1359375 0.2722222222222222
0 0.455859375 0.6694444444444444 0.03671875 0.16666666666666666
0 0.172265625 0.9166666666666666 0.06640625 0.16111111111111112
0 0.296484375 0.5770833333333333 0.03515625 0.14027777777777778
0 0.541796875 0.7513888888888889 0.03984375 0.18055555555555555
0 0.4953125 0.5597222222222222 0.03125 0.13055555555555556
0 0.462890625 0.5069444444444444 0.02578125 0.12222222222222222
0 0.544140625 0.4340277777777778 0.02265625 0.10138888888888889
0 0.46875 0.35694444444444445 0.01875 0.07777777777777778
0 0.497265625 0.35347222222222224 0.01953125 0.07361111111111111
0 0.484765625 0.28958333333333336 0.01640625 0.059722222222222225
0 0.50859375 0.27291666666666664 0.0140625 0.059722222222222225
0 0.5328125 0.2638888888888889 0.0125 0.06111111111111111
1 0.5015625 0.2152777777777778 0.0234375 0.044444444444444446
