4 0.21171875 0.5798611111111112 0.0609375 0.19027777777777777
4 0.315234375 0.4361111111111111 0.0296875 0.10486111111111111
4 0.246875 0.4583333333333333 0.0466796875 0.125
4 0.20859375 0.4263888888888889 0.0296875 0.09965277777777778
4 0.078125 0.3972222222222222 0.0640625 0.07777777777777778
4 0.205859375 0.28680555555555554 0.04453125 0.05138888888888889
4 0.701953125 0.36736111111111114 0.0333984375 0.09618055555555556
4 0.952734375 0.7006944444444444 0.06015625 0.18055555555555555
5 0.579296875 0.2847222222222222 0.04609375 0.08333333333333333
4 0.357421875 0.40902777777777777 0.034375 0.10173611111111111
4 0.394921875 0.32708333333333334 0.0275390625 0.09027777777777778
4 0.353515625 0.30486111111111114 0.0353515625 0.07361111111111111
4 0.330078125 0.29791666666666666 0.0333984375 0.08611111111111111
4 0.280078125 0.3576388888888889 0.0271484375 0.07395833333333333
4 0.30078125 0.40069444444444446 0.023828125 0.11666666666666667
4 0.384375 0.22361111111111112 0.0203125 0.06701388888888889
6 0.4625 0.20416666666666666 0.0486328125 0.11145833333333334
4 0.36171875 0.21944444444444444 0.0236328125 0.06388888888888888
