1 0.6328125 0.8993055555555556 0.1734375 0.2013888888888889
1 0.732421875 0.68125 0.14140625 0.1875
1 0.557421875 0.5805555555555556 0.08984375 0.1638888888888889
1 0.6359375 0.4375 0.075 0.10833333333333334
1 0.52265625 0.4152777777777778 0.0625 0.10833333333333334
1 0.548828125 0.2298611111111111 0.05859375 0.04861111111111111
1 0.682421875 0.2548611111111111 0.04453125 0.05416666666666667
2 0.528125 0.31180555555555556 0.046875 0.09305555555555556
2 0.61875 0.2916666666666667 0.0625 0.18611111111111112
0 0.197265625 0.27361111111111114 0.01328125 0.06111111111111111
3 0.212890625 0.4583333333333333 0.17421875 0.4583333333333333
