0 0.23515625 0.8090277777777778 0.059375 0.14583333333333334
0 0.83984375 0.4076388888888889 0.021875 0.05694444444444444
0 0.56015625 0.6743055555555556 0.0390625 0.1125
0 0.45859375 0.75625 0.0421875 0.12361111111111112
0 0.7671875 0.3951388888888889 0.0203125 0.05416666666666667
0 0.595703125 0.49444444444444446 0.02890625 0.07777777777777778
0 0.596484375 0.5868055555555556 0.02890625 0.09027777777777778
0 0.78203125 0.6020833333333333 0.034375 0.09583333333333334
0 0.43203125 0.7270833333333333 0.040625 0.11805555555555555
0 0.869140625 0.5583333333333333 0.03671875 0.09722222222222222
0 0.708984375 0.6055555555555555 0.03203125 0.09722222222222222
0 0.423828125 0.64375 0.03203125 0.09583333333333334
0 0.644140625 0.6479166666666667 0.03984375 0.10972222222222222
0 0.251953125 0.95 0.07265625 0.1
0 0.80625 0.38055555555555554 0.01875 0.05
0 0.73515625 0.39861111111111114 0.0203125 0.05555555555555555
0 0.701171875 0.44027777777777777 0.02265625 0.06388888888888888
0 0.70625 0.39652777777777776 0.0203125 0.04861111111111111
0 0.78515625 0.36736111111111114 0.015625 0.04583333333333333
0 0.646484375 0.5847222222222223 0.04453125 0.06666666666666667
1 0.76015625 0.5347222222222222 0.06875 0.09166666666666666
1 0.510546875 0.5159722222222223 0.06328125 0.09027777777777778
1 0.650390625 0.5354166666666667 0.08203125 0.09861111111111111
