0 0.162109375 0.34097222222222223 0.02109375 0.0763888888888889
0 0.087890625 0.21597222222222223 0.01640625 0.0375
0 0.737890625 0.3923611111111111 0.01953125 0.08194444444444444
0 0.70546875 0.3034722222222222 0.015625 0.0625
2 0.56953125 0.6229166666666667 0.134375 0.29583333333333334
3 0.23125 0.6944444444444444 0.29375 0.6111111111111112
3 0.198828125 0.19722222222222222 0.07734375 0.11944444444444445
1 0.401171875 0.21875 0.06796875 0.04861111111111111
1 0.60234375 0.36180555555555555 0.05625 0.09305555555555556
1 0.65390625 0.49722222222222223 0.0890625 0.12777777777777777
1 0.611328125 0.29097222222222224 0.04609375 0.05416666666666667
1 0.73203125 0.24305555555555555 0.0390625 0.044444444444444446
2 0.84453125 0.7256944444444444 0.303125 0.5486111111111112
3 0.6359375 0.26319444444444445 0.0546875 0.08472222222222223
