3 0.7625 0.7972222222222223 0.4390625 0.40555555555555556
1 0.528515625 0.30416666666666664 0.04140625 0.075
1 0.59453125 0.33958333333333335 0.04375 0.09305555555555556
1 0.619140625 0.2881944444444444 0.03671875 0.05138888888888889
1 0.623046875 0.25555555555555554 0.03046875 0.05
2 0.666015625 0.2361111111111111 0.03984375 0.058333333333333334
3 0.344140625 0.2076388888888889 0.06015625 0.06527777777777778
3 0.472265625 0.2048611111111111 0.14609375 0.10138888888888889
0 0.749609375 0.4076388888888889 0.02421875 0.0875
0 0.70625 0.29097222222222224 0.0125 0.05416666666666667
0 0.08671875 0.43819444444444444 0.0234375 0.09861111111111111
0 0.165234375 0.32708333333333334 0.01796875 0.07083333333333333
0 0.188671875 0.2708333333333333 0.01640625 0.05555555555555555
0 0.165234375 0.2548611111111111 0.01953125 0.05694444444444444
