0 0.12890625 0.6013888888888889 0.053125 0.1361111111111111
0 0.266796875 0.38472222222222224 0.03828125 0.10277777777777777
0 0.334375 0.3 0.0265625 0.07222222222222222
0 0.359765625 0.2604166666666667 0.02421875 0.07083333333333333
0 0.575390625 0.5027777777777778 0.03671875 0.11666666666666667
0 0.85859375 0.5368055555555555 0.0421875 0.16805555555555557
0 0.9203125 0.8569444444444444 0.078125 0.21388888888888888
0 0.59296875 0.17569444444444443 0.0125 0.05138888888888889
0 0.409765625 0.15902777777777777 0.01328125 0.04027777777777778
1 0.2171875 0.6423611111111112 0.1359375 0.2013888888888889
2 0.7 0.8541666666666666 0.271875 0.2916666666666667
3 0.2390625 0.7840277777777778 0.3609375 0.43194444444444446
3 0.4546875 0.18888888888888888 0.04375 0.10833333333333334
3 0.575390625 0.34930555555555554 0.06484375 0.20416666666666666
2 0.54375 0.20069444444444445 0.0609375 0.10694444444444444
