0 0.668359375 0.3236111111111111 0.01953125 0.08055555555555556
0 0.091796875 0.6277777777777778 0.04765625 0.17777777777777778
0 0.3296875 0.2986111111111111 0.0171875 0.07777777777777778
0 0.24765625 0.45 0.0296875 0.125
0 0.3921875 0.2361111111111111 0.0125 0.058333333333333334
1 0.359765625 0.5618055555555556 0.09921875 0.1763888888888889
3 0.66484375 0.8375 0.203125 0.325
3 0.551171875 0.29375 0.06015625 0.14027777777777778
3 0.541796875 0.1986111111111111 0.03984375 0.09166666666666666
1 0.57890625 0.20694444444444443 0.025 0.03333333333333333
0 0.60625 0.2152777777777778 0.0140625 0.05277777777777778
0 0.40859375 0.2111111111111111 0.009375 0.03611111111111111
