0 0.761328125 0.7138888888888889 0.05078125 0.17222222222222222
0 0.276953125 0.7944444444444444 0.07421875 0.16666666666666666
0 0.83984375 0.6076388888888888 0.040625 0.13472222222222222
0 0.1015625 0.5756944444444444 0.046875 0.12083333333333333
0 0.7921875 0.5055555555555555 0.0265625 0.11666666666666667
0 0.269140625 0.4215277777777778 0.02109375 0.10972222222222222
0 0.704296875 0.6152777777777778 0.04609375 0.1388888888888889
0 0.8765625 0.7409722222222223 0.0578125 0.1763888888888889
0 0.783203125 0.5770833333333333 0.02734375 0.13472222222222222
0 0.605859375 0.3958333333333333 0.02734375 0.09444444444444444
0 0.730859375 0.5319444444444444 0.03203125 0.12777777777777777
0 0.567578125 0.4340277777777778 0.02578125 0.09861111111111111
0 0.285546875 0.35 0.02734375 0.07777777777777778
0 0.340625 0.4756944444444444 0.0265625 0.11805555555555555
0 0.7140625 0.42430555555555555 0.028125 0.10138888888888889
0 0.302734375 0.4340277777777778 0.02421875 0.10416666666666667
0 0.742578125 0.4076388888888889 0.02734375 0.09027777777777778
0 0.011328125 0.9347222222222222 0.02265625 0.13055555555555556
0 0.255859375 0.3875 0.02109375 0.06944444444444445
0 0.363671875 0.425 0.02734375 0.11944444444444445
0 0.918359375 0.6847222222222222 0.04453125 0.15555555555555556
0 0.40703125 0.28055555555555556 0.0203125 0.06388888888888888
0 0.753125 0.6034722222222222 0.03125 0.12361111111111112
0 0.5890625 0.2423611111111111 0.0203125 0.0625
0 0.7375 0.49236111111111114 0.0296875 0.1125
1 0.2921875 0.6034722222222222 0.175 0.20416666666666666
1 0.065625 0.4388888888888889 0.1109375 0.10277777777777777
1 0.341796875 0.33611111111111114 0.06953125 0.10833333333333334
1 0.691015625 0.8527777777777777 0.16171875 0.29444444444444445
1 0.45625 0.27847222222222223 0.034375 0.07361111111111111
1 0.572265625 0.3388888888888889 0.07890625 0.07777777777777778
1 0.45625 0.2263888888888889 0.0265625 0.06111111111111111
1 0.66796875 0.4076388888888889 0.04375 0.09861111111111111
1 0.5640625 0.3798611111111111 0.0484375 0.10138888888888889
3 0.423828125 0.42569444444444443 0.08828125 0.2263888888888889
