0 0.83046875 0.7013888888888888 0.0390625 0.15
0 0.9484375 0.9194444444444444 0.0671875 0.15
0 0.135546875 0.5888888888888889 0.05078125 0.13055555555555556
0 0.826171875 0.8555555555555555 0.05390625 0.18611111111111112
0 0.480859375 0.5590277777777778 0.04453125 0.12638888888888888
0 0.470703125 0.8520833333333333 0.04765625 0.2152777777777778
0 0.760546875 0.7104166666666667 0.04609375 0.15416666666666667
0 0.36171875 0.33125 0.0203125 0.09305555555555556
0 0.364453125 0.85625 0.05078125 0.20694444444444443
0 0.364453125 0.44722222222222224 0.02421875 0.10833333333333334
0 0.088671875 0.3638888888888889 0.06171875 0.08333333333333333
0 0.771484375 0.5194444444444445 0.03203125 0.1111111111111111
0 0.40390625 0.6284722222222222 0.0359375 0.1597222222222222
0 0.556640625 0.22847222222222222 0.01328125 0.059722222222222225
0 0.669140625 0.30069444444444443 0.02265625 0.0763888888888889
0 0.612890625 0.30972222222222223 0.01640625 0.075
0 0.270703125 0.41041666666666665 0.02109375 0.10694444444444444
0 0.673046875 0.46458333333333335 0.02421875 0.11805555555555555
0 0.43046875 0.3375 0.021875 0.08611111111111111
0 0.6890625 0.42569444444444443 0.0265625 0.10138888888888889
0 0.36484375 0.26458333333333334 0.01875 0.05416666666666667
0 0.409765625 0.5354166666666667 0.03203125 0.13194444444444445
0 0.39921875 0.21319444444444444 0.0125 0.05694444444444444
0 0.58828125 0.2375 0.015625 0.058333333333333334
0 0.814453125 0.4375 0.03046875 0.08611111111111111
0 0.46640625 0.2152777777777778 0.0171875 0.05555555555555555
1 0.271484375 0.5680555555555555 0.13359375 0.12777777777777777
1 0.12109375 0.4652777777777778 0.140625 0.11666666666666667
1 0.5671875 0.32013888888888886 0.046875 0.09583333333333334
