2 0.095703125 0.22013888888888888 0.03984375 0.07361111111111111
1 0.209765625 0.2 0.03828125 0.04722222222222222
1 0.290625 0.20555555555555555 0.0578125 0.03888888888888889
1 0.53671875 0.4166666666666667 0.0578125 0.1111111111111111
1 0.573828125 0.6951388888888889 0.11484375 0.19305555555555556
1 0.642578125 0.9673611111111111 0.14765625 0.06527777777777778
1 0.9109375 0.9604166666666667 0.178125 0.07916666666666666
1 0.643359375 0.47708333333333336 0.08671875 0.12916666666666668
1 0.601953125 0.3527777777777778 0.05078125 0.07777777777777778
1 0.61796875 0.29375 0.046875 0.05138888888888889
1 0.662890625 0.27152777777777776 0.03203125 0.04583333333333333
1 0.683203125 0.24375 0.04296875 0.05138888888888889
3 0.606640625 0.22708333333333333 0.06015625 0.09305555555555556
3 0.387890625 0.2076388888888889 0.06640625 0.06805555555555555
0 0.441015625 0.23055555555555557 0.01640625 0.041666666666666664
2 0.526953125 0.2763888888888889 0.05703125 0.175
