0 0.113671875 0.45625 0.02734375 0.11805555555555555
0 0.359765625 0.21597222222222223 0.02265625 0.04027777777777778
0 0.414453125 0.22291666666666668 0.02734375 0.05694444444444444
1 0.46953125 0.22569444444444445 0.059375 0.05416666666666667
1 0.57265625 0.7277777777777777 0.125 0.20277777777777778
1 0.525 0.46041666666666664 0.071875 0.1375
1 0.623046875 0.45625 0.06484375 0.1125
1 0.61328125 0.3763888888888889 0.0484375 0.06944444444444445
1 0.554296875 0.3368055555555556 0.04453125 0.0875
1 0.60546875 0.3159722222222222 0.0375 0.0625
2 0.62109375 0.26666666666666666 0.046875 0.07777777777777778
1 0.68828125 0.6222222222222222 0.1390625 0.2
2 0.901171875 0.8423611111111111 0.18984375 0.30972222222222223
2 0.6796875 0.2326388888888889 0.0640625 0.08194444444444444
0 0.704296875 0.28541666666666665 0.01484375 0.05694444444444444
3 0.539453125 0.24930555555555556 0.07265625 0.1125
3 0.18671875 0.20625 0.0578125 0.11805555555555555
