1 0.261328125 0.37083333333333335 0.06640625 0.12222222222222222
1 0.25859375 0.25972222222222224 0.0484375 0.06388888888888888
1 0.669140625 0.46458333333333335 0.06484375 0.1125
1 0.66328125 0.24027777777777778 0.0375 0.041666666666666664
1 0.7140625 0.22083333333333333 0.0421875 0.03611111111111111
3 0.758984375 0.6777777777777778 0.14140625 0.2611111111111111
3 0.098046875 0.21944444444444444 0.05234375 0.07777777777777778
0 0.11796875 0.46041666666666664 0.034375 0.12083333333333333
0 0.046875 0.4722222222222222 0.04375 0.10555555555555556
0 0.1671875 0.2916666666666667 0.025 0.04722222222222222
0 0.137109375 0.2763888888888889 0.01953125 0.05555555555555555
0 0.369921875 0.22847222222222222 0.02734375 0.04583333333333333
3 0.56640625 0.42569444444444443 0.1515625 0.42083333333333334
3 0.20546875 0.17847222222222223 0.10625 0.09861111111111111
