4 0.0875 0.46597222222222223 0.0392578125 0.11388888888888889
5 0.807421875 0.8916666666666667 0.20625 0.21388888888888888
5 0.6828125 0.5451388888888888 0.1076171875 0.17604166666666668
5 0.275 0.36736111111111114 0.053515625 0.09027777777777778
5 0.61328125 0.2798611111111111 0.041796875 0.059375
5 0.509375 0.22361111111111112 0.047265625 0.04201388888888889
6 0.619921875 0.38055555555555554 0.0734375 0.13819444444444445
6 0.541015625 0.2569444444444444 0.03671875 0.06388888888888888
7 0.548828125 0.51875 0.1134765625 0.23194444444444445
7 0.657421875 0.20208333333333334 0.11015625 0.11666666666666667
