0 0.24765625 0.3506944444444444 0.0234375 0.07083333333333333
0 0.25546875 0.3875 0.01875 0.10555555555555556
0 0.887109375 0.6458333333333334 0.05078125 0.14166666666666666
0 0.894140625 0.5631944444444444 0.04453125 0.11805555555555555
0 0.75546875 0.3659722222222222 0.0265625 0.08472222222222223
0 0.707421875 0.3145833333333333 0.02265625 0.06527777777777778
3 0.387890625 0.4201388888888889 0.16015625 0.4375
3 0.656640625 0.6326388888888889 0.25546875 0.6736111111111112
1 0.8890625 0.8583333333333333 0.221875 0.2833333333333333
1 0.4328125 0.14722222222222223 0.03125 0.05277777777777778
2 0.633203125 0.23819444444444443 0.10859375 0.19583333333333333
3 0.55625 0.2534722222222222 0.0875 0.15416666666666667
