4 0.141015625 0.40625 0.02265625 0.09305555555555556
4 0.0125 0.5743055555555555 0.025 0.1486111111111111
5 0.6140625 0.8625 0.1671875 0.2722222222222222
5 0.53515625 0.3701388888888889 0.0482421875 0.084375
5 0.62578125 0.39791666666666664 0.055078125 0.09166666666666666
5 0.59375 0.30972222222222223 0.0421875 0.06458333333333334
5 0.53359375 0.3263888888888889 0.0404296875 0.06111111111111111
5 0.59453125 0.2638888888888889 0.044921875 0.05520833333333333
5 0.534375 0.29305555555555557 0.0482421875 0.06145833333333333
6 0.78515625 0.7423611111111111 0.2373046875 0.4204861111111111
6 0.683203125 0.2298611111111111 0.0546875 0.05173611111111111
