5 0.67265625 0.75625 0.1546875 0.3232638888888889
4 0.77734375 0.4465277777777778 0.0435546875 0.11944444444444445
4 0.8734375 0.42291666666666666 0.077734375 0.0954861111111111
5 0.383984375 0.6395833333333333 0.11171875 0.265625
5 0.431640625 0.3729166666666667 0.0650390625 0.12604166666666666
4 0.28359375 0.38472222222222224 0.0375 0.10902777777777778
4 0.07421875 0.4131944444444444 0.0564453125 0.09270833333333334
4 0.209765625 0.2847222222222222 0.04453125 0.04756944444444444
4 0.5171875 0.2708333333333333 0.0470703125 0.09131944444444444
4 0.3515625 0.22083333333333333 0.0189453125 0.06319444444444444
4 0.37578125 0.2048611111111111 0.0126953125 0.059722222222222225
4 0.541796875 0.24444444444444444 0.01484375 0.058333333333333334
4 0.659375 0.24444444444444444 0.021484375 0.06736111111111111
