0 0.520703125 0.37777777777777777 0.01953125 0.08333333333333333
0 0.376171875 0.2673611111111111 0.01796875 0.06805555555555555
0 0.7359375 0.5333333333333333 0.03125 0.1388888888888889
0 0.732421875 0.43194444444444446 0.02265625 0.1
0 0.04140625 0.4652777777777778 0.028125 0.10555555555555556
0 0.56640625 0.18194444444444444 0.009375 0.041666666666666664
1 0.58671875 0.24027777777777778 0.0265625 0.058333333333333334
3 0.524609375 0.14375 0.03515625 0.08194444444444444
3 0.4421875 0.20069444444444445 0.0328125 0.08194444444444444
0 0.608203125 0.2152777777777778 0.01484375 0.041666666666666664
