7 0.60390625 0.2763888888888889 0.0439453125 0.08090277777777778
5 0.53203125 0.39375 0.061328125 0.1111111111111111
5 0.598828125 0.7993055555555556 0.1724609375 0.359375
5 0.578515625 0.34444444444444444 0.0431640625 0.06979166666666667
5 0.56171875 0.27361111111111114 0.039453125 0.05347222222222222
5 0.686328125 0.2465277777777778 0.0333984375 0.03784722222222222
4 0.702734375 0.3611111111111111 0.01640625 0.058333333333333334
4 0.175390625 0.4173611111111111 0.0380859375 0.09861111111111111
4 0.2015625 0.34097222222222223 0.025390625 0.07951388888888888
4 0.42578125 0.23055555555555557 0.026953125 0.03298611111111111
6 0.762890625 0.6527777777777778 0.1759765625 0.30069444444444443
