0 0.815234375 0.6166666666666667 0.03203125 0.1
0 0.325390625 0.9104166666666667 0.05859375 0.14027777777777778
0 0.745703125 0.45069444444444445 0.01953125 0.0625
0 0.630078125 0.5319444444444444 0.02890625 0.09166666666666666
0 0.855859375 0.5493055555555556 0.02734375 0.08472222222222223
0 0.769140625 0.6194444444444445 0.02890625 0.09722222222222222
0 0.262890625 0.8541666666666666 0.06015625 0.15555555555555556
0 0.871875 0.4798611111111111 0.025 0.07083333333333333
0 0.58671875 0.7166666666666667 0.0390625 0.125
0 0.70859375 0.48194444444444445 0.021875 0.075
0 0.336328125 0.7444444444444445 0.04921875 0.125
0 0.75390625 0.40555555555555556 0.01875 0.05555555555555555
0 0.79921875 0.48194444444444445 0.0203125 0.07222222222222222
0 0.728515625 0.4951388888888889 0.02109375 0.0763888888888889
0 0.6703125 0.5041666666666667 0.025 0.08055555555555556
0 0.80625 0.3701388888888889 0.0171875 0.05138888888888889
0 0.840625 0.3770833333333333 0.01875 0.05138888888888889
0 0.496875 0.6486111111111111 0.0390625 0.11944444444444445
0 0.783203125 0.40902777777777777 0.01796875 0.05416666666666667
0 0.712109375 0.6055555555555555 0.02734375 0.08611111111111111
0 0.852734375 0.9229166666666667 0.05234375 0.13472222222222222
0 0.7765625 0.49236111111111114 0.0203125 0.0625
0 0.78203125 0.5513888888888889 0.025 0.08055555555555556
0 0.687890625 0.5708333333333333 0.02890625 0.09444444444444444
0 0.726953125 0.6701388888888888 0.03515625 0.12083333333333333
0 0.7234375 0.42777777777777776 0.0203125 0.06666666666666667
0 0.8125 0.8256944444444444 0.040625 0.14583333333333334
0 0.776953125 0.95 0.04765625 0.08888888888888889
0 0.767578125 0.4479166666666667 0.01640625 0.059722222222222225
0 0.85234375 0.49166666666666664 0.021875 0.06666666666666667
0 0.811328125 0.45069444444444445 0.02109375 0.0625
0 0.694140625 0.45416666666666666 0.02109375 0.06666666666666667
0 0.82578125 0.3368055555555556 0.0140625 0.04583333333333333
1 0.254296875 0.6131944444444445 0.11328125 0.11805555555555555
1 0.4703125 0.5340277777777778 0.06875 0.09027777777777778
1 0.60390625 0.9194444444444444 0.1109375 0.14722222222222223
1 0.6046875 0.3625 0.0296875 0.04722222222222222
1 0.516015625 0.44027777777777777 0.05234375 0.07222222222222222
1 0.626953125 0.3284722222222222 0.02265625 0.034722222222222224
2 0.652734375 0.38263888888888886 0.04765625 0.1125
