4 0.74765625 0.3590277777777778 0.045703125 0.10659722222222222
4 0.782421875 0.5840277777777778 0.0796875 0.1795138888888889
4 0.30234375 0.37777777777777777 0.040625 0.09513888888888888
4 0.08671875 0.3951388888888889 0.069921875 0.09826388888888889
4 0.21328125 0.2916666666666667 0.0482421875 0.046875
4 0.312890625 0.29791666666666666 0.0166015625 0.06527777777777778
4 0.354296875 0.2791666666666667 0.0171875 0.06458333333333334
4 0.580859375 0.42569444444444443 0.0328125 0.12083333333333333
4 0.6859375 0.28680555555555554 0.034375 0.06527777777777778
4 0.618359375 0.25763888888888886 0.0203125 0.075
5 0.43984375 0.2513888888888889 0.0423828125 0.06701388888888889
4 0.203125 0.5791666666666667 0.0544921875 0.14791666666666667
4 0.277734375 0.30972222222222223 0.02421875 0.08020833333333334
4 0.334375 0.2673611111111111 0.0154296875 0.07395833333333333
4 0.351171875 0.21597222222222223 0.01875 0.059375
