3 0.225390625 0.29583333333333334 0.08984375 0.2361111111111111
3 0.125390625 0.16805555555555557 0.05078125 0.06111111111111111
0 0.907421875 0.6 0.04296875 0.13055555555555556
0 0.755078125 0.40902777777777777 0.03046875 0.0875
0 0.673046875 0.25972222222222224 0.02734375 0.04722222222222222
0 0.700390625 0.24513888888888888 0.02578125 0.043055555555555555
0 0.3234375 0.24375 0.0234375 0.04027777777777778
1 0.3515625 0.32430555555555557 0.0578125 0.10138888888888889
1 0.069921875 0.7916666666666666 0.13984375 0.36666666666666664
1 0.543359375 0.475 0.08203125 0.13333333333333333
