2 0.63984375 0.35694444444444445 0.13125 0.25833333333333336
0 0.723828125 0.35625 0.02265625 0.07083333333333333
0 0.713671875 0.3194444444444444 0.01953125 0.058333333333333334
0 0.4359375 0.22083333333333333 0.0265625 0.04722222222222222
0 0.515234375 0.225 0.02890625 0.044444444444444446
0 0.559765625 0.23194444444444445 0.02109375 0.05
0 0.579296875 0.23819444444444443 0.02109375 0.04583333333333333
2 0.866796875 0.7256944444444444 0.26640625 0.43472222222222223
3 0.1984375 0.17083333333333334 0.0375 0.07777777777777778
3 0.130859375 0.17430555555555555 0.03828125 0.05416666666666667
