0 0.7 0.43819444444444444 0.025 0.09583333333333334
0 0.260546875 0.42083333333333334 0.02890625 0.10833333333333334
0 0.78359375 0.4777777777777778 0.0265625 0.1111111111111111
0 0.398046875 0.2708333333333333 0.01953125 0.05555555555555555
0 0.41015625 0.19444444444444445 0.009375 0.03888888888888889
0 0.366015625 0.31527777777777777 0.01953125 0.075
1 0.56484375 0.36875 0.040625 0.09305555555555556
3 0.5390625 0.24027777777777778 0.05625 0.1388888888888889
3 0.4734375 0.1638888888888889 0.0359375 0.08333333333333333
1 0.55703125 0.5201388888888889 0.0703125 0.14583333333333334
2 0.4421875 0.1736111111111111 0.025 0.05277777777777778
3 0.799609375 0.26805555555555555 0.11015625 0.10277777777777777
0 0.40078125 0.1875 0.009375 0.03888888888888889
2 0.54453125 0.13055555555555556 0.0203125 0.044444444444444446
