1 0.231640625 0.38263888888888886 0.07578125 0.11527777777777778
1 0.652734375 0.24097222222222223 0.03359375 0.03194444444444444
3 0.331640625 0.41944444444444445 0.12734375 0.3638888888888889
3 0.45625 0.21458333333333332 0.1328125 0.09027777777777778
0 0.13515625 0.38333333333333336 0.0234375 0.08333333333333333
0 0.140234375 0.27569444444444446 0.02265625 0.05416666666666667
0 0.187109375 0.28055555555555556 0.01953125 0.05277777777777778
0 0.17265625 0.23055555555555557 0.01875 0.05
0 0.705078125 0.28402777777777777 0.01328125 0.034722222222222224
0 0.3421875 0.21944444444444444 0.01875 0.03611111111111111
0 0.28046875 0.21041666666666667 0.01875 0.03194444444444444
0 0.268359375 0.20416666666666666 0.01640625 0.030555555555555555
2 0.201953125 0.1951388888888889 0.04296875 0.04583333333333333
