0 0.762890625 0.4215277777777778 0.02578125 0.10138888888888889
0 0.614453125 0.29444444444444445 0.01484375 0.06944444444444445
0 0.64609375 0.2951388888888889 0.0140625 0.06805555555555555
0 0.596484375 0.20069444444444445 0.01171875 0.04583333333333333
1 0.85859375 0.8576388888888888 0.209375 0.2847222222222222
3 0.311328125 0.7368055555555556 0.20859375 0.5263888888888889
2 0.4375 0.15416666666666667 0.0375 0.06388888888888888
3 0.525390625 0.22708333333333333 0.04296875 0.10694444444444444
3 0.526171875 0.19930555555555557 0.04296875 0.10416666666666667
0 0.623828125 0.25277777777777777 0.01328125 0.04722222222222222
