0 0.634765625 0.4284722222222222 0.02421875 0.09305555555555556
0 0.32734375 0.3472222222222222 0.01875 0.07222222222222222
0 0.2546875 0.3888888888888889 0.021875 0.10277777777777777
0 0.3734375 0.26180555555555557 0.015625 0.05694444444444444
0 0.398046875 0.2673611111111111 0.01484375 0.05694444444444444
0 0.33671875 0.2673611111111111 0.015625 0.0625
3 0.7609375 0.7458333333333333 0.23125 0.5083333333333333
3 0.433203125 0.24583333333333332 0.04609375 0.10833333333333334
3 0.463671875 0.15833333333333333 0.02734375 0.06388888888888888
3 0.52109375 0.22013888888888888 0.0328125 0.07916666666666666
1 0.565234375 0.21805555555555556 0.03046875 0.041666666666666664
3 0.20390625 0.7611111111111111 0.4078125 0.4777777777777778
3 0.09453125 0.6909722222222222 0.1828125 0.46805555555555556
0 0.314453125 0.31319444444444444 0.01640625 0.07361111111111111
