0 0.650390625 0.5736111111111111 0.06328125 0.125
0 0.20546875 0.5368055555555555 0.065625 0.12361111111111112
0 0.55859375 0.43819444444444444 0.0625 0.09583333333333334
0 0.705859375 0.4791666666666667 0.05703125 0.09166666666666666
0 0.290625 0.35694444444444445 0.0296875 0.09722222222222222
0 0.598046875 0.3951388888888889 0.03359375 0.09027777777777778
0 0.630078125 0.2972222222222222 0.01640625 0.07777777777777778
0 0.150390625 0.46875 0.05859375 0.10416666666666667
0 0.430859375 0.31180555555555556 0.01796875 0.07916666666666666
0 0.65625 0.34930555555555554 0.0203125 0.06805555555555555
0 0.553515625 0.3368055555555556 0.03515625 0.07916666666666666
0 0.59921875 0.3215277777777778 0.01875 0.0763888888888889
0 0.07109375 0.3819444444444444 0.059375 0.08055555555555556
0 0.3765625 0.43333333333333335 0.05625 0.09166666666666666
0 0.524609375 0.40625 0.03359375 0.0875
0 0.455859375 0.29791666666666666 0.01953125 0.07361111111111111
0 0.51640625 0.36041666666666666 0.021875 0.059722222222222225
0 0.340234375 0.2875 0.01796875 0.07777777777777778
0 0.58046875 0.3076388888888889 0.021875 0.07083333333333333
1 0.4 0.2847222222222222 0.0375 0.07777777777777778
1 0.371484375 0.3958333333333333 0.12109375 0.09444444444444444
3 0.140625 0.70625 0.209375 0.32916666666666666
0 0.512890625 0.3020833333333333 0.01953125 0.0375
0 0.68515625 0.4486111111111111 0.059375 0.08333333333333333
