0 0.636328125 0.5055555555555555 0.02578125 0.075
0 0.80078125 0.5041666666666667 0.025 0.07222222222222222
0 0.3859375 0.7861111111111111 0.046875 0.14166666666666666
0 0.721484375 0.4111111111111111 0.01796875 0.05555555555555555
0 0.66171875 0.5458333333333333 0.021875 0.08055555555555556
0 0.590625 0.5034722222222222 0.025 0.07083333333333333
0 0.88515625 0.39305555555555555 0.0203125 0.05555555555555555
0 0.70546875 0.43333333333333335 0.0203125 0.05555555555555555
0 0.774609375 0.45208333333333334 0.02109375 0.059722222222222225
0 0.223828125 0.90625 0.06015625 0.14027777777777778
0 0.43046875 0.8222222222222222 0.0515625 0.14166666666666666
0 0.56796875 0.6972222222222222 0.040625 0.125
0 0.731640625 0.5104166666666666 0.02578125 0.07916666666666666
0 0.813671875 0.4215277777777778 0.01953125 0.05138888888888889
0 0.575390625 0.5520833333333334 0.02890625 0.0875
0 0.8453125 0.41180555555555554 0.01875 0.05416666666666667
0 0.67421875 0.46597222222222223 0.021875 0.0625
0 0.641015625 0.5854166666666667 0.02734375 0.09305555555555556
0 0.683984375 0.5659722222222222 0.02734375 0.09027777777777778
0 0.828125 0.4534722222222222 0.0203125 0.059722222222222225
0 0.863671875 0.40555555555555556 0.01953125 0.05555555555555555
0 0.696875 0.49583333333333335 0.021875 0.06666666666666667
0 0.748046875 0.4 0.01796875 0.05555555555555555
0 0.70546875 0.38472222222222224 0.01875 0.044444444444444446
0 0.633203125 0.4618055555555556 0.02265625 0.05694444444444444
0 0.76640625 0.40555555555555556 0.015625 0.04722222222222222
0 0.55625 0.63125 0.03125 0.0875
0 0.7859375 0.4083333333333333 0.015625 0.05
0 0.675 0.4375 0.0203125 0.05
1 0.345703125 0.5583333333333333 0.08515625 0.10277777777777777
1 0.48046875 0.5194444444444445 0.0625 0.08611111111111111
1 0.50078125 0.45069444444444445 0.053125 0.0763888888888889
1 0.605078125 0.4173611111111111 0.04140625 0.059722222222222225
1 0.573046875 0.39444444444444443 0.02890625 0.044444444444444446
1 0.6203125 0.3625 0.03125 0.04722222222222222
1 0.659375 0.3388888888888889 0.0265625 0.041666666666666664
