1 0.589453125 0.6069444444444444 0.10390625 0.18333333333333332
1 0.74296875 0.6763888888888889 0.128125 0.18611111111111112
1 0.6453125 0.45625 0.08125 0.11527777777777778
1 0.526953125 0.40694444444444444 0.06328125 0.11388888888888889
1 0.5203125 0.32222222222222224 0.0484375 0.05
1 0.734765625 0.24375 0.04609375 0.05416666666666667
3 0.15546875 0.22083333333333333 0.0578125 0.075
3 0.365234375 0.20069444444444445 0.13828125 0.10972222222222222
3 0.52890625 0.21736111111111112 0.09375 0.07361111111111111
2 0.61484375 0.3076388888888889 0.0921875 0.19305555555555556
