4 0.442578125 0.2986111111111111 0.0478515625 0.08090277777777778
4 0.541796875 0.31319444444444444 0.0197265625 0.07361111111111111
4 0.303515625 0.4201388888888889 0.0259765625 0.09166666666666666
4 0.21953125 0.5986111111111111 0.0533203125 0.14479166666666668
4 0.08671875 0.41458333333333336 0.067578125 0.07604166666666666
4 0.272265625 0.37083333333333335 0.0244140625 0.10243055555555555
4 0.359375 0.3263888888888889 0.0435546875 0.08368055555555555
4 0.320703125 0.26180555555555557 0.0244140625 0.06284722222222222
4 0.407421875 0.2701388888888889 0.01796875 0.07361111111111111
4 0.362890625 0.2520833333333333 0.0193359375 0.06840277777777778
4 0.37109375 0.23333333333333334 0.0140625 0.06111111111111111
4 0.374609375 0.18819444444444444 0.01484375 0.05
4 0.385546875 0.2423611111111111 0.01640625 0.06840277777777778
4 0.303515625 0.34652777777777777 0.0244140625 0.06770833333333333
4 0.771875 0.6041666666666666 0.0513671875 0.171875
