4 0.44375 0.2847222222222222 0.0205078125 0.0798611111111111
4 0.5 0.2548611111111111 0.037109375 0.06944444444444445
4 0.351953125 0.3020833333333333 0.01953125 0.0625
4 0.341796875 0.4152777777777778 0.03203125 0.0920138888888889
4 0.19609375 0.5972222222222222 0.0544921875 0.11979166666666667
4 0.144140625 0.4798611111111111 0.05390625 0.12361111111111112
4 0.393359375 0.29930555555555555 0.04375 0.09895833333333333
4 0.3890625 0.25069444444444444 0.0171875 0.05555555555555555
4 0.391796875 0.2076388888888889 0.0166015625 0.05277777777777778
4 0.628515625 0.23333333333333334 0.0181640625 0.06180555555555556
