0 0.257421875 0.36041666666666666 0.03359375 0.08472222222222223
1 0.55 0.34305555555555556 0.0453125 0.09166666666666666
1 0.64296875 0.42430555555555555 0.071875 0.11805555555555555
2 0.60625 0.275 0.053125 0.10833333333333334
0 0.73125 0.3645833333333333 0.021875 0.07916666666666666
0 0.70390625 0.3236111111111111 0.021875 0.06666666666666667
1 0.652734375 0.23333333333333334 0.04609375 0.06666666666666667
0 0.715234375 0.25625 0.01640625 0.05138888888888889
0 0.740625 0.2548611111111111 0.0171875 0.05694444444444444
2 0.480859375 0.21041666666666667 0.09921875 0.0763888888888889
1 0.186328125 0.18888888888888888 0.03046875 0.041666666666666664
0 0.239453125 0.20555555555555555 0.01953125 0.04722222222222222
