0 0.37109375 0.8395833333333333 0.0609375 0.1597222222222222
0 0.433203125 0.7416666666666667 0.04609375 0.12777777777777777
0 0.7234375 0.5048611111111111 0.025 0.07361111111111111
0 0.62109375 0.4895833333333333 0.0296875 0.08194444444444444
0 0.776953125 0.6319444444444444 0.03046875 0.09166666666666666
0 0.28359375 0.9243055555555556 0.0609375 0.12638888888888888
0 0.74765625 0.5881944444444445 0.0296875 0.0875
0 0.8171875 0.5486111111111112 0.028125 0.075
0 0.49609375 0.7534722222222222 0.05 0.1375
0 0.80859375 0.6458333333333334 0.03125 0.08888888888888889
0 0.579296875 0.49027777777777776 0.02734375 0.07222222222222222
0 0.684375 0.88125 0.05 0.1486111111111111
0 0.894140625 0.9222222222222223 0.05859375 0.125
0 0.692578125 0.54375 0.02890625 0.08194444444444444
0 0.672265625 0.49236111111111114 0.02578125 0.0763888888888889
0 0.75859375 0.49166666666666664 0.025 0.06666666666666667
0 0.1140625 0.9222222222222223 0.075 0.1361111111111111
0 0.8375 0.7284722222222222 0.0390625 0.12083333333333333
0 0.730078125 0.4513888888888889 0.02265625 0.06111111111111111
0 0.443359375 0.65625 0.04140625 0.10138888888888889
0 0.75859375 0.43680555555555556 0.021875 0.059722222222222225
0 0.8625 0.5916666666666667 0.0296875 0.08888888888888889
0 0.53984375 0.6055555555555555 0.0328125 0.1
0 0.771875 0.5354166666666667 0.0265625 0.0763888888888889
0 0.716015625 0.7020833333333333 0.03671875 0.10972222222222222
0 0.71953125 0.6430555555555556 0.03125 0.08611111111111111
0 0.49609375 0.6097222222222223 0.034375 0.10277777777777777
0 0.54921875 0.5069444444444444 0.028125 0.07777777777777778
0 0.649609375 0.7861111111111111 0.03828125 0.12222222222222222
0 0.808984375 0.7694444444444445 0.03359375 0.1
0 0.636328125 0.6993055555555555 0.03671875 0.09583333333333334
0 0.83671875 0.4965277777777778 0.0234375 0.06805555555555555
0 0.5796875 0.5638888888888889 0.0296875 0.08611111111111111
0 0.813671875 0.8798611111111111 0.04296875 0.14305555555555555
0 0.709375 0.44027777777777777 0.0234375 0.06666666666666667
0 0.609765625 0.8138888888888889 0.04453125 0.13333333333333333
0 0.84140625 0.4326388888888889 0.021875 0.059722222222222225
0 0.792578125 0.46805555555555556 0.02109375 0.06388888888888888
0 0.825390625 0.4479166666666667 0.01640625 0.05416666666666667
0 0.77578125 0.4527777777777778 0.0203125 0.06388888888888888
0 0.862109375 0.5194444444444445 0.02265625 0.06666666666666667
0 0.59140625 0.925 0.05 0.1111111111111111
0 0.86015625 0.39375 0.0203125 0.05138888888888889
0 0.735546875 0.41805555555555557 0.02109375 0.058333333333333334
0 0.806640625 0.5138888888888888 0.01796875 0.06111111111111111
0 0.81171875 0.4527777777777778 0.015625 0.05277777777777778
1 0.330078125 0.5743055555555555 0.08671875 0.10972222222222222
1 0.60546875 0.64375 0.0734375 0.12638888888888888
1 0.478515625 0.46458333333333335 0.05390625 0.0763888888888889
1 0.674609375 0.3951388888888889 0.03671875 0.059722222222222225
1 0.642578125 0.43819444444444444 0.04765625 0.07083333333333333
1 0.51640625 0.5590277777777778 0.059375 0.09305555555555556
1 0.586328125 0.3784722222222222 0.03828125 0.05694444444444444
1 0.62109375 0.3388888888888889 0.03125 0.05277777777777778
1 0.619140625 0.4076388888888889 0.03828125 0.05694444444444444
2 0.152734375 0.7020833333333333 0.27265625 0.30416666666666664
