4 0.4015625 0.7708333333333334 0.052734375 0.19131944444444443
4 0.176953125 0.5826388888888889 0.0390625 0.08506944444444445
4 0.41328125 0.5291666666666667 0.0392578125 0.15868055555555555
4 0.324609375 0.3388888888888889 0.0193359375 0.078125
4 0.07734375 0.3951388888888889 0.0578125 0.08715277777777777
4 0.12109375 0.3527777777777778 0.035546875 0.08055555555555556
5 0.541796875 0.2875 0.0599609375 0.08923611111111111
5 0.6265625 0.2791666666666667 0.0564453125 0.09652777777777778
4 0.356640625 0.25833333333333336 0.02265625 0.07465277777777778
4 0.308984375 0.5638888888888889 0.0541015625 0.153125
4 0.330078125 0.4125 0.0322265625 0.1111111111111111
4 0.41796875 0.2 0.015625 0.058333333333333334
4 0.665234375 0.22708333333333333 0.01640625 0.05555555555555555
