0 0.816015625 0.5493055555555556 0.02734375 0.07916666666666666
0 0.841015625 0.46458333333333335 0.02265625 0.0625
0 0.283203125 0.7152777777777778 0.04453125 0.125
0 0.768359375 0.46319444444444446 0.02109375 0.06527777777777778
0 0.79453125 0.5180555555555556 0.0234375 0.06944444444444445
0 0.228125 0.9104166666666667 0.065625 0.15138888888888888
0 0.78671875 0.44930555555555557 0.01875 0.059722222222222225
0 0.23671875 0.6763888888888889 0.0453125 0.11388888888888889
0 0.669921875 0.9090277777777778 0.04609375 0.14305555555555555
0 0.71328125 0.47638888888888886 0.021875 0.06666666666666667
0 0.13359375 0.9069444444444444 0.0671875 0.1527777777777778
0 0.6296875 0.42291666666666666 0.0203125 0.05138888888888889
0 0.62890625 0.46875 0.025 0.07361111111111111
0 0.8765625 0.45208333333333334 0.025 0.0625
0 0.33125 0.9340277777777778 0.0421875 0.12638888888888888
0 0.813671875 0.48055555555555557 0.02265625 0.06111111111111111
0 0.853125 0.5229166666666667 0.0296875 0.07916666666666666
0 0.801953125 0.4388888888888889 0.02109375 0.05555555555555555
0 0.768359375 0.3951388888888889 0.01953125 0.05138888888888889
0 0.518359375 0.8652777777777778 0.05078125 0.14722222222222223
0 0.743359375 0.47708333333333336 0.01484375 0.06527777777777778
0 0.666015625 0.4527777777777778 0.02109375 0.05555555555555555
0 0.837890625 0.42083333333333334 0.02109375 0.04722222222222222
0 0.82421875 0.39444444444444443 0.01875 0.05
0 0.4796875 0.5486111111111112 0.03125 0.075
0 0.682421875 0.4666666666666667 0.01953125 0.05555555555555555
0 0.729296875 0.4048611111111111 0.02421875 0.05416666666666667
0 0.5046875 0.9243055555555556 0.0546875 0.12916666666666668
0 0.801171875 0.39375 0.01953125 0.05138888888888889
0 0.359765625 0.8180555555555555 0.05078125 0.10277777777777777
0 0.3546875 0.7020833333333333 0.04375 0.09861111111111111
0 0.339453125 0.7555555555555555 0.03671875 0.10555555555555556
0 0.6984375 0.46597222222222223 0.01875 0.059722222222222225
1 0.63671875 0.5736111111111111 0.065625 0.10277777777777777
1 0.58046875 0.3819444444444444 0.040625 0.06111111111111111
1 0.603515625 0.7909722222222222 0.08203125 0.1625
1 0.668359375 0.51875 0.04921875 0.08194444444444444
1 0.5125 0.5013888888888889 0.059375 0.09166666666666666
1 0.690234375 0.39652777777777776 0.03828125 0.059722222222222225
1 0.605859375 0.36180555555555555 0.03203125 0.04861111111111111
1 0.651953125 0.3888888888888889 0.03203125 0.04722222222222222
1 0.602734375 0.66875 0.07421875 0.07916666666666666
1 0.713671875 0.4361111111111111 0.02734375 0.05
2 0.46953125 0.6770833333333334 0.103125 0.1986111111111111
0 0.304296875 0.8013888888888889 0.03359375 0.13055555555555556
0 0.299609375 0.8868055555555555 0.04296875 0.16805555555555557
0 0.734765625 0.46458333333333335 0.01484375 0.06527777777777778
