0 0.7859375 0.4111111111111111 0.0140625 0.05
0 0.823046875 0.39652777777777776 0.01328125 0.04583333333333333
0 0.39296875 0.7840277777777778 0.0546875 0.14027777777777778
0 0.839453125 0.5340277777777778 0.02421875 0.06805555555555555
0 0.65234375 0.8902777777777777 0.0515625 0.14166666666666666
0 0.759765625 0.4041666666666667 0.01484375 0.04722222222222222
0 0.329296875 0.9222222222222223 0.06015625 0.15
0 0.7984375 0.3784722222222222 0.0109375 0.04027777777777778
0 0.776953125 0.3763888888888889 0.01328125 0.03888888888888889
0 0.750390625 0.3680555555555556 0.01328125 0.03611111111111111
0 0.604296875 0.5152777777777777 0.03046875 0.08055555555555556
0 0.291015625 0.8548611111111111 0.05703125 0.15694444444444444
0 0.848828125 0.39305555555555555 0.01328125 0.044444444444444446
0 0.7 0.5013888888888889 0.028125 0.075
0 0.65390625 0.5298611111111111 0.015625 0.09027777777777778
0 0.88046875 0.44583333333333336 0.01875 0.058333333333333334
0 0.822265625 0.3402777777777778 0.01015625 0.030555555555555555
0 0.766015625 0.32430555555555557 0.00859375 0.029166666666666667
0 0.69453125 0.33055555555555555 0.0140625 0.044444444444444446
1 0.61328125 0.35 0.03125 0.044444444444444446
1 0.727734375 0.35208333333333336 0.02734375 0.04861111111111111
1 0.42421875 0.5090277777777777 0.0796875 0.09583333333333334
1 0.653515625 0.3541666666666667 0.02890625 0.04722222222222222
1 0.666796875 0.31319444444444444 0.02265625 0.0375
2 0.2296875 0.5868055555555556 0.1765625 0.17916666666666667
