3 0.1953125 0.40208333333333335 0.14375 0.3402777777777778
3 0.55078125 0.42291666666666666 0.1 0.22916666666666666
3 0.68203125 0.23541666666666666 0.15 0.09305555555555556
3 0.596875 0.2652777777777778 0.05 0.08611111111111111
1 0.7109375 0.5534722222222223 0.121875 0.14583333333333334
1 0.344921875 0.36736111111111114 0.04765625 0.08194444444444444
1 0.430859375 0.22430555555555556 0.06640625 0.05138888888888889
1 0.605859375 0.3416666666666667 0.05078125 0.09166666666666666
0 0.709375 0.30069444444444443 0.0125 0.05416666666666667
0 0.6953125 0.2861111111111111 0.015625 0.05
0 0.4109375 0.25277777777777777 0.0265625 0.05
0 0.369140625 0.2222222222222222 0.02421875 0.03611111111111111
