3 0.628125 0.65625 0.2484375 0.6847222222222222
3 0.52890625 0.27361111111111114 0.0625 0.17222222222222222
3 0.362890625 0.21666666666666667 0.11953125 0.09166666666666666
3 0.4265625 0.20555555555555555 0.1046875 0.08333333333333333
3 0.1953125 0.1736111111111111 0.0359375 0.075
0 0.224609375 0.22013888888888888 0.01640625 0.034722222222222224
0 0.28125 0.2125 0.025 0.04722222222222222
0 0.26640625 0.20694444444444443 0.01875 0.03888888888888889
0 0.144921875 0.20208333333333334 0.01484375 0.04027777777777778
0 0.736328125 0.26944444444444443 0.01328125 0.044444444444444446
0 0.60390625 0.2263888888888889 0.0234375 0.041666666666666664
0 0.636328125 0.22013888888888888 0.01953125 0.0375
