1 0.371875 0.24097222222222223 0.0453125 0.07916666666666666
0 0.61953125 0.3645833333333333 0.0359375 0.09305555555555556
0 0.737890625 0.42986111111111114 0.04921875 0.12638888888888888
0 0.57578125 0.35555555555555557 0.034375 0.09444444444444444
0 0.534375 0.33402777777777776 0.0265625 0.09027777777777778
0 0.63046875 0.26944444444444443 0.0328125 0.07777777777777778
0 0.664453125 0.28888888888888886 0.02734375 0.09166666666666666
0 0.709765625 0.30625 0.02890625 0.09027777777777778
2 0.59296875 0.17916666666666667 0.0578125 0.09444444444444444
2 0.55234375 0.2659722222222222 0.0546875 0.11527777777777778
3 0.45390625 0.18680555555555556 0.0546875 0.14305555555555555
3 0.760546875 0.7868055555555555 0.26796875 0.4263888888888889
