3 0.219140625 0.55 0.14609375 0.34444444444444444
1 0.251953125 0.34097222222222223 0.05234375 0.09305555555555556
1 0.347265625 0.2152777777777778 0.06171875 0.058333333333333334
3 0.6953125 0.22013888888888888 0.0578125 0.07361111111111111
0 0.429296875 0.225 0.03046875 0.03611111111111111
0 0.4875 0.22916666666666666 0.0265625 0.041666666666666664
0 0.7578125 0.4097222222222222 0.0375 0.075
0 0.9734375 0.6888888888888889 0.053125 0.15833333333333333
3 0.183203125 0.16458333333333333 0.05234375 0.0875
2 0.621875 0.32916666666666666 0.090625 0.2
