0 0.319921875 0.30972222222222223 0.01796875 0.08055555555555556
0 0.33359375 0.25416666666666665 0.01875 0.07222222222222222
0 0.37109375 0.21319444444444444 0.0171875 0.05416666666666667
0 0.351953125 0.22916666666666666 0.01484375 0.058333333333333334
0 0.67734375 0.28958333333333336 0.025 0.0763888888888889
0 0.961328125 0.7798611111111111 0.07578125 0.2125
2 0.140234375 0.7277777777777777 0.23203125 0.4722222222222222
3 0.282421875 0.8097222222222222 0.26015625 0.38055555555555554
3 0.640625 0.5583333333333333 0.1296875 0.30833333333333335
1 0.83359375 0.8027777777777778 0.1734375 0.24722222222222223
1 0.68515625 0.425 0.090625 0.1361111111111111
3 0.44765625 0.1736111111111111 0.05 0.15
3 0.56640625 0.27361111111111114 0.090625 0.23055555555555557
1 0.62734375 0.28680555555555554 0.05 0.07916666666666666
