0 0.29140625 0.38472222222222224 0.034375 0.09166666666666666
0 0.4140625 0.21666666666666667 0.0265625 0.05
0 0.951171875 0.6673611111111111 0.04765625 0.14305555555555555
0 0.83984375 0.4736111111111111 0.025 0.10555555555555556
0 0.745703125 0.3951388888888889 0.01953125 0.09027777777777778
0 0.70234375 0.32916666666666666 0.015625 0.06666666666666667
2 0.675 0.45208333333333334 0.06875 0.19305555555555556
3 0.557421875 0.45069444444444445 0.14609375 0.4263888888888889
3 0.6625 0.2548611111111111 0.0484375 0.07916666666666666
2 0.26640625 0.2125 0.0953125 0.08611111111111111
3 0.13515625 0.17083333333333334 0.0609375 0.08333333333333333
3 0.53984375 0.20555555555555555 0.1015625 0.06944444444444445
