0 0.1890625 0.5798611111111112 0.0546875 0.17916666666666667
0 0.62578125 0.3541666666666667 0.03125 0.08611111111111111
0 0.68359375 0.2798611111111111 0.0234375 0.06805555555555555
0 0.64140625 0.22361111111111112 0.0171875 0.058333333333333334
0 0.53828125 0.30416666666666664 0.028125 0.08055555555555556
0 0.34765625 0.24583333333333332 0.021875 0.07222222222222222
0 0.369140625 0.22569444444444445 0.01953125 0.0625
3 0.406640625 0.38333333333333336 0.09296875 0.2611111111111111
2 0.585546875 0.4270833333333333 0.08984375 0.1875
3 0.446484375 0.20277777777777778 0.05234375 0.12777777777777777
3 0.55703125 0.2298611111111111 0.05 0.12361111111111112
