0 0.840625 0.4083333333333333 0.021875 0.05555555555555555
0 0.61171875 0.7993055555555556 0.04375 0.12083333333333333
0 0.23984375 0.8951388888888889 0.0640625 0.15416666666666667
0 0.660546875 0.4875 0.02734375 0.075
0 0.50546875 0.7458333333333333 0.04375 0.12222222222222222
0 0.46328125 0.6069444444444444 0.0375 0.1
0 0.5203125 0.5625 0.0328125 0.08055555555555556
0 0.73671875 0.44722222222222224 0.021875 0.06111111111111111
0 0.53359375 0.6340277777777777 0.0359375 0.09861111111111111
0 0.7015625 0.41944444444444445 0.021875 0.058333333333333334
0 0.775 0.45902777777777776 0.021875 0.0625
0 0.57578125 0.9104166666666667 0.053125 0.13194444444444445
0 0.59375 0.5027777777777778 0.028125 0.07777777777777778
0 0.77109375 0.41180555555555554 0.01875 0.05138888888888889
0 0.7234375 0.39861111111111114 0.01875 0.05277777777777778
0 0.435546875 0.7736111111111111 0.04765625 0.12777777777777777
0 0.677734375 0.6881944444444444 0.04609375 0.1125
0 0.8796875 0.5368055555555555 0.0296875 0.07083333333333333
0 0.957421875 0.8819444444444444 0.04453125 0.17222222222222222
0 0.39921875 0.7125 0.0421875 0.11666666666666667
0 0.846875 0.5493055555555556 0.0328125 0.07083333333333333
0 0.810546875 0.44722222222222224 0.02265625 0.06388888888888888
0 0.658203125 0.6680555555555555 0.04296875 0.11388888888888889
0 0.85546875 0.3625 0.01875 0.05
0 0.75703125 0.3909722222222222 0.0109375 0.043055555555555555
0 0.802734375 0.3909722222222222 0.01796875 0.05138888888888889
0 0.29140625 0.95 0.0546875 0.09722222222222222
0 0.825 0.34930555555555554 0.0171875 0.04583333333333333
0 0.7390625 0.4027777777777778 0.0140625 0.041666666666666664
0 0.77578125 0.3798611111111111 0.0140625 0.04583333333333333
1 0.728515625 0.5215277777777778 0.07578125 0.09583333333333334
1 0.565625 0.46319444444444446 0.053125 0.0763888888888889
1 0.855859375 0.6159722222222223 0.13671875 0.12638888888888888
1 0.54140625 0.41041666666666665 0.040625 0.059722222222222225
1 0.034765625 0.8673611111111111 0.06953125 0.17083333333333334
1 0.626171875 0.32708333333333334 0.02890625 0.043055555555555555
1 0.66953125 0.32430555555555557 0.0265625 0.04027777777777778
1 0.64609375 0.3625 0.03125 0.04722222222222222
