0 0.682421875 0.36736111111111114 0.02109375 0.0875
0 0.385546875 0.3090277777777778 0.01640625 0.0763888888888889
0 0.434375 0.22430555555555556 0.0125 0.0625
0 0.405078125 0.2465277777777778 0.01015625 0.05416666666666667
0 0.376953125 0.2423611111111111 0.01171875 0.05416666666666667
0 0.040234375 0.46319444444444446 0.03671875 0.11805555555555555
1 0.573828125 0.2388888888888889 0.03046875 0.06111111111111111
2 0.17109375 0.44722222222222224 0.1296875 0.21944444444444444
3 0.534375 0.22777777777777777 0.034375 0.08611111111111111
0 0.446484375 0.18263888888888888 0.01015625 0.02638888888888889
