0 0.78359375 0.46111111111111114 0.0234375 0.10277777777777777
0 0.180859375 0.5326388888888889 0.03046875 0.12361111111111112
0 0.983984375 0.8930555555555556 0.03203125 0.14166666666666666
0 0.82578125 0.6680555555555555 0.040625 0.16111111111111112
0 0.269921875 0.3215277777777778 0.01796875 0.0763888888888889
0 0.67265625 0.3819444444444444 0.021875 0.08333333333333333
0 0.24453125 0.38958333333333334 0.0234375 0.09027777777777778
3 0.376171875 0.26875 0.09921875 0.2125
3 0.58984375 0.5451388888888888 0.125 0.29305555555555557
3 0.31171875 0.6819444444444445 0.296875 0.6361111111111111
3 0.55078125 0.3368055555555556 0.04375 0.10416666666666667
3 0.43359375 0.33819444444444446 0.0625 0.16527777777777777
2 0.44140625 0.15833333333333333 0.034375 0.075
3 0.4671875 0.25763888888888886 0.03125 0.09027777777777778
