2 0.834375 0.7576388888888889 0.33125 0.4736111111111111
0 0.780859375 0.4673611111111111 0.04765625 0.10138888888888889
0 0.826171875 0.5368055555555555 0.03828125 0.07361111111111111
0 0.184765625 0.4847222222222222 0.03515625 0.08611111111111111
0 0.39921875 0.2722222222222222 0.015625 0.06944444444444445
0 0.460546875 0.2520833333333333 0.03828125 0.06527777777777778
0 0.71640625 0.37430555555555556 0.03125 0.09861111111111111
0 0.627734375 0.27291666666666664 0.02109375 0.0625
1 0.359375 0.23472222222222222 0.0546875 0.08611111111111111
3 0.574609375 0.15694444444444444 0.05859375 0.10833333333333334
3 0.521875 0.18472222222222223 0.0421875 0.09166666666666666
3 0.434375 0.14305555555555555 0.0703125 0.05
