0 0.169140625 0.5291666666666667 0.03203125 0.13333333333333333
0 0.36875 0.27152777777777776 0.01875 0.07361111111111111
0 0.8875 0.6430555555555556 0.0515625 0.1388888888888889
0 0.6625 0.32222222222222224 0.015625 0.075
0 0.6359375 0.26805555555555555 0.0125 0.06111111111111111
0 0.409765625 0.2152777777777778 0.01171875 0.05
0 0.61015625 0.26180555555555557 0.0109375 0.05416666666666667
0 0.44296875 0.1986111111111111 0.0109375 0.05
1 0.573828125 0.2298611111111111 0.03203125 0.06527777777777778
3 0.269921875 0.7965277777777777 0.22109375 0.40694444444444444
3 0.424609375 0.34375 0.06015625 0.15138888888888888
3 0.565234375 0.3486111111111111 0.06640625 0.17222222222222222
3 0.525 0.17569444444444443 0.0328125 0.07083333333333333
2 0.5359375 0.25 0.0359375 0.07777777777777778
