5 0.626171875 0.8006944444444445 0.1359375 0.3211805555555556
5 0.586328125 0.5173611111111112 0.090625 0.1795138888888889
5 0.720703125 0.4652777777777778 0.109375 0.16145833333333334
7 0.572265625 0.35 0.0728515625 0.15868055555555555
5 0.6578125 0.3472222222222222 0.0623046875 0.11076388888888888
4 0.74140625 0.35 0.0421875 0.09444444444444444
4 0.654296875 0.2722222222222222 0.02421875 0.058680555555555555
4 0.623828125 0.28541666666666665 0.0333984375 0.075
4 0.081640625 0.4041666666666667 0.0662109375 0.06701388888888889
4 0.2125 0.28958333333333336 0.050390625 0.05173611111111111
4 0.68671875 0.29305555555555557 0.023828125 0.06909722222222223
4 0.916796875 0.6597222222222222 0.0603515625 0.13645833333333332
