7 0.586328125 0.42291666666666666 0.10234375 0.21006944444444445
4 0.751953125 0.3486111111111111 0.0380859375 0.08333333333333333
4 0.695703125 0.31666666666666665 0.034375 0.08333333333333333
4 0.653515625 0.28958333333333336 0.0306640625 0.08611111111111111
4 0.575 0.2701388888888889 0.0251953125 0.06284722222222222
4 0.3359375 0.3486111111111111 0.0283203125 0.08888888888888889
4 0.26484375 0.4486111111111111 0.034375 0.12534722222222222
4 0.205078125 0.44722222222222224 0.0259765625 0.08819444444444445
4 0.078125 0.40902777777777777 0.05625 0.06527777777777778
4 0.212109375 0.29097222222222224 0.0509765625 0.04548611111111111
5 0.539453125 0.3104166666666667 0.0521484375 0.10972222222222222
4 0.451171875 0.22847222222222222 0.015625 0.06111111111111111
