4 0.3953125 0.4340277777777778 0.0326171875 0.10972222222222222
4 0.740234375 0.48819444444444443 0.0365234375 0.11666666666666667
4 0.682421875 0.2777777777777778 0.01953125 0.07777777777777778
4 0.067578125 0.3923611111111111 0.05546875 0.07395833333333333
4 0.33203125 0.44375 0.0326171875 0.13472222222222222
4 0.25625 0.45694444444444443 0.0310546875 0.07777777777777778
4 0.192578125 0.46319444444444446 0.0349609375 0.075
4 0.21015625 0.6472222222222223 0.082421875 0.15069444444444444
4 0.35859375 0.32083333333333336 0.0248046875 0.08090277777777778
4 0.29140625 0.30486111111111114 0.023046875 0.06284722222222222
4 0.4328125 0.3 0.025 0.075
4 0.373828125 0.22430555555555556 0.01953125 0.043055555555555555
4 0.33046875 0.2652777777777778 0.019921875 0.0642361111111111
4 0.411328125 0.23472222222222222 0.0197265625 0.058333333333333334
4 0.28203125 0.39791666666666664 0.0296875 0.07361111111111111
4 0.362890625 0.25625 0.01875 0.04826388888888889
