0 0.1765625 0.5590277777777778 0.0828125 0.11527777777777778
0 0.494921875 0.38333333333333336 0.02421875 0.09166666666666666
0 0.4640625 0.3659722222222222 0.0234375 0.08472222222222223
0 0.13046875 0.4201388888888889 0.0578125 0.09027777777777778
0 0.075 0.61875 0.04375 0.13472222222222222
0 0.158984375 0.7402777777777778 0.08671875 0.1527777777777778
0 0.8015625 0.49444444444444446 0.0625 0.10555555555555556
0 0.3015625 0.39652777777777776 0.05 0.09305555555555556
0 0.33828125 0.6291666666666667 0.0765625 0.12222222222222222
0 0.320703125 0.30277777777777776 0.02421875 0.08611111111111111
0 0.61171875 0.9347222222222222 0.0578125 0.13055555555555556
0 0.463671875 0.5486111111111112 0.06796875 0.12222222222222222
0 0.862890625 0.55 0.03515625 0.11944444444444445
0 0.40859375 0.4270833333333333 0.0484375 0.09305555555555556
0 0.348828125 0.29791666666666666 0.02109375 0.07361111111111111
0 0.666015625 0.35347222222222224 0.02734375 0.08472222222222223
0 0.03515625 0.6875 0.059375 0.1527777777777778
0 0.42734375 0.34375 0.0296875 0.08194444444444444
0 0.541796875 0.4083333333333333 0.03046875 0.08611111111111111
0 0.433203125 0.6006944444444444 0.08046875 0.12083333333333333
0 0.362109375 0.5736111111111111 0.06796875 0.11388888888888889
0 0.51953125 0.2986111111111111 0.0203125 0.075
0 0.89375 0.48125 0.0390625 0.11805555555555555
0 0.77734375 0.45069444444444445 0.046875 0.09305555555555556
0 0.377734375 0.41180555555555554 0.04609375 0.09027777777777778
0 0.33984375 0.39652777777777776 0.034375 0.0875
0 0.69765625 0.3506944444444444 0.034375 0.07361111111111111
0 0.417578125 0.27152777777777776 0.01328125 0.0625
0 0.494921875 0.2986111111111111 0.02109375 0.06666666666666667
1 0.534765625 0.25555555555555554 0.04140625 0.06388888888888888
2 0.38515625 0.24583333333333332 0.0421875 0.07777777777777778
3 0.40078125 0.8298611111111112 0.2 0.3402777777777778
3 0.61171875 0.5618055555555556 0.153125 0.36527777777777776
3 0.596484375 0.33611111111111114 0.07265625 0.17777777777777778
3 0.45390625 0.2548611111111111 0.04375 0.10416666666666667
3 0.6890625 0.4909722222222222 0.1046875 0.22916666666666666
3 0.385546875 0.25069444444444444 0.03984375 0.08472222222222223
