4 0.166015625 0.6673611111111111 0.0443359375 0.1295138888888889
4 0.17265625 0.5076388888888889 0.0283203125 0.10416666666666667
4 0.305078125 0.4097222222222222 0.0421875 0.1
4 0.349609375 0.38055555555555554 0.0244140625 0.07777777777777778
4 0.32265625 0.32569444444444445 0.0298828125 0.07395833333333333
4 0.28046875 0.3076388888888889 0.0376953125 0.09270833333333334
4 0.555078125 0.3326388888888889 0.03359375 0.08506944444444445
4 0.083203125 0.4041666666666667 0.0666015625 0.07256944444444445
4 0.2109375 0.2902777777777778 0.0466796875 0.06909722222222223
4 0.3515625 0.25416666666666665 0.0173828125 0.06111111111111111
4 0.4 0.25625 0.0220703125 0.06805555555555555
5 0.451171875 0.2791666666666667 0.0509765625 0.0920138888888889
4 0.351953125 0.3111111111111111 0.01484375 0.05555555555555555
4 0.38125 0.20208333333333334 0.0140625 0.05416666666666667
4 0.663671875 0.24027777777777778 0.0146484375 0.05347222222222222
