0 0.284375 0.4909722222222222 0.059375 0.10694444444444444
0 0.184765625 0.38125 0.05234375 0.09305555555555556
0 0.508984375 0.4340277777777778 0.05859375 0.09583333333333334
0 0.299609375 0.41180555555555554 0.02890625 0.09861111111111111
0 0.380078125 0.3388888888888889 0.01796875 0.08333333333333333
0 0.02734375 0.5173611111111112 0.053125 0.10972222222222222
0 0.141796875 0.8638888888888889 0.05234375 0.20555555555555555
0 0.283984375 0.32708333333333334 0.02265625 0.08472222222222223
0 0.327734375 0.3375 0.02109375 0.08055555555555556
0 0.80546875 0.49166666666666664 0.059375 0.09444444444444444
0 0.900390625 0.5583333333333333 0.07734375 0.10277777777777777
0 0.681640625 0.37916666666666665 0.02421875 0.09166666666666666
0 0.462109375 0.29930555555555555 0.01796875 0.07916666666666666
0 0.3546875 0.29583333333333334 0.021875 0.06944444444444445
0 0.41796875 0.29930555555555555 0.021875 0.07361111111111111
0 0.440625 0.29791666666666666 0.025 0.07361111111111111
0 0.401953125 0.2861111111111111 0.02109375 0.06944444444444445
1 0.053515625 0.6638888888888889 0.10703125 0.16111111111111112
1 0.623046875 0.33541666666666664 0.05078125 0.0875
1 0.416015625 0.2 0.02890625 0.05555555555555555
1 0.4578125 0.25763888888888886 0.028125 0.06805555555555555
3 0.540625 0.2534722222222222 0.04375 0.10972222222222222
3 0.46171875 0.17569444444444443 0.0328125 0.08472222222222223
3 0.525390625 0.19930555555555557 0.05234375 0.12638888888888888
0 0.308203125 0.3263888888888889 0.01953125 0.07222222222222222
