7 0.20546875 0.6444444444444445 0.4109375 0.7083333333333334
7 0.690234375 0.8902777777777777 0.28828125 0.21666666666666667
5 0.551953125 0.5430555555555555 0.08828125 0.16458333333333333
5 0.683203125 0.5548611111111111 0.0916015625 0.14166666666666666
5 0.903125 0.8993055555555556 0.1921875 0.1986111111111111
5 0.543359375 0.2881944444444444 0.0384765625 0.05451388888888889
5 0.67421875 0.21736111111111112 0.039453125 0.04548611111111111
5 0.419921875 0.225 0.0572265625 0.05555555555555555
6 0.540234375 0.39791666666666664 0.07109375 0.1545138888888889
6 0.623828125 0.3034722222222222 0.0615234375 0.14027777777777778
