0 0.315625 0.8673611111111111 0.0609375 0.15416666666666667
0 0.2140625 0.9090277777777778 0.0703125 0.14583333333333334
0 0.432421875 0.8798611111111111 0.06328125 0.1375
0 0.690625 0.42430555555555555 0.0234375 0.059722222222222225
0 0.776171875 0.5201388888888889 0.02890625 0.07083333333333333
0 0.556640625 0.6159722222222223 0.03828125 0.10138888888888889
0 0.41796875 0.7 0.0421875 0.11388888888888889
0 0.721484375 0.38055555555555554 0.01796875 0.04722222222222222
0 0.644921875 0.47847222222222224 0.02734375 0.07361111111111111
0 0.735546875 0.47638888888888886 0.02578125 0.06388888888888888
0 0.79140625 0.46458333333333335 0.025 0.059722222222222225
0 0.76015625 0.4534722222222222 0.021875 0.059722222222222225
0 0.837109375 0.45 0.02421875 0.06111111111111111
0 0.667578125 0.5756944444444444 0.03671875 0.09027777777777778
0 0.668359375 0.51875 0.02734375 0.06527777777777778
0 0.866015625 0.48055555555555557 0.02265625 0.075
0 0.744140625 0.4076388888888889 0.01796875 0.04861111111111111
0 0.76875 0.4215277777777778 0.0171875 0.04861111111111111
0 0.729296875 0.4340277777777778 0.02109375 0.05416666666666667
0 0.822265625 0.4076388888888889 0.01796875 0.05416666666666667
1 0.787890625 0.6263888888888889 0.16953125 0.12777777777777777
1 0.4890625 0.46041666666666664 0.0625 0.08194444444444444
1 0.575 0.43819444444444444 0.0546875 0.06805555555555555
1 0.60234375 0.3819444444444444 0.0359375 0.058333333333333334
1 0.64140625 0.3645833333333333 0.034375 0.05694444444444444
1 0.61953125 0.3388888888888889 0.0265625 0.03888888888888889
1 0.696875 0.36527777777777776 0.0328125 0.05
