0 0.778125 0.5430555555555555 0.0296875 0.13055555555555556
0 0.268359375 0.4930555555555556 0.03359375 0.14166666666666666
0 0.91640625 0.7 0.0390625 0.15
0 0.384375 0.24097222222222223 0.015625 0.07083333333333333
0 0.10546875 0.6416666666666667 0.0421875 0.16944444444444445
0 0.348828125 0.26458333333333334 0.01484375 0.06527777777777778
0 0.27578125 0.3798611111111111 0.025 0.10138888888888889
0 0.219921875 0.46458333333333335 0.03359375 0.1375
0 0.599609375 0.22569444444444445 0.01171875 0.05416666666666667
0 0.041796875 0.4638888888888889 0.02421875 0.09444444444444444
0 0.62890625 0.25416666666666665 0.0125 0.05277777777777778
1 0.449609375 0.23958333333333334 0.03515625 0.07361111111111111
3 0.39921875 0.48541666666666666 0.0953125 0.24861111111111112
3 0.533203125 0.21319444444444444 0.03515625 0.0763888888888889
1 0.368359375 0.3541666666666667 0.06015625 0.07777777777777778
