0 0.72265625 0.41944444444444445 0.0203125 0.09166666666666666
0 0.242578125 0.40902777777777777 0.02578125 0.10972222222222222
0 0.364453125 0.2520833333333333 0.01484375 0.06805555555555555
0 0.143359375 0.6145833333333334 0.03984375 0.16805555555555557
0 0.409765625 0.20208333333333334 0.01171875 0.04027777777777778
0 0.329296875 0.32708333333333334 0.02109375 0.08194444444444444
0 0.62890625 0.25069444444444444 0.0140625 0.05138888888888889
1 0.405859375 0.3861111111111111 0.05859375 0.10277777777777777
3 0.566796875 0.3541666666666667 0.08203125 0.19166666666666668
3 0.546875 0.20347222222222222 0.059375 0.12638888888888888
1 0.594140625 0.24097222222222223 0.03203125 0.04861111111111111
