0 0.573828125 0.5590277777777778 0.06328125 0.10694444444444444
0 0.502734375 0.37083333333333335 0.02265625 0.09166666666666666
0 0.45390625 0.4097222222222222 0.0359375 0.08611111111111111
0 0.345703125 0.425 0.04140625 0.09444444444444444
0 0.111328125 0.5076388888888889 0.07421875 0.10694444444444444
0 0.66484375 0.6006944444444444 0.075 0.1125
0 0.525390625 0.6131944444444445 0.08046875 0.1125
0 0.887109375 0.5729166666666666 0.05859375 0.10416666666666667
0 0.177734375 0.38125 0.05234375 0.09305555555555556
0 0.722265625 0.5625 0.06640625 0.10277777777777777
0 0.26875 0.48055555555555557 0.065625 0.10555555555555556
0 0.393359375 0.4534722222222222 0.04765625 0.09305555555555556
0 0.05 0.38125 0.0484375 0.08472222222222223
0 0.539453125 0.3527777777777778 0.02265625 0.08333333333333333
0 0.832421875 0.5493055555555556 0.06015625 0.10972222222222222
0 0.642578125 0.43819444444444444 0.05078125 0.09027777777777778
0 0.065625 0.4465277777777778 0.065625 0.09027777777777778
0 0.7609375 0.5354166666666667 0.053125 0.10138888888888889
0 0.817578125 0.45208333333333334 0.05234375 0.09027777777777778
0 0.590234375 0.41805555555555557 0.05234375 0.08055555555555556
0 0.406640625 0.39444444444444443 0.04453125 0.07777777777777778
0 0.353125 0.2875 0.0140625 0.04722222222222222
0 0.378515625 0.38263888888888886 0.04921875 0.0763888888888889
0 0.41953125 0.29791666666666666 0.015625 0.05416666666666667
0 0.73828125 0.43680555555555556 0.0484375 0.07361111111111111
0 0.2328125 0.45625 0.0484375 0.0875
0 0.376953125 0.2875 0.01328125 0.05555555555555555
0 0.237890625 0.425 0.04609375 0.08888888888888889
0 0.793359375 0.5055555555555555 0.03515625 0.09722222222222222
0 0.0109375 0.5756944444444444 0.021875 0.09305555555555556
0 0.537109375 0.2986111111111111 0.02734375 0.06111111111111111
1 0.022265625 0.5055555555555555 0.04453125 0.1111111111111111
1 0.62890625 0.3375 0.1203125 0.09722222222222222
1 0.45546875 0.27708333333333335 0.0390625 0.07083333333333333
3 0.508984375 0.16041666666666668 0.02421875 0.06805555555555555
0 0.709765625 0.4083333333333333 0.03828125 0.07222222222222222
0 0.4 0.2923611111111111 0.0125 0.059722222222222225
0 0.33359375 0.29305555555555557 0.0171875 0.06388888888888888
