0 0.231640625 0.46111111111111114 0.02578125 0.11944444444444445
0 0.170703125 0.6388888888888888 0.04453125 0.15
0 0.33671875 0.25555555555555554 0.01875 0.06944444444444445
0 0.687890625 0.36944444444444446 0.01484375 0.075
0 0.418359375 0.17777777777777778 0.01015625 0.030555555555555555
0 0.908203125 0.4388888888888889 0.03359375 0.08888888888888889
0 0.68671875 0.28680555555555554 0.021875 0.05416666666666667
0 0.326171875 0.32430555555555557 0.01953125 0.08194444444444444
1 0.641015625 0.4222222222222222 0.07421875 0.11666666666666667
1 0.58359375 0.25625 0.0390625 0.06527777777777778
2 0.511328125 0.16944444444444445 0.02265625 0.05
3 0.480078125 0.14375 0.02578125 0.05694444444444444
