0 0.39140625 0.85 0.04375 0.2
0 0.321875 0.5020833333333333 0.0265625 0.11805555555555555
0 0.448828125 0.5805555555555556 0.03046875 0.13055555555555556
0 0.530078125 0.5583333333333333 0.02734375 0.12777777777777777
0 0.394921875 0.4263888888888889 0.02109375 0.08888888888888889
0 0.4859375 0.44513888888888886 0.025 0.09583333333333334
0 0.406640625 0.3527777777777778 0.01953125 0.07222222222222222
0 0.438671875 0.3 0.01484375 0.06388888888888888
0 0.491015625 0.36875 0.02109375 0.07361111111111111
0 0.49921875 0.32708333333333334 0.0171875 0.06527777777777778
0 0.52578125 0.2875 0.0140625 0.05
