0 0.4578125 0.8243055555555555 0.04375 0.19027777777777777
0 0.509375 0.7222222222222222 0.040625 0.175
0 0.21796875 0.8319444444444445 0.0546875 0.20833333333333334
0 0.32265625 0.4722222222222222 0.0203125 0.09722222222222222
0 0.3828125 0.4270833333333333 0.0234375 0.10416666666666667
0 0.531640625 0.5645833333333333 0.03203125 0.13194444444444445
0 0.52734375 0.4388888888888889 0.021875 0.09166666666666666
1 0.478515625 0.39166666666666666 0.05859375 0.1111111111111111
1 0.4921875 0.2902777777777778 0.0390625 0.06944444444444445
0 0.526171875 0.25 0.01640625 0.05
0 0.387109375 0.3458333333333333 0.01484375 0.06388888888888888
