0 0.034765625 0.5090277777777777 0.04140625 0.10416666666666667
0 0.1046875 0.46041666666666664 0.028125 0.09305555555555556
2 0.57109375 0.5486111111111112 0.1828125 0.49166666666666664
1 0.775390625 0.7201388888888889 0.17109375 0.22083333333333333
1 0.6640625 0.4798611111111111 0.0515625 0.13472222222222222
1 0.271484375 0.20555555555555555 0.05234375 0.05555555555555555
3 0.170703125 0.18194444444444444 0.06484375 0.075
3 0.523046875 0.26875 0.05390625 0.0875
3 0.565234375 0.22847222222222222 0.06171875 0.10138888888888889
3 0.622265625 0.2673611111111111 0.05078125 0.1125
3 0.662890625 0.22083333333333333 0.04453125 0.07222222222222222
