0 0.33125 0.42083333333333334 0.025 0.11388888888888889
0 0.036328125 0.8645833333333334 0.06484375 0.21805555555555556
0 0.385546875 0.3784722222222222 0.02421875 0.10694444444444444
0 0.290234375 0.4041666666666667 0.02734375 0.1111111111111111
0 0.619921875 0.24166666666666667 0.01171875 0.06111111111111111
0 0.83046875 0.5840277777777778 0.05625 0.1125
0 0.6671875 0.29791666666666666 0.015625 0.06527777777777778
3 0.54140625 0.2534722222222222 0.0453125 0.10972222222222222
3 0.779296875 0.7763888888888889 0.44140625 0.44722222222222224
2 0.40859375 0.17083333333333334 0.028125 0.06111111111111111
0 0.600390625 0.4375 0.00078125 0.002777777777777778
