4 0.712109375 0.5076388888888889 0.0462890625 0.1267361111111111
4 0.7765625 0.6881944444444444 0.0517578125 0.1482638888888889
4 0.853125 0.5673611111111111 0.0591796875 0.16527777777777777
4 0.56640625 0.49444444444444446 0.0689453125 0.17708333333333334
5 0.6875 0.8666666666666667 0.228125 0.2638888888888889
4 0.66875 0.3277777777777778 0.025 0.08263888888888889
4 0.534375 0.2743055555555556 0.0248046875 0.08159722222222222
4 0.700390625 0.2965277777777778 0.021875 0.07395833333333333
4 0.28203125 0.40902777777777777 0.0265625 0.08055555555555556
4 0.271484375 0.3375 0.0302734375 0.06631944444444444
4 0.2453125 0.4326388888888889 0.027734375 0.10659722222222222
5 0.355078125 0.3770833333333333 0.0806640625 0.16284722222222223
4 0.171484375 0.5104166666666666 0.0333984375 0.10173611111111111
4 0.090625 0.5791666666666667 0.046484375 0.09479166666666666
7 0.204296875 0.7611111111111111 0.40859375 0.475
4 0.081640625 0.3923611111111111 0.0568359375 0.10104166666666667
4 0.209765625 0.2881944444444444 0.0478515625 0.05381944444444445
4 0.38046875 0.24791666666666667 0.0171875 0.05277777777777778
4 0.34375 0.25069444444444444 0.0173828125 0.06527777777777778
5 0.448828125 0.24444444444444444 0.0474609375 0.08055555555555556
4 0.68515625 0.2722222222222222 0.0169921875 0.06041666666666667
