0 0.24375 0.4236111111111111 0.0578125 0.09444444444444444
0 0.276171875 0.35208333333333336 0.03046875 0.0875
0 0.71484375 0.40625 0.025 0.09583333333333334
0 0.471875 0.41180555555555554 0.040625 0.09027777777777778
0 0.0953125 0.44930555555555557 0.0546875 0.09583333333333334
0 0.508984375 0.4479166666666667 0.05859375 0.09305555555555556
0 0.15078125 0.3701388888888889 0.04375 0.09027777777777778
0 0.0328125 0.4354166666666667 0.0546875 0.09861111111111111
0 0.401953125 0.2965277777777778 0.02265625 0.07361111111111111
0 0.315625 0.325 0.0265625 0.08333333333333333
0 0.596875 0.27291666666666664 0.015625 0.04861111111111111
0 0.63125 0.2965277777777778 0.0171875 0.07083333333333333
0 0.7609375 0.44722222222222224 0.0546875 0.09444444444444444
0 0.134765625 0.4263888888888889 0.04609375 0.09444444444444444
0 0.66796875 0.30069444444444443 0.0203125 0.07361111111111111
0 0.5515625 0.2847222222222222 0.021875 0.06111111111111111
0 0.36328125 0.3125 0.0234375 0.08055555555555556
0 0.571875 0.3236111111111111 0.0203125 0.075
0 0.69609375 0.32569444444444445 0.0234375 0.07916666666666666
0 0.526171875 0.28055555555555556 0.02265625 0.05555555555555555
1 0.4953125 0.33958333333333335 0.08125 0.09027777777777778
1 0.54921875 0.24166666666666667 0.0296875 0.075
