0 0.172265625 0.24375 0.01484375 0.05138888888888889
0 0.220703125 0.20833333333333334 0.01953125 0.044444444444444446
0 0.255859375 0.20972222222222223 0.01796875 0.04722222222222222
0 0.30078125 0.21458333333333332 0.01875 0.04583333333333333
0 0.441796875 0.24305555555555555 0.02265625 0.05
1 0.373828125 0.22013888888888888 0.06171875 0.04583333333333333
1 0.54140625 0.4875 0.08125 0.14166666666666666
1 0.656640625 0.8965277777777778 0.18203125 0.20694444444444443
1 0.603125 0.3104166666666667 0.0390625 0.07361111111111111
1 0.519140625 0.3055555555555556 0.04140625 0.06666666666666667
3 0.480078125 0.2076388888888889 0.08828125 0.07361111111111111
2 0.758203125 0.6458333333333334 0.17578125 0.29444444444444445
0 0.79140625 0.41041666666666665 0.025 0.08194444444444444
2 0.69296875 0.25069444444444444 0.053125 0.06527777777777778
3 0.578515625 0.24305555555555555 0.05390625 0.08055555555555556
3 0.6328125 0.2111111111111111 0.1015625 0.09166666666666666
