0 0.22421875 0.6826388888888889 0.0390625 0.16805555555555557
0 0.446875 0.475 0.0234375 0.10555555555555556
0 0.503515625 0.6298611111111111 0.03203125 0.14027777777777778
0 0.537890625 0.4673611111111111 0.02421875 0.10416666666666667
0 0.475390625 0.42777777777777776 0.02265625 0.08888888888888889
0 0.483984375 0.36319444444444443 0.02109375 0.07361111111111111
0 0.534765625 0.3506944444444444 0.02109375 0.0763888888888889
0 0.5046875 0.3326388888888889 0.0171875 0.07083333333333333
0 0.427734375 0.33055555555555555 0.01640625 0.06388888888888888
0 0.39765625 0.33194444444444443 0.01875 0.06944444444444445
