0 0.448828125 0.8333333333333334 0.04609375 0.14166666666666666
0 0.04921875 0.9097222222222222 0.0765625 0.15833333333333333
0 0.60546875 0.8652777777777778 0.0546875 0.15833333333333333
0 0.3328125 0.6756944444444445 0.0484375 0.11527777777777778
0 0.7640625 0.6347222222222222 0.025 0.09444444444444444
0 0.73828125 0.43125 0.01875 0.05694444444444444
0 0.7234375 0.5444444444444444 0.0234375 0.075
0 0.74140625 0.5861111111111111 0.0234375 0.08055555555555556
0 0.15 0.9284722222222223 0.0609375 0.14305555555555555
0 0.6734375 0.5451388888888888 0.015625 0.0875
0 0.79140625 0.5625 0.028125 0.07777777777777778
0 0.6359375 0.5472222222222223 0.0265625 0.07777777777777778
0 0.605078125 0.53125 0.02734375 0.07916666666666666
0 0.8234375 0.6055555555555555 0.034375 0.09166666666666666
0 0.73203125 0.7305555555555555 0.0421875 0.11666666666666667
0 0.870703125 0.4666666666666667 0.02890625 0.06944444444444445
0 0.875 0.5569444444444445 0.0296875 0.08333333333333333
0 0.77109375 0.46875 0.025 0.06527777777777778
0 0.776171875 0.425 0.02109375 0.05
0 0.83515625 0.4909722222222222 0.021875 0.06527777777777778
0 0.762109375 0.5493055555555556 0.02421875 0.07083333333333333
0 0.819140625 0.4875 0.02109375 0.07777777777777778
0 0.759375 0.50625 0.025 0.0625
0 0.65 0.5055555555555555 0.0234375 0.06944444444444445
0 0.7359375 0.48055555555555557 0.0234375 0.06111111111111111
0 0.832421875 0.44027777777777777 0.02265625 0.058333333333333334
0 0.854296875 0.39166666666666666 0.01953125 0.05
0 0.79609375 0.49444444444444446 0.015625 0.058333333333333334
0 0.801171875 0.39861111111111114 0.02109375 0.05277777777777778
0 0.800390625 0.51875 0.02265625 0.0625
0 0.689453125 0.5208333333333334 0.02421875 0.075
0 0.504296875 0.9520833333333333 0.06796875 0.09027777777777778
0 0.753515625 0.37916666666666665 0.01953125 0.04722222222222222
1 0.624609375 0.6402777777777777 0.06171875 0.1111111111111111
1 0.615625 0.4875 0.04375 0.06111111111111111
1 0.68671875 0.4409722222222222 0.0375 0.06527777777777778
2 0.2828125 0.5791666666666667 0.1953125 0.21944444444444444
