0 0.30859375 0.36180555555555555 0.0453125 0.07916666666666666
1 0.541015625 0.4152777777777778 0.06328125 0.1388888888888889
2 0.8203125 0.7125 0.303125 0.5388888888888889
1 0.626171875 0.24722222222222223 0.04140625 0.05555555555555555
3 0.365234375 0.20902777777777778 0.07578125 0.08194444444444444
0 0.073828125 0.46041666666666664 0.03203125 0.11805555555555555
0 0.717578125 0.23680555555555555 0.03671875 0.04583333333333333
2 0.118359375 0.17083333333333334 0.05078125 0.06111111111111111
0 0.822265625 0.47152777777777777 0.02578125 0.07361111111111111
0 0.705859375 0.27708333333333335 0.02890625 0.043055555555555555
2 0.19296875 0.18125 0.0390625 0.0875
