0 0.2953125 0.35 0.0296875 0.1
0 0.56015625 0.56875 0.034375 0.15416666666666667
0 0.76875 0.49722222222222223 0.040625 0.11944444444444445
0 0.74453125 0.3541666666666667 0.0296875 0.10833333333333334
0 0.684765625 0.26944444444444443 0.02578125 0.06944444444444445
0 0.72421875 0.9402777777777778 0.0765625 0.11944444444444445
3 0.39140625 0.39791666666666664 0.1125 0.3541666666666667
3 0.5625 0.27569444444444446 0.0796875 0.20694444444444443
2 0.528125 0.15486111111111112 0.0390625 0.07361111111111111
3 0.603515625 0.2222222222222222 0.05078125 0.13055555555555556
