0 0.24375 0.6805555555555556 0.028125 0.1638888888888889
0 0.289453125 0.5368055555555555 0.02578125 0.12361111111111112
0 0.5515625 0.6194444444444445 0.0265625 0.13333333333333333
0 0.367578125 0.3993055555555556 0.01796875 0.09027777777777778
0 0.52890625 0.3958333333333333 0.0203125 0.08888888888888889
0 0.496484375 0.31875 0.01328125 0.06805555555555555
0 0.50625 0.2625 0.0125 0.05277777777777778
0 0.53203125 0.27152777777777776 0.0125 0.05138888888888889
0 0.52109375 0.29444444444444445 0.0109375 0.06111111111111111
0 0.41953125 0.2916666666666667 0.0140625 0.06111111111111111
1 0.4328125 0.3611111111111111 0.0546875 0.09444444444444444
