0 0.980078125 0.8645833333333334 0.02890625 0.26805555555555555
0 0.6421875 0.6236111111111111 0.0265625 0.10833333333333334
2 0.54921875 0.3888888888888889 0.06875 0.10555555555555556
0 0.7984375 0.6083333333333333 0.0296875 0.1
0 0.83359375 0.5722222222222222 0.0296875 0.08888888888888889
0 0.585546875 0.6138888888888889 0.01953125 0.1
1 0.290234375 0.6833333333333333 0.12421875 0.15833333333333333
0 0.760546875 0.6902777777777778 0.02890625 0.12222222222222222
0 0.8734375 0.49236111111111114 0.021875 0.08472222222222223
0 0.684765625 0.6986111111111111 0.02578125 0.11388888888888889
0 0.4625 0.5673611111111111 0.028125 0.09027777777777778
0 0.539453125 0.6152777777777778 0.03046875 0.10277777777777777
0 0.50859375 0.7131944444444445 0.0359375 0.12638888888888888
0 0.37734375 0.7236111111111111 0.0421875 0.13055555555555556
0 0.489453125 0.8819444444444444 0.04453125 0.17777777777777778
0 0.430078125 0.8298611111111112 0.04765625 0.15416666666666667
1 0.625390625 0.51875 0.05546875 0.08472222222222223
1 0.526171875 0.49166666666666664 0.06171875 0.07777777777777778
0 0.687890625 0.5701388888888889 0.01953125 0.0875
0 0.70546875 0.5854166666666667 0.021875 0.0875
0 0.687890625 0.4673611111111111 0.01796875 0.0763888888888889
0 0.7890625 0.4895833333333333 0.01875 0.07083333333333333
0 0.80703125 0.5118055555555555 0.0171875 0.06805555555555555
0 0.742578125 0.47638888888888886 0.01484375 0.06111111111111111
0 0.729296875 0.46111111111111114 0.01484375 0.06388888888888888
0 0.762890625 0.4666666666666667 0.01953125 0.06111111111111111
0 0.7546875 0.5145833333333333 0.021875 0.06805555555555555
0 0.76953125 0.5763888888888888 0.021875 0.08333333333333333
0 0.73203125 0.5576388888888889 0.0125 0.07083333333333333
0 0.748828125 0.5840277777777778 0.01953125 0.08194444444444444
1 0.62421875 0.40069444444444446 0.04375 0.05694444444444444
0 0.67578125 0.4236111111111111 0.015625 0.06388888888888888
0 0.862890625 0.4097222222222222 0.01640625 0.05
0 0.819140625 0.4875 0.01328125 0.058333333333333334
0 0.74609375 0.4013888888888889 0.0171875 0.04722222222222222
0 0.72578125 0.3923611111111111 0.0140625 0.04027777777777778
0 0.761328125 0.39652777777777776 0.01328125 0.043055555555555555
0 0.791796875 0.40208333333333335 0.01171875 0.0375
0 0.809375 0.3854166666666667 0.0171875 0.04583333333333333
0 0.832421875 0.4423611111111111 0.01640625 0.05416666666666667
0 0.60703125 0.5756944444444444 0.025 0.09027777777777778
1 0.682421875 0.3701388888888889 0.02890625 0.04027777777777778
2 0.71015625 0.3159722222222222 0.028125 0.07083333333333333
0 0.668359375 0.6256944444444444 0.02109375 0.10138888888888889
1 0.660546875 0.3506944444444444 0.02734375 0.043055555555555555
1 0.71015625 0.4388888888888889 0.03125 0.06111111111111111
