0 0.21640625 0.5277777777777778 0.0390625 0.13333333333333333
0 0.244140625 0.38819444444444445 0.02421875 0.10972222222222222
0 0.305078125 0.29444444444444445 0.02890625 0.08055555555555556
0 0.347265625 0.2916666666666667 0.02109375 0.06944444444444445
0 0.3921875 0.2763888888888889 0.021875 0.075
0 0.58828125 0.44722222222222224 0.0375 0.125
0 0.838671875 0.49583333333333335 0.02734375 0.11388888888888889
0 0.97109375 0.7284722222222222 0.0578125 0.18194444444444444
0 0.35078125 0.25 0.015625 0.05555555555555555
0 0.376171875 0.21180555555555555 0.01796875 0.0875
0 0.3953125 0.19027777777777777 0.0140625 0.05
0 0.68125 0.24722222222222223 0.0171875 0.05277777777777778
1 0.443359375 0.21041666666666667 0.03359375 0.07083333333333333
3 0.233984375 0.7319444444444444 0.42421875 0.5361111111111111
3 0.745703125 0.44722222222222224 0.16796875 0.33055555555555555
3 0.605859375 0.20555555555555555 0.05390625 0.1111111111111111
3 0.527734375 0.1597222222222222 0.03984375 0.09444444444444444
