1 0.103125 0.8951388888888889 0.1953125 0.20972222222222223
0 0.208203125 0.4909722222222222 0.05390625 0.1375
0 0.247265625 0.39305555555555555 0.03515625 0.09444444444444444
0 0.35625 0.2875 0.0359375 0.08611111111111111
0 0.540625 0.29097222222222224 0.0234375 0.08472222222222223
0 0.637890625 0.2375 0.02109375 0.06944444444444445
0 0.60859375 0.17916666666666667 0.015625 0.05277777777777778
0 0.373046875 0.20347222222222222 0.02109375 0.05416666666666667
0 0.3953125 0.19652777777777777 0.0171875 0.07083333333333333
0 0.47109375 0.19166666666666668 0.0171875 0.06388888888888888
2 0.433984375 0.29444444444444445 0.04296875 0.08333333333333333
3 0.61640625 0.4618055555555556 0.128125 0.3125
3 0.559375 0.22152777777777777 0.0484375 0.12638888888888888
