0 0.154296875 0.3701388888888889 0.02578125 0.08472222222222223
0 0.53046875 0.6090277777777777 0.0328125 0.14027777777777778
0 0.506640625 0.47638888888888886 0.02265625 0.1
0 0.7953125 0.4444444444444444 0.0296875 0.08888888888888889
0 0.475 0.23333333333333334 0.0265625 0.03888888888888889
0 0.154296875 0.27361111111111114 0.01484375 0.05277777777777778
0 0.153125 0.24791666666666667 0.015625 0.034722222222222224
3 0.5390625 0.3145833333333333 0.084375 0.2763888888888889
3 0.573046875 0.21388888888888888 0.09453125 0.10555555555555556
1 0.60625 0.31527777777777777 0.04375 0.08055555555555556
3 0.663671875 0.21458333333333332 0.11484375 0.0875
3 0.19609375 0.18333333333333332 0.059375 0.09444444444444444
