3 0.240234375 0.7805555555555556 0.22890625 0.4388888888888889
0 0.342578125 0.5333333333333333 0.02890625 0.10555555555555556
0 0.3859375 0.38958333333333334 0.021875 0.09027777777777778
0 0.483984375 0.3958333333333333 0.01953125 0.08888888888888889
0 0.515625 0.3701388888888889 0.0171875 0.0875
0 0.41875 0.36319444444444443 0.015625 0.07916666666666666
1 0.440234375 0.31666666666666665 0.04296875 0.075
0 0.5390625 0.32013888888888886 0.0171875 0.07083333333333333
1 0.48125 0.2152777777777778 0.0234375 0.041666666666666664
0 0.48125 0.2152777777777778 0.0234375 0.041666666666666664
