3 0.124609375 0.6722222222222223 0.24609375 0.6555555555555556
0 0.17734375 0.3229166666666667 0.0203125 0.05138888888888889
0 0.369140625 0.21736111111111112 0.02265625 0.04583333333333333
0 0.426171875 0.21944444444444444 0.02578125 0.041666666666666664
0 0.54921875 0.24166666666666667 0.0234375 0.04722222222222222
1 0.573046875 0.675 0.12578125 0.25
1 0.6625 0.50625 0.084375 0.12638888888888888
1 0.541015625 0.47708333333333336 0.07421875 0.11527777777777778
1 0.51640625 0.36944444444444446 0.0578125 0.08333333333333333
1 0.619921875 0.39444444444444443 0.06328125 0.09722222222222222
2 0.5265625 0.2902777777777778 0.0515625 0.08333333333333333
2 0.617578125 0.27291666666666664 0.06484375 0.16527777777777777
1 0.717578125 0.24097222222222223 0.04609375 0.043055555555555555
1 0.66640625 0.22916666666666666 0.0515625 0.03333333333333333
2 0.9078125 0.80625 0.184375 0.3875
