0 0.4265625 0.9104166666666667 0.053125 0.1625
0 0.67421875 0.5451388888888888 0.028125 0.0875
0 0.86953125 0.46597222222222223 0.0234375 0.0625
0 0.61875 0.7840277777777778 0.0390625 0.13472222222222222
0 0.747265625 0.5895833333333333 0.02734375 0.09027777777777778
0 0.599609375 0.4951388888888889 0.02734375 0.08472222222222223
0 0.590234375 0.7256944444444444 0.03671875 0.11805555555555555
0 0.870703125 0.4097222222222222 0.02109375 0.058333333333333334
0 0.83828125 0.47847222222222224 0.0203125 0.0625
0 0.707421875 0.7256944444444444 0.03359375 0.1125
0 0.728125 0.5229166666666667 0.021875 0.07083333333333333
0 0.80546875 0.51875 0.025 0.0763888888888889
0 0.75859375 0.6875 0.0375 0.12222222222222222
0 0.77421875 0.53125 0.0234375 0.07916666666666666
0 0.816796875 0.7069444444444445 0.02734375 0.11388888888888889
0 0.402734375 0.8395833333333333 0.04453125 0.15416666666666667
0 0.675390625 0.46597222222222223 0.01953125 0.06527777777777778
0 0.76796875 0.35347222222222224 0.0171875 0.04861111111111111
0 0.204296875 0.9486111111111111 0.05703125 0.10277777777777777
0 0.687890625 0.6694444444444444 0.03203125 0.1111111111111111
0 0.64921875 0.4826388888888889 0.025 0.08194444444444444
0 0.7828125 0.46319444444444446 0.01875 0.059722222222222225
0 0.85234375 0.5159722222222223 0.025 0.07361111111111111
0 0.6703125 0.42291666666666666 0.0171875 0.05694444444444444
0 0.794140625 0.4125 0.01796875 0.05555555555555555
0 0.75234375 0.49583333333333335 0.0203125 0.06666666666666667
0 0.720703125 0.4756944444444444 0.02109375 0.0625
0 0.7421875 0.42291666666666666 0.01875 0.05694444444444444
0 0.81875 0.45555555555555555 0.015625 0.06388888888888888
0 0.840625 0.35347222222222224 0.015625 0.05138888888888889
0 0.715625 0.4375 0.01875 0.05555555555555555
0 0.76328125 0.4201388888888889 0.015625 0.05694444444444444
0 0.8234375 0.3923611111111111 0.0125 0.04583333333333333
0 0.842578125 0.4354166666666667 0.01640625 0.05416666666666667
0 0.81640625 0.6402777777777777 0.025 0.07222222222222222
0 0.75234375 0.45 0.0171875 0.05555555555555555
0 0.6890625 0.4395833333333333 0.015625 0.05416666666666667
1 0.901953125 0.6138888888888889 0.11015625 0.12222222222222222
1 0.52109375 0.4888888888888889 0.059375 0.09166666666666666
1 0.56484375 0.39791666666666664 0.0390625 0.0625
1 0.59375 0.6472222222222223 0.0703125 0.10277777777777777
2 0.251953125 0.6680555555555555 0.28828125 0.3138888888888889
2 0.610546875 0.33958333333333335 0.04140625 0.07083333333333333
2 0.634765625 0.39305555555555555 0.04140625 0.075
2 0.701953125 0.38819444444444445 0.03828125 0.06805555555555555
