4 0.148828125 0.6541666666666667 0.0384765625 0.1579861111111111
4 0.31015625 0.43680555555555556 0.0404296875 0.13159722222222223
4 0.23984375 0.41805555555555557 0.0435546875 0.09479166666666666
4 0.375 0.29583333333333334 0.0154296875 0.06145833333333333
4 0.656640625 0.4013888888888889 0.0494140625 0.13368055555555555
4 0.082421875 0.39375 0.0744140625 0.08506944444444445
4 0.208203125 0.2833333333333333 0.04609375 0.053125
4 0.600390625 0.23125 0.01875 0.065625
4 0.633984375 0.25625 0.02578125 0.0763888888888889
4 0.712109375 0.3194444444444444 0.0275390625 0.08888888888888889
4 0.391015625 0.24513888888888888 0.03515625 0.06527777777777778
4 0.1578125 0.5388888888888889 0.0451171875 0.14131944444444444
