0 0.04609375 0.8486111111111111 0.071875 0.21944444444444444
0 0.2296875 0.5041666666666667 0.059375 0.15833333333333333
0 0.383203125 0.23402777777777778 0.04296875 0.05416666666666667
0 0.66640625 0.3125 0.03125 0.09722222222222222
0 0.825 0.4583333333333333 0.046875 0.1111111111111111
0 0.908203125 0.6347222222222222 0.07421875 0.11388888888888889
0 0.638671875 0.2111111111111111 0.01640625 0.05555555555555555
0 0.694921875 0.2861111111111111 0.02734375 0.07777777777777778
3 0.37109375 0.3548611111111111 0.0671875 0.1986111111111111
3 0.568359375 0.3645833333333333 0.07265625 0.22083333333333333
2 0.529296875 0.20347222222222222 0.04140625 0.06805555555555555
2 0.411328125 0.15069444444444444 0.08359375 0.09027777777777778
3 0.81875 0.6166666666666667 0.2640625 0.4305555555555556
