0 0.94765625 0.6958333333333333 0.071875 0.17777777777777778
1 0.530078125 0.08611111111111111 0.01328125 0.027777777777777776
1 0.6578125 0.7972222222222223 0.1609375 0.30833333333333335
1 0.940234375 0.9395833333333333 0.11953125 0.12083333333333333
1 0.469140625 0.12916666666666668 0.01640625 0.03888888888888889
1 0.475390625 0.12430555555555556 0.02109375 0.04027777777777778
1 0.451953125 0.12291666666666666 0.01796875 0.0375
1 0.434375 0.14166666666666666 0.0265625 0.030555555555555555
3 0.566796875 0.2673611111111111 0.09296875 0.27361111111111114
3 0.77421875 0.5409722222222222 0.1390625 0.26805555555555555
2 0.66796875 0.31319444444444444 0.0953125 0.20972222222222223
