0 0.709375 0.5402777777777777 0.03125 0.08333333333333333
0 0.780859375 0.5513888888888889 0.02890625 0.075
0 0.747265625 0.7201388888888889 0.03828125 0.09027777777777778
0 0.665234375 0.6354166666666666 0.03984375 0.10138888888888889
0 0.64375 0.6784722222222223 0.034375 0.08194444444444444
0 0.608984375 0.61875 0.02890625 0.09861111111111111
0 0.640234375 0.5666666666666667 0.02578125 0.08055555555555556
0 0.632421875 0.48680555555555555 0.02734375 0.05416666666666667
0 0.49140625 0.6777777777777778 0.04375 0.09166666666666666
0 0.533203125 0.6986111111111111 0.04609375 0.08888888888888889
0 0.46328125 0.8277777777777777 0.0484375 0.10555555555555556
0 0.62578125 0.7784722222222222 0.04375 0.0625
0 0.621484375 0.8555555555555555 0.03984375 0.1111111111111111
0 0.72734375 0.3923611111111111 0.0265625 0.02361111111111111
0 0.75 0.3784722222222222 0.0125 0.04027777777777778
0 0.757421875 0.40625 0.02109375 0.05138888888888889
0 0.76953125 0.4215277777777778 0.0140625 0.043055555555555555
0 0.77890625 0.4097222222222222 0.0109375 0.03888888888888889
0 0.782421875 0.3854166666666667 0.01796875 0.029166666666666667
0 0.810546875 0.44027777777777777 0.01328125 0.06111111111111111
0 0.8265625 0.4840277777777778 0.0265625 0.059722222222222225
0 0.287890625 0.9270833333333334 0.07265625 0.14583333333333334
0 0.378125 0.9729166666666667 0.0421875 0.05416666666666667
0 0.118359375 0.9375 0.08984375 0.125
1 0.51328125 0.48819444444444443 0.0578125 0.07916666666666666
1 0.5046875 0.44166666666666665 0.04375 0.05
1 0.74453125 0.5013888888888889 0.0546875 0.1111111111111111
1 0.712890625 0.35694444444444445 0.03359375 0.041666666666666664
0 0.6625 0.3458333333333333 0.0328125 0.05555555555555555
1 0.626171875 0.32569444444444445 0.02265625 0.043055555555555555
