0 0.087890625 0.44166666666666665 0.03203125 0.1
1 0.23203125 0.3451388888888889 0.0640625 0.08472222222222223
1 0.529296875 0.36319444444444443 0.04921875 0.09305555555555556
0 0.490625 0.38819444444444445 0.01875 0.07916666666666666
0 0.75234375 0.4013888888888889 0.0234375 0.07777777777777778
0 0.683203125 0.24722222222222223 0.02890625 0.04722222222222222
0 0.512890625 0.2222222222222222 0.02578125 0.041666666666666664
3 0.312109375 0.19722222222222222 0.12890625 0.08888888888888889
3 0.671484375 0.5 0.15390625 0.31666666666666665
3 0.5828125 0.24444444444444444 0.0984375 0.14722222222222223
2 0.166015625 0.19375 0.05859375 0.06805555555555555
3 0.635546875 0.2263888888888889 0.05546875 0.06388888888888888
