0 0.478125 0.8673611111111111 0.059375 0.14305555555555555
0 0.503515625 0.6333333333333333 0.03828125 0.10277777777777777
0 0.583203125 0.7826388888888889 0.04765625 0.13194444444444445
0 0.75 0.4222222222222222 0.015625 0.05277777777777778
0 0.721484375 0.6736111111111112 0.02421875 0.1
0 0.6640625 0.5743055555555555 0.0265625 0.08472222222222223
0 0.591015625 0.6013888888888889 0.03828125 0.10277777777777777
0 0.551953125 0.7027777777777777 0.03984375 0.11388888888888889
0 0.759375 0.5048611111111111 0.0234375 0.07083333333333333
0 0.729296875 0.5305555555555556 0.02890625 0.07777777777777778
0 0.695703125 0.5180555555555556 0.02109375 0.06666666666666667
0 0.841015625 0.40555555555555556 0.02265625 0.05
0 0.778125 0.5236111111111111 0.028125 0.07777777777777778
0 0.644921875 0.6972222222222222 0.04140625 0.11666666666666667
0 0.8125 0.5520833333333334 0.0265625 0.07916666666666666
0 0.821875 0.4479166666666667 0.0234375 0.059722222222222225
0 0.625390625 0.5631944444444444 0.03203125 0.0875
0 0.825390625 0.38125 0.01953125 0.04861111111111111
0 0.696484375 0.4625 0.02109375 0.05555555555555555
0 0.654296875 0.5055555555555555 0.02421875 0.06666666666666667
0 0.8 0.40625 0.01875 0.05138888888888889
0 0.700390625 0.6145833333333334 0.03046875 0.0875
0 0.6890625 0.3840277777777778 0.0234375 0.05416666666666667
0 0.7296875 0.40625 0.0171875 0.059722222222222225
0 0.775390625 0.4395833333333333 0.01796875 0.05138888888888889
0 0.761328125 0.4527777777777778 0.01953125 0.05555555555555555
0 0.683203125 0.4875 0.01484375 0.058333333333333334
0 0.65078125 0.4638888888888889 0.025 0.05555555555555555
0 0.7703125 0.39375 0.0171875 0.04861111111111111
1 0.268359375 0.6013888888888889 0.11171875 0.125
1 0.64921875 0.4041666666666667 0.0390625 0.06388888888888888
2 0.498828125 0.4888888888888889 0.07890625 0.09722222222222222
0 0.8453125 0.525 0.0203125 0.07777777777777778
