0 0.409375 0.19583333333333333 0.0171875 0.058333333333333334
0 0.6125 0.1875 0.015625 0.05277777777777778
0 0.672265625 0.28125 0.02265625 0.07083333333333333
0 0.55546875 0.18333333333333332 0.0140625 0.044444444444444446
0 0.6734375 0.33541666666666664 0.025 0.07916666666666666
0 0.53203125 0.18472222222222223 0.01875 0.044444444444444446
1 0.46484375 0.16875 0.0328125 0.05416666666666667
3 0.81640625 0.55 0.2515625 0.5138888888888888
3 0.562109375 0.2534722222222222 0.05078125 0.09027777777777778
3 0.624609375 0.47638888888888886 0.09140625 0.24444444444444444
1 0.565234375 0.3416666666666667 0.06484375 0.09722222222222222
