0 0.6828125 0.5770833333333333 0.0296875 0.08472222222222223
0 0.595703125 0.6020833333333333 0.03046875 0.09027777777777778
0 0.737890625 0.6166666666666667 0.02890625 0.08888888888888889
0 0.455078125 0.8375 0.04765625 0.1361111111111111
0 0.674609375 0.65625 0.03359375 0.09583333333333334
0 0.759765625 0.4666666666666667 0.02578125 0.06944444444444445
0 0.423046875 0.7444444444444445 0.04921875 0.13055555555555556
0 0.63046875 0.60625 0.03125 0.09583333333333334
0 0.823828125 0.6597222222222222 0.03203125 0.1
0 0.805859375 0.8111111111111111 0.04453125 0.13333333333333333
0 0.71328125 0.7166666666666667 0.0359375 0.10277777777777777
0 0.56328125 0.7298611111111111 0.0421875 0.11805555555555555
0 0.793359375 0.5166666666666667 0.02734375 0.07222222222222222
0 0.533984375 0.6201388888888889 0.03515625 0.09583333333333334
0 0.78515625 0.6034722222222222 0.0296875 0.08472222222222223
0 0.7125 0.8409722222222222 0.0375 0.12083333333333333
0 0.83359375 0.54375 0.028125 0.0763888888888889
0 0.814453125 0.49236111111111114 0.02265625 0.06527777777777778
0 0.84609375 0.6194444444444445 0.03125 0.09166666666666666
0 0.64609375 0.4263888888888889 0.025 0.06111111111111111
0 0.855859375 0.7388888888888889 0.03828125 0.11388888888888889
0 0.852734375 0.46805555555555556 0.02421875 0.06666666666666667
0 0.6078125 0.44722222222222224 0.025 0.06944444444444445
0 0.730859375 0.5069444444444444 0.02578125 0.07222222222222222
0 0.7140625 0.4131944444444444 0.0234375 0.0625
0 0.759765625 0.7034722222222223 0.03671875 0.10694444444444444
0 0.684765625 0.9361111111111111 0.04453125 0.09444444444444444
0 0.687890625 0.41805555555555557 0.02265625 0.06111111111111111
0 0.742578125 0.5305555555555556 0.02578125 0.06944444444444445
0 0.879296875 0.8798611111111111 0.04609375 0.15138888888888888
0 0.834765625 0.45208333333333334 0.02109375 0.059722222222222225
0 0.857421875 0.4048611111111111 0.02109375 0.059722222222222225
0 0.78359375 0.39861111111111114 0.01875 0.05555555555555555
0 0.8125 0.43333333333333335 0.021875 0.05555555555555555
0 0.770703125 0.63125 0.02734375 0.08194444444444444
0 0.855859375 0.9375 0.06015625 0.09444444444444444
0 0.801953125 0.3958333333333333 0.01640625 0.05277777777777778
0 0.70625 0.38333333333333336 0.01875 0.04722222222222222
0 0.83125 0.41041666666666665 0.01875 0.05694444444444444
1 0.5640625 0.9069444444444444 0.10625 0.16111111111111112
1 0.455859375 0.5305555555555556 0.06015625 0.08888888888888889
1 0.612890625 0.3527777777777778 0.03515625 0.05555555555555555
1 0.059375 0.9319444444444445 0.11875 0.1361111111111111
1 0.4171875 0.4930555555555556 0.0546875 0.08055555555555556
1 0.54140625 0.41875 0.05 0.07083333333333333
1 0.582421875 0.5340277777777778 0.06796875 0.10138888888888889
1 0.531640625 0.5083333333333333 0.06328125 0.08888888888888889
1 0.018359375 0.7958333333333333 0.02890625 0.16666666666666666
1 0.64609375 0.48819444444444443 0.05 0.0763888888888889
