1 0.600390625 0.3055555555555556 0.04140625 0.07222222222222222
1 0.643359375 0.25 0.04453125 0.05
1 0.7453125 0.21388888888888888 0.034375 0.03611111111111111
3 0.11171875 0.6673611111111111 0.2125 0.49583333333333335
0 0.156640625 0.30972222222222223 0.01640625 0.05277777777777778
0 0.155078125 0.27708333333333335 0.01796875 0.02361111111111111
0 0.297265625 0.22152777777777777 0.01953125 0.04861111111111111
0 0.3921875 0.2326388888888889 0.021875 0.03194444444444444
0 0.43203125 0.2222222222222222 0.0265625 0.03333333333333333
2 0.53828125 0.21041666666666667 0.140625 0.07083333333333333
