0 0.3609375 0.46319444444444446 0.0609375 0.09861111111111111
0 0.47421875 0.48333333333333334 0.06875 0.11388888888888889
0 0.66796875 0.30069444444444443 0.0203125 0.07361111111111111
0 0.425 0.3 0.0203125 0.07777777777777778
0 0.899609375 0.55 0.07421875 0.1111111111111111
0 0.362890625 0.31319444444444444 0.02265625 0.07916666666666666
0 0.5953125 0.23402777777777778 0.0171875 0.059722222222222225
0 0.175390625 0.37777777777777777 0.05234375 0.075
0 0.32265625 0.3263888888888889 0.025 0.08055555555555556
0 0.69609375 0.3263888888888889 0.0203125 0.08055555555555556
0 0.551171875 0.2423611111111111 0.02109375 0.05138888888888889
0 0.566015625 0.29583333333333334 0.02109375 0.06111111111111111
0 0.01015625 0.8638888888888889 0.0203125 0.13333333333333333
1 0.26171875 0.4361111111111111 0.15 0.11944444444444445
1 0.526953125 0.2125 0.03515625 0.06944444444444445
1 0.53828125 0.3388888888888889 0.0640625 0.09722222222222222
