3 0.24921875 0.21388888888888888 0.0875 0.10555555555555556
3 0.36484375 0.2111111111111111 0.0734375 0.06666666666666667
3 0.675 0.6930555555555555 0.3390625 0.6138888888888889
3 0.473046875 0.19930555555555557 0.12578125 0.0875
3 0.741796875 0.20208333333333334 0.06171875 0.04861111111111111
0 0.707421875 0.34444444444444444 0.03203125 0.07222222222222222
0 0.507421875 0.27152777777777776 0.01953125 0.059722222222222225
0 0.70859375 0.2673611111111111 0.0140625 0.04861111111111111
0 0.748046875 0.24861111111111112 0.01953125 0.04722222222222222
1 0.70859375 0.2388888888888889 0.0359375 0.03888888888888889
