0 0.3390625 0.5604166666666667 0.0734375 0.12083333333333333
0 0.753125 0.5722222222222222 0.0625 0.11944444444444445
0 0.243359375 0.47638888888888886 0.06328125 0.08611111111111111
0 0.620703125 0.33958333333333335 0.01796875 0.09027777777777778
0 0.7234375 0.3840277777777778 0.0296875 0.09583333333333334
0 0.566015625 0.59375 0.07578125 0.12638888888888888
0 0.633984375 0.45208333333333334 0.05234375 0.09583333333333334
0 0.3 0.4236111111111111 0.053125 0.09166666666666666
0 0.689453125 0.34097222222222223 0.02265625 0.08472222222222223
0 0.586328125 0.3861111111111111 0.02578125 0.09722222222222222
0 0.651953125 0.5576388888888889 0.04453125 0.12638888888888888
0 0.6515625 0.3125 0.01875 0.07777777777777778
0 0.36328125 0.45416666666666666 0.0484375 0.1
0 0.505859375 0.3548611111111111 0.03203125 0.07916666666666666
0 0.450390625 0.3506944444444444 0.03046875 0.0763888888888889
0 0.737109375 0.5069444444444444 0.06171875 0.10555555555555556
0 0.433203125 0.5493055555555556 0.06640625 0.1125
0 0.353515625 0.2986111111111111 0.01953125 0.06666666666666667
0 0.40078125 0.42569444444444443 0.0390625 0.0875
0 0.667578125 0.29791666666666666 0.02421875 0.0763888888888889
0 0.548046875 0.2423611111111111 0.01796875 0.05416666666666667
0 0.4171875 0.2875 0.0171875 0.07222222222222222
0 0.401171875 0.2986111111111111 0.02265625 0.06111111111111111
0 0.58984375 0.5611111111111111 0.0515625 0.11666666666666667
0 0.331640625 0.30694444444444446 0.02109375 0.06666666666666667
0 0.612890625 0.21736111111111112 0.01484375 0.059722222222222225
0 0.503515625 0.2951388888888889 0.01640625 0.06527777777777778
1 0.549609375 0.3138888888888889 0.04453125 0.08055555555555556
1 0.07265625 0.5506944444444445 0.140625 0.14027777777777778
1 0.47890625 0.50625 0.13125 0.10694444444444444
1 0.580859375 0.23125 0.03828125 0.05694444444444444
3 0.46328125 0.2520833333333333 0.040625 0.1125
1 0.31328125 0.4 0.1203125 0.07222222222222222
0 0.240234375 0.42569444444444443 0.05703125 0.08194444444444444
