4 0.58359375 0.5722222222222222 0.0470703125 0.16111111111111112
4 0.339453125 0.39444444444444443 0.0287109375 0.07847222222222222
4 0.253515625 0.40069444444444446 0.034375 0.08611111111111111
4 0.07734375 0.4 0.061328125 0.08854166666666667
4 0.20859375 0.28541666666666665 0.0390625 0.06284722222222222
4 0.34296875 0.31180555555555556 0.0263671875 0.08993055555555556
4 0.677734375 0.30486111111111114 0.0240234375 0.0763888888888889
4 0.398828125 0.23958333333333334 0.0171875 0.06840277777777778
4 0.54140625 0.21944444444444444 0.0158203125 0.05
4 0.546484375 0.2722222222222222 0.02109375 0.06631944444444444
4 0.657421875 0.25625 0.0177734375 0.06111111111111111
4 0.636328125 0.2659722222222222 0.01796875 0.07083333333333333
4 0.601953125 0.24583333333333332 0.0162109375 0.053125
4 0.614453125 0.2263888888888889 0.01796875 0.052083333333333336
4 0.35703125 0.22083333333333333 0.0171875 0.06319444444444444
4 0.370703125 0.20069444444444445 0.0115234375 0.05416666666666667
4 0.56640625 0.4576388888888889 0.0345703125 0.10138888888888889
