0 0.232421875 0.4875 0.05078125 0.1361111111111111
0 0.31484375 0.3472222222222222 0.03125 0.11388888888888889
0 0.439453125 0.23680555555555555 0.03203125 0.06805555555555555
0 0.6640625 0.24513888888888888 0.0234375 0.06805555555555555
0 0.72421875 0.40625 0.0421875 0.12083333333333333
0 0.93125 0.6097222222222223 0.0546875 0.16111111111111112
2 0.390625 0.2659722222222222 0.0515625 0.12916666666666668
3 0.57890625 0.4222222222222222 0.1078125 0.25555555555555554
3 0.573046875 0.25069444444444444 0.06953125 0.12638888888888888
2 0.537109375 0.21736111111111112 0.05546875 0.10416666666666667
2 0.44609375 0.15 0.071875 0.06666666666666667
3 0.182421875 0.8354166666666667 0.36484375 0.32916666666666666
