5 0.407421875 0.3590277777777778 0.05625 0.12638888888888888
7 0.576953125 0.2743055555555556 0.0697265625 0.12916666666666668
4 0.237890625 0.5111111111111111 0.03515625 0.12777777777777777
4 0.178515625 0.7888888888888889 0.09296875 0.23402777777777778
4 0.07109375 0.4 0.0515625 0.06180555555555556
4 0.289453125 0.3236111111111111 0.0462890625 0.08888888888888889
4 0.342578125 0.35208333333333336 0.034375 0.09270833333333334
4 0.425390625 0.2263888888888889 0.0224609375 0.06909722222222223
4 0.37109375 0.2590277777777778 0.017578125 0.07222222222222222
4 0.390625 0.22777777777777777 0.0201171875 0.05520833333333333
5 0.5140625 0.2152777777777778 0.0439453125 0.06909722222222223
4 0.344921875 0.2652777777777778 0.01640625 0.06875
4 0.655859375 0.23402777777777778 0.0177734375 0.05659722222222222
