0 0.4078125 0.8118055555555556 0.0484375 0.1486111111111111
0 0.823828125 0.40902777777777777 0.02109375 0.059722222222222225
0 0.36328125 0.7555555555555555 0.0453125 0.13055555555555556
0 0.745703125 0.41875 0.01953125 0.059722222222222225
0 0.854296875 0.5333333333333333 0.02265625 0.07777777777777778
0 0.57421875 0.9215277777777777 0.053125 0.13472222222222222
0 0.70546875 0.5368055555555555 0.021875 0.07916666666666666
0 0.62734375 0.6701388888888888 0.040625 0.12638888888888888
0 0.72109375 0.6048611111111111 0.0296875 0.10416666666666667
0 0.85546875 0.39444444444444443 0.01875 0.05555555555555555
0 0.776953125 0.9333333333333333 0.04296875 0.1111111111111111
0 0.566796875 0.5472222222222223 0.02421875 0.08055555555555556
0 0.677734375 0.5909722222222222 0.02734375 0.09861111111111111
0 0.830078125 0.5993055555555555 0.02890625 0.09583333333333334
0 0.737109375 0.5583333333333333 0.02109375 0.08333333333333333
0 0.739453125 0.7298611111111111 0.03515625 0.13472222222222222
0 0.70390625 0.8111111111111111 0.040625 0.14444444444444443
0 0.520703125 0.7173611111111111 0.04296875 0.13194444444444445
0 0.76171875 0.5847222222222223 0.0234375 0.09166666666666666
0 0.821875 0.8243055555555555 0.0421875 0.14305555555555555
0 0.677734375 0.5215277777777778 0.02109375 0.07361111111111111
0 0.605078125 0.5298611111111111 0.02109375 0.0763888888888889
0 0.783203125 0.42777777777777776 0.01796875 0.06111111111111111
0 0.803125 0.5326388888888889 0.021875 0.08194444444444444
0 0.767578125 0.4513888888888889 0.01796875 0.058333333333333334
0 0.562890625 0.6430555555555556 0.03671875 0.11388888888888889
0 0.830859375 0.5173611111111112 0.02109375 0.0763888888888889
0 0.80234375 0.66875 0.0359375 0.11805555555555555
0 0.525390625 0.5902777777777778 0.02890625 0.09166666666666666
0 0.87109375 0.42083333333333334 0.01875 0.06111111111111111
0 0.782421875 0.55625 0.02109375 0.08194444444444444
0 0.46953125 0.6486111111111111 0.0359375 0.12222222222222222
0 0.76484375 0.3659722222222222 0.0171875 0.05416666666666667
0 0.797265625 0.34444444444444444 0.01328125 0.044444444444444446
0 0.762890625 0.5298611111111111 0.01953125 0.0625
0 0.887890625 0.5652777777777778 0.02734375 0.08611111111111111
0 0.520703125 0.5361111111111111 0.02578125 0.07777777777777778
0 0.740625 0.49375 0.01875 0.07083333333333333
0 0.637890625 0.6152777777777778 0.03046875 0.10277777777777777
0 0.6296875 0.9375 0.0515625 0.1
0 0.61015625 0.5909722222222222 0.0265625 0.09305555555555556
0 0.862109375 0.4479166666666667 0.02109375 0.059722222222222225
0 0.645703125 0.5618055555555556 0.02578125 0.0875
0 0.862109375 0.49166666666666664 0.02109375 0.06666666666666667
0 0.57578125 0.5090277777777777 0.021875 0.0763888888888889
0 0.6234375 0.5402777777777777 0.0140625 0.06944444444444445
0 0.50234375 0.6583333333333333 0.0296875 0.11666666666666667
0 0.76796875 0.4909722222222222 0.0171875 0.059722222222222225
1 0.19140625 0.7541666666666667 0.15625 0.16111111111111112
1 0.3765625 0.5597222222222222 0.078125 0.1111111111111111
1 0.65 0.4166666666666667 0.034375 0.058333333333333334
1 0.689453125 0.38055555555555554 0.03359375 0.05277777777777778
1 0.56875 0.8298611111111112 0.0828125 0.1486111111111111
1 0.61875 0.39166666666666666 0.028125 0.04722222222222222
1 0.59140625 0.3680555555555556 0.0296875 0.044444444444444446
1 0.56328125 0.3923611111111111 0.034375 0.04861111111111111
1 0.713671875 0.41597222222222224 0.02421875 0.05416666666666667
1 0.617578125 0.3416666666666667 0.02421875 0.044444444444444446
2 0.49453125 0.43194444444444446 0.0984375 0.11388888888888889
2 0.688671875 0.4513888888888889 0.04140625 0.09166666666666666
2 0.609375 0.46458333333333335 0.046875 0.10138888888888889
