0 0.690625 0.7131944444444445 0.078125 0.14305555555555555
0 0.839453125 0.7673611111111112 0.08203125 0.15138888888888888
0 0.446484375 0.7166666666666667 0.04296875 0.16944444444444445
0 0.8453125 0.6444444444444445 0.0421875 0.1361111111111111
0 0.317578125 0.5930555555555556 0.04765625 0.1361111111111111
0 0.683984375 0.3951388888888889 0.02421875 0.09861111111111111
0 0.658203125 0.6305555555555555 0.07109375 0.13333333333333333
0 0.423046875 0.32569444444444445 0.01953125 0.09583333333333334
0 0.712109375 0.5215277777777778 0.02890625 0.12638888888888888
0 0.581640625 0.2548611111111111 0.01640625 0.07083333333333333
0 0.65390625 0.40902777777777777 0.021875 0.10416666666666667
0 0.34453125 0.2986111111111111 0.021875 0.08333333333333333
0 0.1265625 0.4270833333333333 0.0515625 0.07916666666666666
0 0.728515625 0.38472222222222224 0.02421875 0.1
0 0.7390625 0.4965277777777778 0.0296875 0.11527777777777778
0 0.609765625 0.3368055555555556 0.02421875 0.09305555555555556
0 0.891796875 0.6055555555555555 0.03515625 0.14166666666666666
0 0.457421875 0.2708333333333333 0.01484375 0.06666666666666667
0 0.074609375 0.4 0.05078125 0.08611111111111111
0 0.643359375 0.3541666666666667 0.02109375 0.08055555555555556
0 0.316796875 0.28888888888888886 0.02578125 0.07777777777777778
0 0.53671875 0.24166666666666667 0.0140625 0.06111111111111111
0 0.362890625 0.3659722222222222 0.02265625 0.07916666666666666
1 0.50390625 0.32430555555555557 0.0765625 0.08194444444444444
1 0.4 0.2833333333333333 0.0375 0.075
2 0.29375 0.47152777777777777 0.2015625 0.1986111111111111
3 0.535546875 0.18472222222222223 0.03828125 0.11388888888888889
