0 0.1578125 0.26666666666666666 0.0203125 0.058333333333333334
3 0.30078125 0.2951388888888889 0.0921875 0.23194444444444445
1 0.8984375 0.9159722222222222 0.203125 0.16805555555555557
1 0.527734375 0.33055555555555555 0.03828125 0.06388888888888888
1 0.540234375 0.29305555555555557 0.04140625 0.06111111111111111
1 0.57421875 0.26666666666666666 0.05 0.06388888888888888
3 0.61015625 0.32222222222222224 0.0453125 0.11388888888888889
3 0.666796875 0.21736111111111112 0.07890625 0.08194444444444444
0 0.433984375 0.22361111111111112 0.02734375 0.03888888888888889
0 0.52109375 0.2222222222222222 0.0265625 0.041666666666666664
0 0.376171875 0.225 0.02109375 0.03333333333333333
0 0.390234375 0.21805555555555556 0.01796875 0.03611111111111111
