0 0.192578125 0.28125 0.02421875 0.05138888888888889
0 0.271875 0.21041666666666667 0.0171875 0.043055555555555555
0 0.394921875 0.21666666666666667 0.02578125 0.04722222222222222
0 0.30234375 0.2152777777777778 0.0125 0.041666666666666664
2 0.673828125 0.68125 0.30234375 0.6319444444444444
2 0.53984375 0.38680555555555557 0.10625 0.2847222222222222
2 0.64609375 0.36041666666666666 0.11875 0.2513888888888889
1 0.89453125 0.8743055555555556 0.1421875 0.2513888888888889
2 0.687890625 0.21597222222222223 0.06640625 0.09027777777777778
1 0.578515625 0.25763888888888886 0.03203125 0.05138888888888889
3 0.476953125 0.21041666666666667 0.07265625 0.07916666666666666
