5 0.880078125 0.8208333333333333 0.23828125 0.35555555555555557
4 0.750390625 0.36527777777777776 0.04453125 0.09756944444444444
4 0.689453125 0.3111111111111111 0.0255859375 0.08645833333333333
4 0.652734375 0.2826388888888889 0.0287109375 0.08229166666666667
7 0.57421875 0.3715277777777778 0.0765625 0.18993055555555555
5 0.534765625 0.29930555555555555 0.04296875 0.08472222222222223
4 0.080859375 0.4027777777777778 0.06484375 0.07534722222222222
4 0.209765625 0.3013888888888889 0.0490234375 0.06111111111111111
4 0.155859375 0.6180555555555556 0.0724609375 0.14756944444444445
4 0.36796875 0.33194444444444443 0.035546875 0.08611111111111111
4 0.540625 0.22430555555555556 0.0158203125 0.05138888888888889
