3 0.204296875 0.6430555555555556 0.38359375 0.7138888888888889
0 0.161328125 0.39652777777777776 0.02265625 0.08194444444444444
0 0.7390625 0.42430555555555555 0.021875 0.08472222222222223
0 0.773046875 0.41875 0.02578125 0.09861111111111111
0 0.69921875 0.26944444444444443 0.0140625 0.044444444444444446
0 0.509765625 0.22708333333333333 0.03046875 0.04027777777777778
0 0.68125 0.24791666666666667 0.025 0.043055555555555555
0 0.66796875 0.22013888888888888 0.0171875 0.034722222222222224
1 0.626171875 0.2375 0.05703125 0.044444444444444446
3 0.223828125 0.23125 0.07421875 0.0875
