1 0.76796875 0.6951388888888889 0.1375 0.1875
1 0.608984375 0.35555555555555557 0.05390625 0.08611111111111111
1 0.32421875 0.3111111111111111 0.046875 0.06388888888888888
1 0.36171875 0.21875 0.0609375 0.04583333333333333
3 0.22421875 0.33958333333333335 0.090625 0.24861111111111112
3 0.63203125 0.23125 0.1515625 0.07916666666666666
3 0.5953125 0.27361111111111114 0.0421875 0.08333333333333333
3 0.56796875 0.47291666666666665 0.1125 0.2652777777777778
0 0.440625 0.2569444444444444 0.03125 0.041666666666666664
0 0.7109375 0.32430555555555557 0.0109375 0.05694444444444444
0 0.697265625 0.3013888888888889 0.01484375 0.05277777777777778
