0 0.745703125 0.5069444444444444 0.02890625 0.11666666666666667
0 0.37109375 0.5236111111111111 0.03125 0.1388888888888889
0 0.29375 0.3798611111111111 0.021875 0.09861111111111111
0 0.355859375 0.7694444444444445 0.03828125 0.18888888888888888
0 0.330859375 0.4618055555555556 0.02578125 0.11527777777777778
0 0.851171875 0.6847222222222222 0.03984375 0.15
0 0.512109375 0.4666666666666667 0.02578125 0.1111111111111111
0 0.614453125 0.3416666666666667 0.01953125 0.09444444444444444
0 0.642578125 0.3125 0.01796875 0.08611111111111111
0 0.266796875 0.36944444444444446 0.02734375 0.09444444444444444
0 0.668359375 0.35347222222222224 0.02890625 0.07916666666666666
0 0.73203125 0.39652777777777776 0.03125 0.09583333333333334
0 0.23203125 0.5215277777777778 0.028125 0.12916666666666668
0 0.285546875 0.5777777777777777 0.03203125 0.16111111111111112
0 0.596875 0.4798611111111111 0.0296875 0.12083333333333333
0 0.7046875 0.425 0.028125 0.1111111111111111
0 0.16796875 0.36944444444444446 0.0546875 0.08888888888888889
0 0.23515625 0.4236111111111111 0.0265625 0.09722222222222222
0 0.988671875 0.8826388888888889 0.02265625 0.1375
0 0.26953125 0.5041666666666667 0.028125 0.1111111111111111
0 0.32109375 0.6020833333333333 0.0328125 0.14305555555555555
0 0.332421875 0.7 0.04140625 0.1638888888888889
0 0.48828125 0.30277777777777776 0.0140625 0.06666666666666667
1 0.172265625 0.6868055555555556 0.15546875 0.15694444444444444
1 0.105078125 0.5055555555555555 0.13828125 0.12777777777777777
1 0.659375 0.4361111111111111 0.0734375 0.10555555555555556
1 0.5484375 0.3263888888888889 0.0484375 0.08888888888888889
1 0.580078125 0.2513888888888889 0.03984375 0.06944444444444445
1 0.92578125 0.9729166666666667 0.1484375 0.05416666666666667
2 0.379296875 0.32708333333333334 0.10390625 0.19583333333333333
3 0.667578125 0.6423611111111112 0.14609375 0.3125
3 0.4625 0.6895833333333333 0.0984375 0.3819444444444444
3 0.4625 0.17222222222222222 0.034375 0.08611111111111111
3 0.44921875 0.3770833333333333 0.0703125 0.1986111111111111
