0 0.36171875 0.8361111111111111 0.0546875 0.18611111111111112
0 0.966796875 0.8701388888888889 0.06640625 0.18472222222222223
0 0.02421875 0.8256944444444444 0.04375 0.20972222222222223
0 0.853125 0.6972222222222222 0.0546875 0.14722222222222223
0 0.587890625 0.41944444444444445 0.02421875 0.10833333333333334
0 0.111328125 0.78125 0.04921875 0.1875
0 0.4328125 0.8930555555555556 0.0609375 0.175
0 0.58046875 0.32708333333333334 0.015625 0.08194444444444444
0 0.543359375 0.34444444444444444 0.02265625 0.075
0 0.394921875 0.35347222222222224 0.02109375 0.08194444444444444
0 0.353515625 0.34097222222222223 0.01796875 0.09027777777777778
0 0.230859375 0.4826388888888889 0.02890625 0.10972222222222222
0 0.1578125 0.5729166666666666 0.034375 0.12916666666666668
0 0.246875 0.7958333333333333 0.0421875 0.19166666666666668
0 0.899609375 0.675 0.03984375 0.15
0 0.262109375 0.3645833333333333 0.03203125 0.0875
0 0.18125 0.6458333333333334 0.03125 0.14166666666666666
0 0.4078125 0.46458333333333335 0.0234375 0.1125
0 0.36015625 0.47638888888888886 0.0359375 0.10277777777777777
0 0.50078125 0.4236111111111111 0.0234375 0.10277777777777777
0 0.29921875 0.39791666666666664 0.025 0.09027777777777778
0 0.614453125 0.34097222222222223 0.01640625 0.07083333333333333
0 0.74453125 0.53125 0.0359375 0.12361111111111112
0 0.194921875 0.4361111111111111 0.02421875 0.10277777777777777
0 0.180859375 0.9069444444444444 0.04453125 0.15833333333333333
0 0.239453125 0.6145833333333334 0.03046875 0.1375
0 0.172265625 0.48055555555555557 0.02734375 0.1111111111111111
0 0.286328125 0.6159722222222223 0.03203125 0.1375
0 0.375390625 0.28402777777777777 0.01171875 0.0625
0 0.326171875 0.3236111111111111 0.01328125 0.06388888888888888
0 0.665234375 0.3958333333333333 0.02734375 0.09722222222222222
0 0.64296875 0.3798611111111111 0.0265625 0.09305555555555556
0 0.1921875 0.38333333333333336 0.0484375 0.08333333333333333
0 0.166015625 0.7972222222222223 0.04140625 0.16111111111111112
0 0.52578125 0.22708333333333333 0.01875 0.05416666666666667
0 0.34765625 0.26944444444444443 0.0140625 0.06111111111111111
0 0.733203125 0.41805555555555557 0.02109375 0.08611111111111111
0 0.71875 0.4423611111111111 0.0203125 0.07916666666666666
0 0.310546875 0.30416666666666664 0.01953125 0.05555555555555555
0 0.68203125 0.3527777777777778 0.028125 0.09444444444444444
0 0.27578125 0.4340277777777778 0.01875 0.08472222222222223
1 0.476171875 0.7951388888888888 0.18515625 0.24305555555555555
1 0.40078125 0.6027777777777777 0.1296875 0.16666666666666666
1 0.385546875 0.17222222222222222 0.03515625 0.05
1 0.66953125 0.48194444444444445 0.08125 0.08333333333333333
3 0.4625 0.44930555555555557 0.0765625 0.19583333333333333
3 0.4546875 0.26944444444444443 0.0546875 0.12222222222222222
2 0.67890625 0.6451388888888889 0.175 0.29305555555555557
0 0.38984375 0.4395833333333333 0.021875 0.09861111111111111
0 0.373828125 0.38680555555555557 0.01953125 0.08194444444444444
