0 0.190625 0.4895833333333333 0.03125 0.12638888888888888
0 0.3234375 0.3111111111111111 0.0203125 0.08333333333333333
0 0.369921875 0.3020833333333333 0.01953125 0.06527777777777778
0 0.629296875 0.2520833333333333 0.01328125 0.043055555555555555
0 0.58984375 0.22708333333333333 0.0140625 0.0375
0 0.28203125 0.3951388888888889 0.0265625 0.10138888888888889
3 0.428515625 0.29930555555555555 0.06640625 0.13194444444444445
3 0.3265625 0.7013888888888888 0.25 0.5722222222222222
3 0.47265625 0.1701388888888889 0.034375 0.0763888888888889
0 0.396484375 0.20347222222222222 0.01171875 0.043055555555555555
