3 0.308984375 0.3125 0.08359375 0.2638888888888889
3 0.650390625 0.20833333333333334 0.17890625 0.09166666666666666
3 0.57421875 0.5069444444444444 0.1421875 0.3388888888888889
3 0.658203125 0.46041666666666664 0.07421875 0.1736111111111111
3 0.6171875 0.2861111111111111 0.0515625 0.08611111111111111
3 0.696484375 0.2569444444444444 0.09921875 0.06111111111111111
3 0.546484375 0.25972222222222224 0.07734375 0.14166666666666666
0 0.04375 0.5291666666666667 0.0359375 0.15
0 0.76484375 0.425 0.025 0.08888888888888889
0 0.7015625 0.30625 0.025 0.05416666666666667
0 0.40234375 0.225 0.01875 0.030555555555555555
0 0.4359375 0.23125 0.021875 0.0375
0 0.45 0.22569444444444445 0.028125 0.043055555555555555
0 0.116015625 0.23680555555555555 0.01953125 0.04027777777777778
