0 0.058984375 0.6888888888888889 0.04296875 0.17222222222222222
0 0.090234375 0.7513888888888889 0.06015625 0.18333333333333332
0 0.23046875 0.43333333333333335 0.0265625 0.11944444444444445
0 0.3171875 0.2743055555555556 0.0234375 0.06527777777777778
0 0.35859375 0.23472222222222222 0.01875 0.044444444444444446
0 0.58671875 0.3159722222222222 0.0234375 0.0763888888888889
0 0.685546875 0.3034722222222222 0.02109375 0.0763888888888889
0 0.7484375 0.40625 0.0375 0.09305555555555556
0 0.816015625 0.48541666666666666 0.03046875 0.12916666666666668
1 0.441796875 0.12361111111111112 0.02109375 0.03888888888888889
1 0.420703125 0.32013888888888886 0.05546875 0.09305555555555556
1 0.37578125 0.27152777777777776 0.053125 0.07083333333333333
1 0.639453125 0.33541666666666664 0.06171875 0.09305555555555556
1 0.52578125 0.22013888888888888 0.04375 0.059722222222222225
3 0.539453125 0.27361111111111114 0.05390625 0.13333333333333333
3 0.589453125 0.2 0.04140625 0.1
3 0.460546875 0.21875 0.04296875 0.10972222222222222
