3 0.141796875 0.5729166666666666 0.15859375 0.3347222222222222
3 0.6390625 0.3993055555555556 0.096875 0.1986111111111111
3 0.58671875 0.24513888888888888 0.0546875 0.07916666666666666
3 0.6796875 0.21319444444444444 0.071875 0.06805555555555555
3 0.246875 0.19375 0.10625 0.10416666666666667
0 0.056640625 0.5048611111111111 0.05390625 0.12638888888888888
0 0.4375 0.22430555555555556 0.021875 0.04583333333333333
0 0.471875 0.22361111111111112 0.021875 0.05
0 0.5140625 0.225 0.028125 0.03888888888888889
1 0.64296875 0.25763888888888886 0.0421875 0.05416666666666667
0 0.704296875 0.2520833333333333 0.02734375 0.04583333333333333
