4 0.07421875 0.39444444444444443 0.051953125 0.05555555555555555
4 0.1828125 0.4638888888888889 0.025390625 0.10590277777777778
4 0.238671875 0.4965277777777778 0.0255859375 0.09826388888888889
4 0.277734375 0.38263888888888886 0.0333984375 0.06388888888888888
4 0.310546875 0.41388888888888886 0.028125 0.11423611111111111
4 0.355078125 0.4166666666666667 0.0234375 0.078125
4 0.378515625 0.2861111111111111 0.028125 0.06180555555555556
4 0.330859375 0.3055555555555556 0.0240234375 0.06180555555555556
4 0.421484375 0.2972222222222222 0.0271484375 0.0642361111111111
4 0.376171875 0.23125 0.0171875 0.043402777777777776
4 0.26796875 0.45694444444444443 0.030078125 0.10277777777777777
4 0.178515625 0.5541666666666667 0.00078125 0.002777777777777778
4 0.065625 0.7951388888888888 0.062890625 0.23229166666666667
4 0.217578125 0.6201388888888889 0.0427734375 0.140625
