0 0.5328125 0.6180555555555556 0.0296875 0.09444444444444444
0 0.566015625 0.7833333333333333 0.03359375 0.15555555555555556
0 0.59609375 0.6222222222222222 0.0234375 0.09166666666666666
0 0.675 0.6145833333333334 0.0234375 0.09305555555555556
0 0.74140625 0.6472222222222223 0.028125 0.10555555555555556
0 0.850390625 0.4986111111111111 0.01640625 0.06388888888888888
0 0.794140625 0.4826388888888889 0.01640625 0.059722222222222225
0 0.6921875 0.4652777777777778 0.0171875 0.06111111111111111
0 0.71953125 0.4395833333333333 0.0171875 0.059722222222222225
0 0.75625 0.43194444444444446 0.0140625 0.06111111111111111
0 0.79296875 0.42430555555555555 0.015625 0.043055555555555555
0 0.783984375 0.4076388888888889 0.00859375 0.04583333333333333
0 0.757421875 0.37916666666666665 0.01171875 0.03888888888888889
0 0.79921875 0.3798611111111111 0.009375 0.043055555555555555
0 0.81171875 0.3527777777777778 0.0109375 0.03611111111111111
0 0.7578125 0.3215277777777778 0.009375 0.03194444444444444
0 0.7703125 0.34444444444444444 0.009375 0.03611111111111111
0 0.79296875 0.3326388888888889 0.0109375 0.03194444444444444
0 0.77734375 0.3055555555555556 0.0078125 0.03611111111111111
0 0.834375 0.3284722222222222 0.0078125 0.03194444444444444
1 0.31015625 0.58125 0.090625 0.09305555555555556
1 0.446484375 0.5479166666666667 0.08515625 0.09861111111111111
1 0.6046875 0.43333333333333335 0.046875 0.06111111111111111
1 0.609375 0.37777777777777777 0.034375 0.044444444444444446
1 0.637890625 0.29444444444444445 0.01484375 0.030555555555555555
