4 0.19296875 0.5902777777777778 0.0576171875 0.16979166666666667
4 0.12421875 0.5555555555555556 0.0455078125 0.15
4 0.830859375 0.7465277777777778 0.0724609375 0.24340277777777777
4 0.662890625 0.3194444444444444 0.02734375 0.09965277777777778
4 0.716796875 0.33541666666666664 0.0349609375 0.1111111111111111
4 0.582421875 0.2465277777777778 0.0203125 0.07326388888888889
4 0.61640625 0.2048611111111111 0.0171875 0.03993055555555555
4 0.295703125 0.40555555555555556 0.0322265625 0.1361111111111111
4 0.33984375 0.3416666666666667 0.023828125 0.07777777777777778
4 0.369921875 0.3 0.0318359375 0.07291666666666667
4 0.416796875 0.26805555555555555 0.034375 0.08680555555555555
4 0.31484375 0.3055555555555556 0.0283203125 0.08333333333333333
4 0.079296875 0.3993055555555556 0.06171875 0.07326388888888889
4 0.209375 0.28888888888888886 0.049609375 0.05555555555555555
4 0.2734375 0.37222222222222223 0.0173828125 0.08611111111111111
