4 0.248828125 0.5465277777777777 0.0478515625 0.15
4 0.162109375 0.5368055555555555 0.0556640625 0.1545138888888889
4 0.078125 0.3958333333333333 0.065625 0.07430555555555556
4 0.207421875 0.27708333333333335 0.0552734375 0.060069444444444446
4 0.2984375 0.3888888888888889 0.0439453125 0.13854166666666667
4 0.37265625 0.41805555555555557 0.0390625 0.12743055555555555
4 0.351171875 0.29097222222222224 0.021875 0.08194444444444444
4 0.396484375 0.28541666666666665 0.0375 0.0875
4 0.519140625 0.26458333333333334 0.0458984375 0.08784722222222222
4 0.38828125 0.20208333333333334 0.015625 0.06284722222222222
4 0.351953125 0.21666666666666667 0.01953125 0.06041666666666667
4 0.39921875 0.23055555555555557 0.0201171875 0.05798611111111111
4 0.6609375 0.24305555555555555 0.0201171875 0.06145833333333333
