0 0.243359375 0.7486111111111111 0.04140625 0.2
0 0.508984375 0.7173611111111111 0.03515625 0.1625
0 0.3234375 0.5444444444444444 0.0296875 0.11944444444444445
0 0.46796875 0.5430555555555555 0.0296875 0.11944444444444445
0 0.513671875 0.47291666666666665 0.03046875 0.1125
0 0.572265625 0.5354166666666667 0.02890625 0.12638888888888888
0 0.389453125 0.3527777777777778 0.01796875 0.06666666666666667
0 0.489453125 0.3375 0.01796875 0.06944444444444445
0 0.516015625 0.35 0.01328125 0.075
0 0.4234375 0.30277777777777776 0.0171875 0.075
0 0.473828125 0.20902777777777778 0.02890625 0.08194444444444444
0 0.523828125 0.27708333333333335 0.01484375 0.05416666666666667
