0 0.159375 0.3458333333333333 0.021875 0.075
0 0.164453125 0.2673611111111111 0.01484375 0.04861111111111111
0 0.14765625 0.24861111111111112 0.0140625 0.05
0 0.241796875 0.21319444444444444 0.01015625 0.04583333333333333
1 0.20390625 0.24722222222222223 0.0375 0.04722222222222222
3 0.428125 0.19930555555555557 0.221875 0.10972222222222222
3 0.60546875 0.3138888888888889 0.040625 0.125
3 0.6265625 0.23194444444444445 0.06875 0.075
0 0.734765625 0.24930555555555556 0.02734375 0.043055555555555555
0 0.79140625 0.45208333333333334 0.028125 0.09305555555555556
0 0.679296875 0.22847222222222222 0.02578125 0.0375
3 0.16953125 0.18333333333333332 0.0296875 0.04722222222222222
0 0.13046875 0.19166666666666668 0.0125 0.03333333333333333
