0 0.10390625 0.4236111111111111 0.0296875 0.08333333333333333
2 0.228515625 0.20347222222222222 0.09609375 0.07361111111111111
2 0.56796875 0.4930555555555556 0.1140625 0.25833333333333336
1 0.664453125 0.4736111111111111 0.07578125 0.1111111111111111
1 0.61171875 0.3506944444444444 0.053125 0.08472222222222223
3 0.530078125 0.2986111111111111 0.06328125 0.19444444444444445
0 0.3609375 0.21319444444444444 0.0234375 0.05138888888888889
1 0.45078125 0.22013888888888888 0.0578125 0.05138888888888889
3 0.90390625 0.8826388888888889 0.1921875 0.22916666666666666
0 0.7578125 0.4131944444444444 0.025 0.0875
1 0.629296875 0.2388888888888889 0.04765625 0.03333333333333333
1 0.717578125 0.2326388888888889 0.04140625 0.04027777777777778
3 0.6046875 0.20902777777777778 0.05625 0.05416666666666667
3 0.68984375 0.1951388888888889 0.103125 0.07361111111111111
