0 0.6765625 0.50625 0.021875 0.07083333333333333
0 0.605078125 0.6180555555555556 0.03359375 0.09444444444444444
0 0.691796875 0.45208333333333334 0.01953125 0.06527777777777778
0 0.668359375 0.7263888888888889 0.03828125 0.11666666666666667
0 0.37265625 0.8534722222222222 0.0625 0.1625
0 0.637109375 0.5868055555555556 0.02890625 0.09305555555555556
0 0.73828125 0.46041666666666664 0.0171875 0.06527777777777778
0 0.27421875 0.8652777777777778 0.0625 0.15
0 0.775390625 0.4201388888888889 0.01484375 0.05416666666666667
0 0.821484375 0.6326388888888889 0.03359375 0.10972222222222222
0 0.771484375 0.5979166666666667 0.02578125 0.09583333333333334
0 0.7609375 0.3701388888888889 0.0171875 0.04861111111111111
0 0.59765625 0.7506944444444444 0.028125 0.12361111111111112
0 0.699609375 0.5055555555555555 0.02265625 0.06111111111111111
0 0.6875 0.6041666666666666 0.03125 0.09444444444444444
0 0.569921875 0.6638888888888889 0.02265625 0.09722222222222222
0 0.71640625 0.43333333333333335 0.0171875 0.06666666666666667
0 0.798828125 0.3638888888888889 0.01640625 0.04722222222222222
0 0.639453125 0.48125 0.02421875 0.07361111111111111
0 0.82109375 0.40347222222222223 0.0203125 0.05416666666666667
0 0.70703125 0.5513888888888889 0.0265625 0.075
0 0.664453125 0.4722222222222222 0.01796875 0.06944444444444445
0 0.813671875 0.35138888888888886 0.01484375 0.044444444444444446
0 0.78359375 0.34930555555555554 0.015625 0.04583333333333333
1 0.23828125 0.61875 0.1109375 0.12361111111111112
1 0.49609375 0.4666666666666667 0.05625 0.075
1 0.628125 0.3840277777777778 0.0359375 0.05694444444444444
1 0.637109375 0.33958333333333335 0.02734375 0.04027777777777778
0 0.583203125 0.6930555555555555 0.02265625 0.09722222222222222
