0 0.537890625 0.7645833333333333 0.04140625 0.1736111111111111
0 0.380859375 0.8458333333333333 0.04140625 0.19166666666666668
0 0.1390625 0.9125 0.0578125 0.175
0 0.29296875 0.6125 0.0296875 0.15833333333333333
0 0.33359375 0.4534722222222222 0.021875 0.10694444444444444
0 0.370703125 0.5111111111111111 0.02421875 0.11388888888888889
0 0.4375 0.7201388888888889 0.034375 0.1597222222222222
0 0.459375 0.5340277777777778 0.0234375 0.12083333333333333
0 0.494140625 0.4576388888888889 0.02265625 0.10694444444444444
0 0.530859375 0.4888888888888889 0.02578125 0.1
0 0.534765625 0.38958333333333334 0.01953125 0.0875
0 0.48203125 0.36736111111111114 0.015625 0.06527777777777778
