5 0.42109375 0.4097222222222222 0.0751953125 0.17222222222222222
5 0.551171875 0.34097222222222223 0.0603515625 0.090625
4 0.726953125 0.4131944444444444 0.0568359375 0.13506944444444444
4 0.67109375 0.3138888888888889 0.0376953125 0.08819444444444445
4 0.625390625 0.30486111111111114 0.0259765625 0.08194444444444444
4 0.314453125 0.5069444444444444 0.03515625 0.12569444444444444
4 0.291015625 0.4409722222222222 0.046875 0.09583333333333334
4 0.080859375 0.3993055555555556 0.0578125 0.09583333333333334
4 0.103125 0.8194444444444444 0.052734375 0.22291666666666668
4 0.360546875 0.2638888888888889 0.0166015625 0.09722222222222222
4 0.40390625 0.2611111111111111 0.0216796875 0.08090277777777778
4 0.375390625 0.20069444444444445 0.01796875 0.05659722222222222
4 0.39140625 0.2048611111111111 0.0185546875 0.06111111111111111
