0 0.487890625 0.86875 0.04609375 0.20972222222222223
0 0.753515625 0.5743055555555555 0.03515625 0.13194444444444445
0 0.276953125 0.4798611111111111 0.02421875 0.11805555555555555
0 0.30703125 0.5194444444444445 0.025 0.125
0 0.229296875 0.3680555555555556 0.04296875 0.08611111111111111
0 0.105078125 0.5631944444444444 0.04296875 0.12638888888888888
0 0.308203125 0.9347222222222222 0.06796875 0.13055555555555556
0 0.02734375 0.5048611111111111 0.0375 0.1125
0 0.026953125 0.36736111111111114 0.04921875 0.09027777777777778
0 0.587109375 0.32222222222222224 0.02578125 0.08611111111111111
0 0.3703125 0.24444444444444444 0.0140625 0.06944444444444445
0 0.4953125 0.30972222222222223 0.025 0.08333333333333333
0 0.309765625 0.3770833333333333 0.02265625 0.10138888888888889
0 0.721875 0.44722222222222224 0.0265625 0.10277777777777777
0 0.335546875 0.40902777777777777 0.02109375 0.10694444444444444
0 0.95546875 0.7951388888888888 0.059375 0.1763888888888889
0 0.70859375 0.3958333333333333 0.0328125 0.09444444444444444
0 0.5796875 0.21805555555555556 0.015625 0.058333333333333334
0 0.655859375 0.3298611111111111 0.02421875 0.09027777777777778
0 0.298828125 0.33958333333333335 0.02578125 0.08194444444444444
0 0.393359375 0.19027777777777777 0.01328125 0.058333333333333334
1 0.596875 0.4236111111111111 0.065625 0.14166666666666666
1 0.3 0.7055555555555556 0.1765625 0.2222222222222222
1 0.41015625 0.26944444444444443 0.0328125 0.075
1 0.365234375 0.3236111111111111 0.04140625 0.09444444444444444
3 0.5359375 0.20416666666666666 0.04375 0.09444444444444444
3 0.45703125 0.39861111111111114 0.10625 0.2722222222222222
1 0.159375 0.5013888888888889 0.134375 0.11944444444444445
