5 0.7890625 0.6465277777777778 0.1779296875 0.259375
5 0.590625 0.5243055555555556 0.1015625 0.21006944444444445
4 0.6875 0.32222222222222224 0.0451171875 0.08263888888888889
5 0.573046875 0.23958333333333334 0.0509765625 0.08159722222222222
4 0.383984375 0.3215277777777778 0.025 0.08506944444444445
4 0.40546875 0.2965277777777778 0.023046875 0.09444444444444444
4 0.076171875 0.40902777777777777 0.0650390625 0.075
4 0.4390625 0.29097222222222224 0.0173828125 0.08506944444444445
4 0.198046875 0.33819444444444446 0.059375 0.08159722222222222
4 0.405078125 0.2388888888888889 0.0212890625 0.06631944444444444
4 0.525390625 0.21805555555555556 0.01953125 0.06458333333333334
4 0.6625 0.22916666666666666 0.016015625 0.058333333333333334
4 0.625 0.2298611111111111 0.0158203125 0.058333333333333334
