0 0.34296875 0.9222222222222223 0.046875 0.15555555555555556
0 0.234765625 0.7604166666666666 0.04765625 0.19583333333333333
0 0.263671875 0.5965277777777778 0.03359375 0.11527777777777778
0 0.54609375 0.7527777777777778 0.0421875 0.16666666666666666
0 0.469921875 0.6708333333333333 0.03203125 0.15
0 0.415234375 0.6354166666666666 0.03046875 0.14583333333333334
0 0.352734375 0.4583333333333333 0.02890625 0.12222222222222222
0 0.512109375 0.5979166666666667 0.02890625 0.13194444444444445
0 0.4609375 0.5409722222222222 0.025 0.10416666666666667
0 0.5234375 0.4625 0.021875 0.1
0 0.485546875 0.45069444444444445 0.02265625 0.09583333333333334
0 0.4875 0.3736111111111111 0.01875 0.06388888888888888
0 0.528125 0.3645833333333333 0.01875 0.0763888888888889
0 0.515234375 0.30694444444444446 0.01484375 0.06388888888888888
0 0.529296875 0.24166666666666667 0.01328125 0.05
0 0.422265625 0.30277777777777776 0.01328125 0.06388888888888888
0 0.401171875 0.31319444444444444 0.01171875 0.05416666666666667
3 0.470703125 0.22291666666666668 0.03359375 0.07361111111111111
