0 0.36171875 0.8243055555555555 0.0546875 0.13472222222222222
0 0.721875 0.38125 0.01875 0.04861111111111111
0 0.55859375 0.8638888888888889 0.0484375 0.12222222222222222
0 0.53359375 0.6583333333333333 0.040625 0.1
0 0.494140625 0.5597222222222222 0.03359375 0.08333333333333333
0 0.73671875 0.3819444444444444 0.0171875 0.044444444444444446
0 0.663671875 0.4756944444444444 0.01328125 0.05416666666666667
0 0.637109375 0.7951388888888888 0.04296875 0.11527777777777778
0 0.8546875 0.5618055555555556 0.0390625 0.0875
0 0.738671875 0.42569444444444443 0.02265625 0.059722222222222225
0 0.440234375 0.6743055555555556 0.04296875 0.10694444444444444
0 0.67421875 0.7118055555555556 0.0453125 0.10138888888888889
0 0.758984375 0.5902777777777778 0.03359375 0.08611111111111111
0 0.82421875 0.3951388888888889 0.025 0.059722222222222225
0 0.683203125 0.6006944444444444 0.03984375 0.09027777777777778
0 0.784375 0.5583333333333333 0.0328125 0.08333333333333333
0 0.596484375 0.6319444444444444 0.03984375 0.08888888888888889
0 0.769921875 0.36944444444444446 0.01953125 0.04722222222222222
0 0.589453125 0.725 0.04296875 0.10555555555555556
0 0.309375 0.6569444444444444 0.05 0.09444444444444444
0 0.495703125 0.75625 0.04140625 0.10694444444444444
0 0.478515625 0.7131944444444445 0.03828125 0.09861111111111111
0 0.806640625 0.37777777777777777 0.01796875 0.05
0 0.83828125 0.35347222222222224 0.015625 0.043055555555555555
0 0.792578125 0.3527777777777778 0.01328125 0.041666666666666664
1 0.643359375 0.5638888888888889 0.07734375 0.10277777777777777
1 0.2765625 0.6145833333333334 0.10625 0.10416666666666667
1 0.706640625 0.5145833333333333 0.06171875 0.09027777777777778
1 0.54453125 0.41805555555555557 0.0546875 0.075
1 0.910546875 0.6409722222222223 0.12265625 0.13194444444444445
1 0.704296875 0.3104166666666667 0.02734375 0.04027777777777778
1 0.665625 0.31180555555555556 0.0296875 0.04861111111111111
1 0.71171875 0.34930555555555554 0.0265625 0.04583333333333333
1 0.626171875 0.325 0.03046875 0.05
0 0.665234375 0.4284722222222222 0.01328125 0.05416666666666667
