0 0.194140625 0.9131944444444444 0.06015625 0.1736111111111111
0 0.560546875 0.7145833333333333 0.03671875 0.16527777777777777
0 0.32578125 0.4638888888888889 0.0265625 0.10555555555555556
0 0.386328125 0.3625 0.01953125 0.08055555555555556
0 0.493359375 0.5 0.02578125 0.11388888888888889
0 0.53046875 0.3055555555555556 0.015625 0.06388888888888888
0 0.49375 0.3590277777777778 0.0171875 0.0763888888888889
0 0.469921875 0.3173611111111111 0.01640625 0.06805555555555555
0 0.494921875 0.30625 0.01796875 0.059722222222222225
0 0.52109375 0.2604166666666667 0.0125 0.05138888888888889
0 0.504296875 0.25416666666666665 0.01328125 0.05
