0 0.04921875 0.8541666666666666 0.0609375 0.225
0 0.8640625 0.9215277777777777 0.0703125 0.15416666666666667
0 0.7546875 0.7729166666666667 0.0484375 0.1763888888888889
0 0.143359375 0.7965277777777777 0.04765625 0.19583333333333333
0 0.282421875 0.7270833333333333 0.03515625 0.18194444444444444
0 0.261328125 0.5756944444444444 0.02734375 0.12916666666666668
0 0.64296875 0.42430555555555555 0.0234375 0.09583333333333334
0 0.324609375 0.4361111111111111 0.02265625 0.10833333333333334
0 0.212890625 0.7576388888888889 0.04609375 0.17083333333333334
0 0.33203125 0.5361111111111111 0.0265625 0.13333333333333333
0 0.641796875 0.5097222222222222 0.02890625 0.11944444444444445
0 0.575 0.4111111111111111 0.0203125 0.09444444444444444
0 0.2 0.9173611111111111 0.0609375 0.16527777777777777
0 0.80625 0.5375 0.0359375 0.12222222222222222
0 0.6765625 0.4361111111111111 0.0234375 0.1
0 0.375390625 0.44166666666666665 0.02265625 0.11388888888888889
0 0.195703125 0.4513888888888889 0.02890625 0.10555555555555556
0 0.580078125 0.30972222222222223 0.01953125 0.08055555555555556
0 0.698046875 0.5868055555555556 0.03828125 0.14305555555555555
0 0.34921875 0.36319444444444443 0.0203125 0.09583333333333334
0 0.537109375 0.3729166666666667 0.01953125 0.09305555555555556
0 0.376171875 0.61875 0.02734375 0.1486111111111111
0 0.605078125 0.39444444444444443 0.01796875 0.08611111111111111
0 0.411328125 0.5305555555555556 0.02421875 0.13333333333333333
0 0.833203125 0.7548611111111111 0.04140625 0.17083333333333334
0 0.336328125 0.6979166666666666 0.03203125 0.1597222222222222
0 0.972265625 0.9472222222222222 0.04609375 0.10555555555555556
0 0.28671875 0.47708333333333336 0.021875 0.1125
0 0.3625 0.28541666666666665 0.01875 0.06527777777777778
0 0.322265625 0.3236111111111111 0.01796875 0.07777777777777778
0 0.291796875 0.4083333333333333 0.01953125 0.09722222222222222
0 0.182421875 0.3701388888888889 0.05078125 0.0875
0 0.24609375 0.49444444444444446 0.0328125 0.11388888888888889
0 0.252734375 0.4354166666666667 0.02421875 0.10138888888888889
0 0.7203125 0.5513888888888889 0.0203125 0.08611111111111111
0 0.76796875 0.6458333333333334 0.0359375 0.13055555555555556
0 0.57265625 0.24027777777777778 0.0125 0.06666666666666667
0 0.6265625 0.3229166666666667 0.01875 0.0763888888888889
0 0.340234375 0.27152777777777776 0.02265625 0.0625
0 0.91015625 0.7701388888888889 0.059375 0.16805555555555557
1 0.4078125 0.3375 0.04375 0.08333333333333333
1 0.6375 0.7020833333333333 0.103125 0.22361111111111112
1 0.401953125 0.23958333333333334 0.02890625 0.06805555555555555
2 0.456640625 0.28680555555555554 0.04140625 0.09583333333333334
0 0.71171875 0.4708333333333333 0.0328125 0.06388888888888888
0 0.7234375 0.4284722222222222 0.01875 0.05416666666666667
