0 0.519140625 0.24861111111111112 0.01953125 0.06388888888888888
0 0.600390625 0.21458333333333332 0.01484375 0.043055555555555555
0 0.61875 0.25277777777777777 0.015625 0.05555555555555555
0 0.662109375 0.2743055555555556 0.02265625 0.06527777777777778
0 0.680859375 0.23819444444444443 0.01328125 0.05138888888888889
0 0.6453125 0.22291666666666668 0.009375 0.04861111111111111
0 0.8 0.6534722222222222 0.065625 0.1597222222222222
0 0.90390625 0.6229166666666667 0.0546875 0.15138888888888888
1 0.637890625 0.7152777777777778 0.14765625 0.2638888888888889
1 0.42265625 0.32013888888888886 0.0515625 0.09583333333333334
1 0.376953125 0.25833333333333336 0.05078125 0.075
1 0.403125 0.18333333333333332 0.0296875 0.05277777777777778
1 0.358984375 0.16875 0.05703125 0.05138888888888889
1 0.4734375 0.14166666666666666 0.0234375 0.03333333333333333
3 0.56484375 0.3951388888888889 0.096875 0.24861111111111112
