0 0.551171875 0.8659722222222223 0.06796875 0.18194444444444444
0 0.337890625 0.88125 0.05546875 0.19583333333333333
0 0.956640625 0.8381944444444445 0.05234375 0.18472222222222223
0 0.229296875 0.4798611111111111 0.02578125 0.11805555555555555
0 0.64296875 0.4388888888888889 0.021875 0.10833333333333334
0 0.2125 0.8791666666666667 0.05 0.2
0 0.652734375 0.64375 0.03671875 0.15416666666666667
0 0.673828125 0.51875 0.02890625 0.12916666666666668
0 0.266796875 0.5465277777777777 0.02734375 0.13472222222222222
0 0.79140625 0.6020833333333333 0.034375 0.13472222222222222
0 0.739453125 0.6861111111111111 0.04609375 0.15
0 0.4 0.7993055555555556 0.0546875 0.19027777777777777
0 0.18984375 0.6284722222222222 0.0328125 0.15416666666666667
0 0.840234375 0.5916666666666667 0.03671875 0.13055555555555556
0 0.73125 0.5638888888888889 0.0359375 0.13333333333333333
0 0.58984375 0.4 0.0234375 0.10277777777777777
0 0.7765625 0.8243055555555555 0.0546875 0.16805555555555557
0 0.298046875 0.4909722222222222 0.02265625 0.13472222222222222
0 0.3828125 0.3972222222222222 0.021875 0.10833333333333334
0 0.144921875 0.6138888888888889 0.03671875 0.14722222222222223
0 0.7078125 0.48125 0.0296875 0.1125
0 0.80078125 0.7118055555555556 0.0359375 0.1486111111111111
0 0.625 0.36666666666666664 0.0234375 0.08888888888888889
0 0.55546875 0.2673611111111111 0.015625 0.059722222222222225
0 0.879296875 0.8819444444444444 0.06484375 0.17222222222222222
0 0.68359375 0.4361111111111111 0.025 0.09444444444444444
0 0.3203125 0.3701388888888889 0.0234375 0.10138888888888889
0 0.28515625 0.40694444444444444 0.0265625 0.1
0 0.86328125 0.6854166666666667 0.04375 0.12916666666666668
0 0.3 0.32430555555555557 0.0234375 0.07361111111111111
0 0.587890625 0.3368055555555556 0.01953125 0.08194444444444444
0 0.750390625 0.4791666666666667 0.02890625 0.1111111111111111
0 0.277734375 0.3680555555555556 0.02890625 0.08333333333333333
1 0.449609375 0.7118055555555556 0.16328125 0.2013888888888889
1 0.54296875 0.19652777777777777 0.03125 0.05416666666666667
1 0.363671875 0.29444444444444445 0.04453125 0.1
1 0.446484375 0.25833333333333336 0.03359375 0.058333333333333334
3 0.447265625 0.37916666666666665 0.06796875 0.17222222222222222
0 0.881640625 0.7555555555555555 0.05234375 0.11388888888888889
