0 0.77734375 0.46319444444444446 0.0234375 0.0625
0 0.7625 0.42430555555555555 0.0203125 0.05416666666666667
0 0.840625 0.4486111111111111 0.021875 0.05555555555555555
0 0.755078125 0.51875 0.02421875 0.07083333333333333
0 0.5015625 0.7006944444444444 0.0453125 0.11805555555555555
0 0.645703125 0.5319444444444444 0.03203125 0.08611111111111111
0 0.565234375 0.6611111111111111 0.04140625 0.11388888888888889
0 0.64296875 0.47638888888888886 0.025 0.06111111111111111
0 0.808203125 0.5736111111111111 0.03046875 0.08333333333333333
0 0.730078125 0.48819444444444443 0.02421875 0.059722222222222225
0 0.7296875 0.4388888888888889 0.021875 0.05277777777777778
0 0.59453125 0.5090277777777777 0.0296875 0.07916666666666666
0 0.527734375 0.6291666666666667 0.03671875 0.09722222222222222
0 0.68828125 0.5444444444444444 0.03125 0.08333333333333333
0 0.957421875 0.8819444444444444 0.04609375 0.18055555555555555
0 0.802734375 0.48055555555555557 0.02265625 0.06111111111111111
0 0.86171875 0.48819444444444443 0.0265625 0.07083333333333333
0 0.782421875 0.6611111111111111 0.04140625 0.10555555555555556
0 0.72265625 0.3958333333333333 0.0203125 0.044444444444444446
0 0.6984375 0.4625 0.0234375 0.058333333333333334
0 0.732421875 0.5444444444444444 0.02890625 0.07777777777777778
0 0.824609375 0.42291666666666666 0.01953125 0.05138888888888889
0 0.050390625 0.9493055555555555 0.06328125 0.0875
0 0.537109375 0.53125 0.03046875 0.07916666666666666
0 0.8734375 0.4534722222222222 0.015625 0.05416666666666667
0 0.8625 0.4111111111111111 0.0203125 0.05
0 0.74296875 0.4076388888888889 0.0171875 0.04861111111111111
0 0.816796875 0.5319444444444444 0.02578125 0.06666666666666667
0 0.698046875 0.49375 0.02421875 0.06527777777777778
0 0.805859375 0.43472222222222223 0.01953125 0.05
0 0.791015625 0.4111111111111111 0.01796875 0.04722222222222222
1 0.127734375 0.7944444444444444 0.16328125 0.16111111111111112
1 0.626171875 0.39375 0.03984375 0.0625
1 0.565234375 0.46319444444444446 0.04921875 0.07361111111111111
1 0.48046875 0.5222222222222223 0.071875 0.1
1 0.65234375 0.3506944444444444 0.0296875 0.043055555555555555
1 0.44765625 0.47847222222222224 0.0609375 0.0763888888888889
1 0.6671875 0.31180555555555556 0.021875 0.0375
1 0.63515625 0.2986111111111111 0.0234375 0.03611111111111111
