0 0.33125 0.7694444444444445 0.0640625 0.19722222222222222
0 0.0578125 0.6173611111111111 0.0359375 0.15416666666666667
0 0.23046875 0.9104166666666667 0.05625 0.15694444444444444
0 0.48125 0.38472222222222224 0.021875 0.1
0 0.903125 0.8229166666666666 0.0484375 0.15416666666666667
0 0.284375 0.3402777777777778 0.0234375 0.08888888888888889
0 0.565625 0.2875 0.01875 0.07777777777777778
0 0.173828125 0.45208333333333334 0.03359375 0.10138888888888889
0 0.628125 0.3680555555555556 0.0203125 0.08888888888888889
0 0.14453125 0.9243055555555556 0.0640625 0.14305555555555555
0 0.362109375 0.4666666666666667 0.02734375 0.11666666666666667
0 0.83203125 0.7965277777777777 0.0390625 0.15694444444444444
0 0.242578125 0.7152777777777778 0.03828125 0.18055555555555555
0 0.660546875 0.37916666666666665 0.02265625 0.09166666666666666
0 0.237109375 0.5909722222222222 0.03203125 0.12916666666666668
0 0.391015625 0.5305555555555556 0.02890625 0.13333333333333333
0 0.745703125 0.7555555555555555 0.04765625 0.16666666666666666
0 0.30625 0.41041666666666665 0.0203125 0.11527777777777778
0 0.419921875 0.39652777777777776 0.02578125 0.09861111111111111
0 0.14140625 0.7277777777777777 0.0515625 0.19444444444444445
0 0.4390625 0.34305555555555556 0.021875 0.09444444444444444
0 0.267578125 0.4930555555555556 0.02890625 0.13055555555555556
0 0.683203125 0.5375 0.02890625 0.10833333333333334
0 0.18828125 0.5298611111111111 0.03125 0.12361111111111112
0 0.5984375 0.3368055555555556 0.01875 0.08472222222222223
0 0.830859375 0.6881944444444444 0.04296875 0.13194444444444445
0 0.055859375 0.9340277777777778 0.06015625 0.12361111111111112
0 0.641796875 0.5881944444444445 0.02734375 0.14027777777777778
0 0.54296875 0.28194444444444444 0.0203125 0.06944444444444445
0 0.970703125 0.9340277777777778 0.05078125 0.13194444444444445
0 0.877734375 0.95 0.06171875 0.1
0 0.390625 0.42291666666666666 0.025 0.10694444444444444
0 0.715234375 0.5083333333333333 0.03046875 0.12222222222222222
0 0.321875 0.36666666666666664 0.0203125 0.1
0 0.345703125 0.6986111111111111 0.05234375 0.17777777777777778
0 0.84140625 0.6090277777777777 0.053125 0.12361111111111112
0 0.409375 0.3229166666666667 0.0203125 0.07083333333333333
0 0.815234375 0.5333333333333333 0.03046875 0.10555555555555556
0 0.9078125 0.7111111111111111 0.0546875 0.12777777777777777
0 0.664453125 0.46041666666666664 0.02109375 0.08194444444444444
0 0.773046875 0.5194444444444445 0.03671875 0.08055555555555556
0 0.245703125 0.4895833333333333 0.03203125 0.12361111111111112
0 0.004296875 0.6708333333333333 0.00859375 0.1
0 0.746484375 0.6597222222222222 0.04609375 0.14722222222222223
0 0.708203125 0.41597222222222224 0.03203125 0.09583333333333334
1 0.598046875 0.4465277777777778 0.06171875 0.12638888888888888
1 0.365625 0.3236111111111111 0.04375 0.09444444444444444
3 0.455078125 0.27152777777777776 0.04921875 0.13194444444444445
0 0.134765625 0.6340277777777777 0.03671875 0.10416666666666667
1 0.475 0.5888888888888889 0.0859375 0.21666666666666667
1 0.7109375 0.9013888888888889 0.178125 0.19722222222222222
0 0.7875 0.5777777777777777 0.0390625 0.1361111111111111
0 0.766015625 0.6118055555555556 0.03203125 0.12083333333333333
0 0.637890625 0.48819444444444443 0.02421875 0.04861111111111111
0 0.682421875 0.4361111111111111 0.01953125 0.06944444444444445
