5 0.576171875 0.5222222222222223 0.10078125 0.15555555555555556
5 0.626171875 0.7979166666666667 0.1755859375 0.28194444444444444
5 0.73828125 0.5222222222222223 0.163671875 0.2309027777777778
5 0.6671875 0.3486111111111111 0.074609375 0.13541666666666666
5 0.564453125 0.3548611111111111 0.078125 0.1517361111111111
4 0.339453125 0.3423611111111111 0.028125 0.10104166666666667
4 0.27890625 0.375 0.0251953125 0.075
4 0.296875 0.2881944444444444 0.021875 0.07604166666666666
4 0.084375 0.4097222222222222 0.0517578125 0.06909722222222223
4 0.20859375 0.29305555555555557 0.0423828125 0.059027777777777776
5 0.455078125 0.24166666666666667 0.04375 0.08923611111111111
4 0.08828125 0.6826388888888889 0.059375 0.175
4 0.346875 0.24513888888888888 0.0201171875 0.065625
4 0.41640625 0.21805555555555556 0.019921875 0.06631944444444444
4 0.728515625 0.37430555555555556 0.0228515625 0.08715277777777777
4 0.744921875 0.3347222222222222 0.01875 0.08888888888888889
4 0.68984375 0.2923611111111111 0.021875 0.059722222222222225
4 0.655078125 0.26875 0.0240234375 0.059722222222222225
