0 0.198046875 0.5208333333333334 0.04453125 0.14166666666666666
0 0.331640625 0.28680555555555554 0.01796875 0.08194444444444444
0 0.323046875 0.25972222222222224 0.01953125 0.06111111111111111
0 0.6453125 0.2625 0.0203125 0.06666666666666667
0 0.51171875 0.2520833333333333 0.0234375 0.05138888888888889
0 0.368359375 0.21041666666666667 0.01171875 0.04861111111111111
0 0.3953125 0.1840277777777778 0.0171875 0.04027777777777778
3 0.435546875 0.2548611111111111 0.06328125 0.19027777777777777
3 0.631640625 0.6118055555555556 0.16484375 0.4152777777777778
2 0.5765625 0.29791666666666666 0.0765625 0.17916666666666667
3 0.532421875 0.19583333333333333 0.04296875 0.10555555555555556
1 0.39140625 0.24305555555555555 0.0328125 0.06111111111111111
