0 0.774609375 0.45208333333333334 0.01953125 0.0625
0 0.8 0.44722222222222224 0.01875 0.06111111111111111
0 0.88671875 0.9215277777777777 0.0609375 0.14027777777777778
0 0.5515625 0.69375 0.028125 0.09305555555555556
0 0.723046875 0.4673611111111111 0.01640625 0.07083333333333333
0 0.446484375 0.7298611111111111 0.03984375 0.12083333333333333
0 0.66953125 0.7034722222222223 0.0375 0.11805555555555555
0 0.573828125 0.6277777777777778 0.03359375 0.09722222222222222
0 0.8296875 0.5270833333333333 0.015625 0.05694444444444444
0 0.836328125 0.7430555555555556 0.04140625 0.13333333333333333
0 0.419140625 0.8847222222222222 0.07421875 0.16666666666666666
0 0.815234375 0.3972222222222222 0.01796875 0.05277777777777778
0 0.47890625 0.8 0.0453125 0.1388888888888889
0 0.740625 0.5743055555555555 0.0265625 0.08472222222222223
0 0.786328125 0.8513888888888889 0.03984375 0.1361111111111111
0 0.38125 0.7430555555555556 0.0421875 0.11666666666666667
0 0.528515625 0.7659722222222223 0.04296875 0.13472222222222222
0 0.708984375 0.6298611111111111 0.03046875 0.09861111111111111
0 0.7703125 0.5569444444444445 0.0265625 0.08611111111111111
0 0.7484375 0.4513888888888889 0.01875 0.06111111111111111
0 0.7625 0.41805555555555557 0.0171875 0.05555555555555555
0 0.833203125 0.36319444444444443 0.01640625 0.04861111111111111
0 0.8015625 0.3506944444444444 0.015625 0.04583333333333333
0 0.6265625 0.6770833333333334 0.0390625 0.11527777777777778
0 0.6359375 0.6180555555555556 0.0296875 0.08611111111111111
0 0.784375 0.3527777777777778 0.0140625 0.04722222222222222
0 0.85234375 0.4548611111111111 0.0203125 0.06805555555555555
0 0.833203125 0.4722222222222222 0.01171875 0.05555555555555555
0 0.2 0.9208333333333333 0.08125 0.11666666666666667
0 0.833984375 0.43125 0.01328125 0.05416666666666667
0 0.7640625 0.37083333333333335 0.015625 0.04722222222222222
1 0.323828125 0.6604166666666667 0.12265625 0.1375
1 0.20546875 0.6618055555555555 0.1 0.12638888888888888
1 0.369140625 0.5361111111111111 0.08671875 0.1
1 0.65390625 0.36736111111111114 0.03125 0.05416666666666667
1 0.63515625 0.30069444444444443 0.025 0.0375
1 0.691796875 0.41805555555555557 0.03515625 0.06388888888888888
1 0.565234375 0.46041666666666664 0.03984375 0.06527777777777778
1 0.575390625 0.3861111111111111 0.02890625 0.044444444444444446
1 0.699609375 0.3784722222222222 0.02890625 0.04583333333333333
2 0.61328125 0.5173611111111112 0.0890625 0.1736111111111111
0 0.53671875 0.6527777777777778 0.025 0.09722222222222222
0 0.709375 0.44722222222222224 0.015625 0.06944444444444445
0 0.822265625 0.46805555555555556 0.01171875 0.05555555555555555
2 0.607421875 0.39652777777777776 0.04140625 0.0763888888888889
