3 0.233203125 0.4076388888888889 0.16796875 0.3541666666666667
3 0.2953125 0.20416666666666666 0.09375 0.06388888888888888
3 0.615234375 0.2590277777777778 0.05078125 0.10138888888888889
3 0.735546875 0.6423611111111112 0.45078125 0.7069444444444445
3 0.292578125 0.26875 0.14296875 0.09583333333333334
1 0.71328125 0.22291666666666668 0.03125 0.04027777777777778
0 0.14921875 0.29791666666666666 0.01875 0.0625
0 0.409765625 0.22708333333333333 0.02890625 0.04583333333333333
0 0.523046875 0.23680555555555555 0.03203125 0.0375
0 0.545703125 0.23125 0.02421875 0.043055555555555555
0 0.5703125 0.22847222222222222 0.025 0.0375
0 0.70546875 0.27152777777777776 0.0203125 0.04861111111111111
