1 0.199609375 0.5520833333333334 0.11953125 0.23472222222222222
1 0.614453125 0.27569444444444446 0.03828125 0.06805555555555555
1 0.678515625 0.24375 0.04140625 0.034722222222222224
1 0.72421875 0.24444444444444444 0.053125 0.05555555555555555
3 0.69453125 0.5097222222222222 0.15 0.26666666666666666
3 0.252734375 0.3326388888888889 0.06171875 0.1486111111111111
3 0.205859375 0.1840277777777778 0.07734375 0.09305555555555556
3 0.56015625 0.2520833333333333 0.05 0.07916666666666666
3 0.641015625 0.2111111111111111 0.07578125 0.06944444444444445
0 0.17109375 0.3159722222222222 0.0265625 0.07083333333333333
0 0.3234375 0.21666666666666667 0.0234375 0.03888888888888889
0 0.360546875 0.21875 0.02890625 0.0375
0 0.384765625 0.21666666666666667 0.02578125 0.05277777777777778
