2 0.2125 0.6166666666666667 0.1453125 0.1638888888888889
0 0.762890625 0.4340277777777778 0.01640625 0.04861111111111111
0 0.778515625 0.39166666666666666 0.01015625 0.03611111111111111
2 0.355078125 0.6104166666666667 0.14296875 0.17916666666666667
1 0.640234375 0.3763888888888889 0.03828125 0.044444444444444446
0 0.590625 0.5805555555555556 0.03125 0.10277777777777777
0 0.70859375 0.4888888888888889 0.025 0.09166666666666666
0 0.558984375 0.5743055555555555 0.02421875 0.10138888888888889
0 0.79765625 0.50625 0.0234375 0.07083333333333333
0 0.64765625 0.5847222222222223 0.028125 0.1111111111111111
1 0.830078125 0.5979166666666667 0.13515625 0.10694444444444444
0 0.742578125 0.5277777777777778 0.02890625 0.09444444444444444
0 0.72421875 0.6694444444444444 0.025 0.13333333333333333
0 0.350390625 0.8895833333333333 0.06640625 0.19305555555555556
0 0.5546875 0.75625 0.0359375 0.1486111111111111
0 0.47890625 0.7659722222222223 0.040625 0.14305555555555555
0 0.752734375 0.7756944444444445 0.03359375 0.1625
0 0.873046875 0.5465277777777777 0.02421875 0.0763888888888889
0 0.7109375 0.39375 0.015625 0.05416666666666667
0 0.8265625 0.4486111111111111 0.01875 0.058333333333333334
0 0.730859375 0.425 0.01484375 0.05555555555555555
0 0.79375 0.42569444444444443 0.0203125 0.059722222222222225
0 0.813671875 0.4111111111111111 0.01484375 0.05277777777777778
1 0.562109375 0.4131944444444444 0.04453125 0.04861111111111111
