1 0.608984375 0.29930555555555555 0.04453125 0.0625
1 0.703125 0.2263888888888889 0.046875 0.041666666666666664
3 0.583203125 0.49236111111111114 0.14921875 0.3347222222222222
3 0.25625 0.19652777777777777 0.0578125 0.06527777777777778
3 0.13125 0.23541666666666666 0.0671875 0.10694444444444444
3 0.197265625 0.19166666666666668 0.04140625 0.06388888888888888
0 0.161328125 0.3104166666666667 0.01796875 0.07083333333333333
0 0.728515625 0.2604166666666667 0.01953125 0.043055555555555555
0 0.655859375 0.23680555555555555 0.03046875 0.02638888888888889
0 0.609375 0.22916666666666666 0.0234375 0.022222222222222223
0 0.5828125 0.22361111111111112 0.0203125 0.030555555555555555
3 0.536328125 0.26805555555555555 0.06796875 0.14166666666666666
3 0.454296875 0.20972222222222223 0.08671875 0.06666666666666667
