4 0.2671875 0.3993055555555556 0.0375 0.06111111111111111
4 0.274609375 0.3402777777777778 0.0275390625 0.06111111111111111
4 0.332421875 0.3173611111111111 0.02265625 0.08055555555555556
5 0.582421875 0.2388888888888889 0.040625 0.07291666666666667
4 0.825390625 0.5715277777777777 0.0369140625 0.1545138888888889
4 0.629296875 0.25416666666666665 0.0166015625 0.059027777777777776
4 0.67109375 0.24791666666666667 0.019921875 0.06388888888888888
7 0.427734375 0.23958333333333334 0.0708984375 0.2
5 0.381640625 0.2465277777777778 0.03359375 0.07361111111111111
4 0.34765625 0.23402777777777778 0.0142578125 0.065625
