0 0.079296875 0.45416666666666666 0.03046875 0.1111111111111111
0 0.159375 0.36666666666666664 0.0265625 0.08611111111111111
0 0.508203125 0.45625 0.02421875 0.10694444444444444
0 0.499609375 0.4111111111111111 0.02734375 0.08333333333333333
0 0.71328125 0.3125 0.0171875 0.06388888888888888
1 0.619921875 0.2708333333333333 0.05078125 0.06111111111111111
3 0.534765625 0.30694444444444446 0.08671875 0.25
3 0.59140625 0.20208333333333334 0.10625 0.09305555555555556
3 0.24140625 0.18958333333333333 0.1140625 0.09861111111111111
0 0.689453125 0.23472222222222222 0.02734375 0.03888888888888889
1 0.1546875 0.20347222222222222 0.0265625 0.034722222222222224
1 0.1234375 0.18819444444444444 0.028125 0.034722222222222224
