0 0.39921875 0.9055555555555556 0.0609375 0.15
0 0.4234375 0.6875 0.0421875 0.11666666666666667
0 0.59765625 0.7020833333333333 0.0421875 0.11527777777777778
0 0.68515625 0.8104166666666667 0.05 0.13194444444444445
0 0.70859375 0.5659722222222222 0.0203125 0.07916666666666666
0 0.67578125 0.53125 0.0296875 0.07916666666666666
0 0.702734375 0.45 0.01796875 0.05555555555555555
0 0.749609375 0.4756944444444444 0.01796875 0.0625
0 0.4609375 0.7666666666666667 0.0484375 0.12777777777777777
0 0.70703125 0.4951388888888889 0.025 0.059722222222222225
0 0.77109375 0.43819444444444444 0.0140625 0.05694444444444444
0 0.737890625 0.40555555555555556 0.01796875 0.05
0 0.7921875 0.47708333333333336 0.0203125 0.06527777777777778
0 0.71953125 0.4222222222222222 0.0171875 0.05277777777777778
0 0.813671875 0.40694444444444444 0.01015625 0.05277777777777778
0 0.836328125 0.38125 0.01328125 0.04861111111111111
0 0.75625 0.4263888888888889 0.0125 0.05555555555555555
0 0.746875 0.36319444444444443 0.0171875 0.043055555555555555
0 0.787109375 0.43194444444444446 0.01640625 0.04722222222222222
0 0.7828125 0.3958333333333333 0.0171875 0.044444444444444446
1 0.55625 0.4673611111111111 0.0625 0.0875
1 0.45390625 0.4798611111111111 0.071875 0.08472222222222223
1 0.637109375 0.31666666666666665 0.02265625 0.030555555555555555
1 0.604296875 0.3715277777777778 0.03046875 0.043055555555555555
1 0.696875 0.3416666666666667 0.025 0.04722222222222222
1 0.662890625 0.33055555555555555 0.02578125 0.041666666666666664
0 0.803515625 0.4166666666666667 0.01015625 0.05277777777777778
