0 0.725390625 0.6048611111111111 0.02890625 0.09027777777777778
0 0.5125 0.5875 0.0328125 0.09444444444444444
0 0.402734375 0.9340277777777778 0.04765625 0.10972222222222222
0 0.5828125 0.5479166666666667 0.0296875 0.08472222222222223
0 0.393359375 0.8409722222222222 0.04453125 0.11527777777777778
0 0.5515625 0.6166666666666667 0.028125 0.09444444444444444
0 0.758984375 0.5722222222222222 0.03203125 0.09444444444444444
0 0.360546875 0.8222222222222222 0.05546875 0.1527777777777778
0 0.691015625 0.4125 0.02265625 0.05555555555555555
0 0.573828125 0.6486111111111111 0.03515625 0.10555555555555556
0 0.66484375 0.5583333333333333 0.025 0.07777777777777778
0 0.22421875 0.9472222222222222 0.0609375 0.1
0 0.728125 0.41805555555555557 0.0171875 0.06388888888888888
0 0.836328125 0.4236111111111111 0.02109375 0.06944444444444445
0 0.77265625 0.4027777777777778 0.0140625 0.05277777777777778
0 0.64140625 0.5993055555555555 0.028125 0.08194444444444444
0 0.705078125 0.5326388888888889 0.03203125 0.07916666666666666
0 0.7234375 0.5472222222222223 0.021875 0.06944444444444445
0 0.8546875 0.39791666666666664 0.0140625 0.0625
0 0.642578125 0.5326388888888889 0.02109375 0.059722222222222225
0 0.81484375 0.4013888888888889 0.0140625 0.058333333333333334
1 0.79765625 0.89375 0.125 0.2125
1 0.4703125 0.48194444444444445 0.059375 0.075
1 0.62890625 0.49027777777777776 0.0453125 0.07777777777777778
1 0.572265625 0.38958333333333334 0.03984375 0.059722222222222225
1 0.676171875 0.4597222222222222 0.03984375 0.06944444444444445
1 0.629296875 0.3763888888888889 0.03828125 0.058333333333333334
1 0.6203125 0.6833333333333333 0.0640625 0.06666666666666667
2 0.630078125 0.8569444444444444 0.13828125 0.2833333333333333
0 0.791015625 0.3763888888888889 0.01484375 0.04722222222222222
0 0.8328125 0.36527777777777776 0.0140625 0.04722222222222222
0 0.737109375 0.35 0.01328125 0.04722222222222222
0 0.754296875 0.3472222222222222 0.01328125 0.03888888888888889
