4 0.077734375 0.4027777777777778 0.06328125 0.06979166666666667
4 0.333203125 0.32083333333333336 0.0291015625 0.09166666666666666
4 0.36484375 0.3625 0.0263671875 0.09409722222222222
4 0.643359375 0.33125 0.03125 0.07777777777777778
4 0.637109375 0.24305555555555555 0.0244140625 0.08298611111111111
4 0.5375 0.2673611111111111 0.025390625 0.07361111111111111
4 0.38125 0.2701388888888889 0.025 0.07083333333333333
4 0.357421875 0.24305555555555555 0.02265625 0.06909722222222223
4 0.820703125 0.48541666666666666 0.0537109375 0.12777777777777777
4 0.4140625 0.24097222222222223 0.021875 0.06770833333333333
4 0.36953125 0.18680555555555556 0.0154296875 0.04722222222222222
