0 0.348828125 0.2513888888888889 0.01953125 0.06388888888888888
0 0.382421875 0.21805555555555556 0.01796875 0.06111111111111111
0 0.34375 0.20833333333333334 0.0125 0.03611111111111111
0 0.437890625 0.26319444444444445 0.02578125 0.06805555555555555
0 0.47421875 0.2048611111111111 0.0171875 0.043055555555555555
0 0.904296875 0.76875 0.06796875 0.19027777777777777
0 0.65546875 0.25277777777777777 0.015625 0.06388888888888888
0 0.597265625 0.18125 0.01015625 0.04583333333333333
0 0.621484375 0.18472222222222223 0.01015625 0.05
1 0.416796875 0.15833333333333333 0.04765625 0.05
3 0.571875 0.14722222222222223 0.0390625 0.08055555555555556
3 0.46484375 0.1625 0.0453125 0.06666666666666667
