0 0.33984375 0.8534722222222222 0.05625 0.1486111111111111
0 0.29296875 0.7951388888888888 0.05 0.1375
0 0.8328125 0.4388888888888889 0.0171875 0.058333333333333334
0 0.5953125 0.6743055555555556 0.040625 0.1125
0 0.494140625 0.7618055555555555 0.03984375 0.12083333333333333
0 0.715234375 0.5784722222222223 0.03203125 0.08472222222222223
0 0.435546875 0.85 0.05546875 0.1527777777777778
0 0.767578125 0.4083333333333333 0.02109375 0.05277777777777778
0 0.48828125 0.6013888888888889 0.0375 0.09444444444444444
0 0.740625 0.4597222222222222 0.0203125 0.04722222222222222
0 0.7140625 0.46111111111111114 0.0171875 0.075
0 0.67265625 0.5694444444444444 0.0265625 0.08888888888888889
0 0.470703125 0.6611111111111111 0.04140625 0.11388888888888889
0 0.61171875 0.5645833333333333 0.034375 0.09027777777777778
0 0.87578125 0.46458333333333335 0.015625 0.05138888888888889
0 0.526171875 0.6208333333333333 0.03984375 0.10555555555555556
0 0.79140625 0.4618055555555556 0.025 0.059722222222222225
0 0.7765625 0.45416666666666666 0.025 0.06111111111111111
0 0.8171875 0.40902777777777777 0.01875 0.05138888888888889
0 0.505078125 0.6868055555555556 0.04140625 0.10416666666666667
0 0.7921875 0.4097222222222222 0.01875 0.05
0 0.86640625 0.40902777777777777 0.0140625 0.05138888888888889
0 0.77734375 0.5756944444444444 0.040625 0.09305555555555556
0 0.59609375 0.6034722222222222 0.0328125 0.08472222222222223
1 0.16796875 0.75625 0.1515625 0.1625
2 0.761328125 0.5319444444444444 0.07890625 0.10833333333333334
1 0.685546875 0.39166666666666666 0.02890625 0.05277777777777778
2 0.276171875 0.5534722222222223 0.17734375 0.18472222222222223
2 0.652734375 0.33819444444444446 0.03984375 0.07083333333333333
