0 0.14453125 0.6291666666666667 0.053125 0.16666666666666666
0 0.925 0.7263888888888889 0.0546875 0.17222222222222222
0 0.65078125 0.21319444444444444 0.015625 0.05694444444444444
0 0.37265625 0.22847222222222222 0.0203125 0.0625
0 0.63046875 0.25555555555555554 0.01875 0.06666666666666667
0 0.6203125 0.175 0.0140625 0.044444444444444446
0 0.58125 0.18194444444444444 0.0140625 0.05
0 0.544140625 0.1951388888888889 0.01484375 0.05138888888888889
0 0.518359375 0.16944444444444445 0.01484375 0.044444444444444446
0 0.541796875 0.30625 0.02109375 0.07361111111111111
1 0.571484375 0.3625 0.06484375 0.10833333333333334
3 0.5625 0.25625 0.05625 0.10138888888888889
