7 0.59765625 0.2861111111111111 0.040625 0.08888888888888889
5 0.540234375 0.4486111111111111 0.0599609375 0.12430555555555556
5 0.619921875 0.8305555555555556 0.1921875 0.30833333333333335
5 0.583984375 0.35694444444444445 0.0537109375 0.08888888888888889
5 0.67109375 0.2520833333333333 0.0330078125 0.043055555555555555
4 0.209375 0.3034722222222222 0.0232421875 0.05555555555555555
4 0.746875 0.4305555555555556 0.0298828125 0.06944444444444445
4 0.72578125 0.3625 0.0251953125 0.0642361111111111
6 0.793359375 0.7097222222222223 0.18671875 0.35520833333333335
4 0.208984375 0.35347222222222224 0.0265625 0.08159722222222222
