3 0.616015625 0.5597222222222222 0.22265625 0.6305555555555555
3 0.26953125 0.22708333333333333 0.109375 0.14305555555555555
2 0.61640625 0.23541666666666666 0.0546875 0.07916666666666666
2 0.68828125 0.20555555555555555 0.0875 0.06388888888888888
3 0.582421875 0.2048611111111111 0.06171875 0.04861111111111111
0 0.159375 0.3145833333333333 0.0171875 0.06527777777777778
0 0.383984375 0.22152777777777777 0.01484375 0.043055555555555555
3 0.13828125 0.21736111111111112 0.0421875 0.07083333333333333
3 0.071875 0.7930555555555555 0.14375 0.39444444444444443
3 0.67734375 0.24166666666666667 0.053125 0.07222222222222222
