0 0.251953125 0.5875 0.04140625 0.175
0 0.23203125 0.4597222222222222 0.028125 0.11944444444444445
0 0.1359375 0.6416666666666667 0.040625 0.16944444444444445
0 0.613671875 0.2923611111111111 0.01328125 0.07083333333333333
0 0.334375 0.29375 0.0171875 0.0763888888888889
0 0.646484375 0.2791666666666667 0.01171875 0.06666666666666667
0 0.40390625 0.21458333333333332 0.0125 0.04027777777777778
0 0.424609375 0.20208333333333334 0.01171875 0.0375
0 0.60390625 0.24027777777777778 0.0125 0.06388888888888888
1 0.634765625 0.40625 0.06640625 0.10138888888888889
0 0.22109375 0.32013888888888886 0.021875 0.06805555555555555
3 0.52421875 0.17083333333333334 0.028125 0.06388888888888888
