5 0.42734375 0.40069444444444446 0.0703125 0.14548611111111112
4 0.738671875 0.38958333333333334 0.04296875 0.10729166666666666
4 0.3046875 0.5659722222222222 0.0576171875 0.1597222222222222
4 0.2265625 0.6083333333333333 0.0669921875 0.178125
4 0.15 0.5611111111111111 0.055859375 0.13958333333333334
4 0.093359375 0.8361111111111111 0.075 0.24409722222222222
4 0.251953125 0.4701388888888889 0.034375 0.09340277777777778
4 0.26640625 0.40069444444444446 0.0220703125 0.0625
4 0.2515625 0.36180555555555555 0.0236328125 0.043402777777777776
4 0.305078125 0.4173611111111111 0.03203125 0.10729166666666666
4 0.3265625 0.4361111111111111 0.033984375 0.09479166666666666
4 0.334375 0.3736111111111111 0.0283203125 0.06701388888888889
4 0.38359375 0.36319444444444443 0.030078125 0.08506944444444445
4 0.369140625 0.275 0.0171875 0.07291666666666667
4 0.403515625 0.24513888888888888 0.02109375 0.07881944444444444
4 0.31640625 0.28541666666666665 0.0158203125 0.05138888888888889
4 0.08203125 0.40625 0.0701171875 0.11006944444444444
4 0.106640625 0.7 0.07890625 0.18020833333333333
4 0.362890625 0.2534722222222222 0.0119140625 0.0625
4 0.328515625 0.33055555555555555 0.021875 0.06909722222222223
