0 0.050390625 0.4909722222222222 0.04453125 0.12638888888888888
0 0.316796875 0.21597222222222223 0.02109375 0.04027777777777778
0 0.485546875 0.2375 0.02265625 0.03888888888888889
0 0.1640625 0.26666666666666666 0.015625 0.05555555555555555
0 0.176171875 0.25625 0.01796875 0.05138888888888889
0 0.8546875 0.5340277777777778 0.040625 0.10972222222222222
0 0.959375 0.64375 0.059375 0.14583333333333334
3 0.638671875 0.6930555555555555 0.27734375 0.575
3 0.698046875 0.4534722222222222 0.17421875 0.31805555555555554
3 0.633203125 0.22847222222222222 0.07734375 0.12083333333333333
3 0.6515625 0.20208333333333334 0.1234375 0.09861111111111111
3 0.54609375 0.32013888888888886 0.0921875 0.25416666666666665
3 0.425390625 0.21180555555555555 0.07421875 0.09305555555555556
3 0.6484375 0.19305555555555556 0.1265625 0.08333333333333333
0 0.236328125 0.20625 0.01953125 0.043055555555555555
0 0.137109375 0.1986111111111111 0.00859375 0.03611111111111111
