0 0.715625 0.4395833333333333 0.0265625 0.10416666666666667
0 0.204296875 0.4548611111111111 0.05234375 0.10416666666666667
0 0.86796875 0.9208333333333333 0.05625 0.1388888888888889
0 0.274609375 0.35555555555555557 0.02734375 0.08333333333333333
0 0.667578125 0.3 0.02109375 0.08333333333333333
0 0.676171875 0.34930555555555554 0.02265625 0.09583333333333334
0 0.3375 0.3145833333333333 0.021875 0.0763888888888889
0 0.6 0.24583333333333332 0.0171875 0.06944444444444445
0 0.723046875 0.36944444444444446 0.02890625 0.09166666666666666
0 0.301953125 0.2986111111111111 0.01953125 0.07222222222222222
0 0.558203125 0.18333333333333332 0.01328125 0.05277777777777778
0 0.417578125 0.2875 0.01640625 0.06944444444444445
0 0.588671875 0.2 0.01171875 0.05
0 0.393359375 0.2986111111111111 0.02109375 0.06388888888888888
0 0.37734375 0.29930555555555555 0.0234375 0.07083333333333333
1 0.3578125 0.4111111111111111 0.128125 0.08611111111111111
1 0.527734375 0.23194444444444445 0.03203125 0.06111111111111111
2 0.4 0.21041666666666667 0.0390625 0.07083333333333333
3 0.462109375 0.25555555555555554 0.04296875 0.11666666666666667
