0 0.213671875 0.6152777777777778 0.07890625 0.12222222222222222
0 0.502734375 0.5888888888888889 0.08203125 0.12777777777777777
0 0.55 0.2590277777777778 0.0171875 0.07361111111111111
0 0.611328125 0.41180555555555554 0.02421875 0.10138888888888889
0 0.10625 0.5756944444444444 0.078125 0.12083333333333333
0 0.767578125 0.5895833333333333 0.07265625 0.12083333333333333
0 0.4078125 0.42291666666666666 0.0546875 0.09305555555555556
0 0.675390625 0.3548611111111111 0.02265625 0.09861111111111111
0 0.69765625 0.5291666666666667 0.059375 0.10555555555555556
0 0.862890625 0.5736111111111111 0.05703125 0.1111111111111111
0 0.481640625 0.4201388888888889 0.05390625 0.09027777777777778
0 0.15 0.5180555555555556 0.059375 0.10277777777777777
0 0.290625 0.40625 0.046875 0.09027777777777778
0 0.751953125 0.4215277777777778 0.04296875 0.09027777777777778
0 0.4171875 0.28402777777777777 0.0203125 0.06805555555555555
0 0.526171875 0.5215277777777778 0.05546875 0.12083333333333333
0 0.52734375 0.30069444444444443 0.0171875 0.0763888888888889
0 0.916796875 0.5340277777777778 0.06171875 0.10138888888888889
0 0.52578125 0.4618055555555556 0.034375 0.10416666666666667
0 0.354296875 0.4326388888888889 0.05703125 0.08472222222222223
0 0.323046875 0.5625 0.07890625 0.11944444444444445
0 0.87109375 0.46597222222222223 0.0640625 0.09861111111111111
0 0.34765625 0.2965277777777778 0.021875 0.06805555555555555
0 0.384375 0.35208333333333336 0.0296875 0.0763888888888889
0 0.4171875 0.3423611111111111 0.025 0.07361111111111111
0 0.188671875 0.4534722222222222 0.05234375 0.10138888888888889
0 0.704296875 0.3541666666666667 0.02890625 0.08333333333333333
0 0.667578125 0.3 0.02109375 0.07777777777777778
0 0.306640625 0.2951388888888889 0.02265625 0.06805555555555555
0 0.3296875 0.2847222222222222 0.0234375 0.07222222222222222
0 0.8140625 0.4361111111111111 0.03125 0.08611111111111111
0 0.597265625 0.2569444444444444 0.03671875 0.06111111111111111
1 0.471484375 0.3541666666666667 0.06953125 0.08611111111111111
1 0.08828125 0.44722222222222224 0.1515625 0.11388888888888889
1 0.289453125 0.5243055555555556 0.17578125 0.12361111111111112
1 0.597265625 0.2569444444444444 0.03671875 0.06111111111111111
3 0.463671875 0.2548611111111111 0.04609375 0.12083333333333333
0 0.36796875 0.3909722222222222 0.03125 0.05694444444444444
0 0.794140625 0.5493055555555556 0.03671875 0.10138888888888889
0 0.760546875 0.5104166666666666 0.04140625 0.09027777777777778
