7 0.712109375 0.5659722222222222 0.1681640625 0.3315972222222222
5 0.59453125 0.7166666666666667 0.141796875 0.22743055555555555
5 0.5296875 0.40347222222222223 0.0564453125 0.09722222222222222
5 0.60625 0.3659722222222222 0.0580078125 0.09826388888888889
5 0.5203125 0.3111111111111111 0.044140625 0.08402777777777778
5 0.5734375 0.2548611111111111 0.040625 0.042708333333333334
5 0.6078125 0.23125 0.0453125 0.05138888888888889
5 0.698828125 0.21875 0.0306640625 0.030555555555555555
4 0.75234375 0.41944444444444445 0.0248046875 0.08854166666666667
4 0.68828125 0.31666666666666665 0.0171875 0.06388888888888888
