0 0.16328125 0.9194444444444444 0.0640625 0.16111111111111112
0 0.281640625 0.6006944444444444 0.02890625 0.14027777777777778
0 0.351171875 0.5777777777777777 0.03203125 0.14166666666666666
0 0.465234375 0.56875 0.02734375 0.13194444444444445
0 0.520703125 0.5409722222222222 0.02421875 0.12361111111111112
0 0.384765625 0.44375 0.01953125 0.09861111111111111
0 0.483203125 0.45694444444444443 0.02265625 0.10277777777777777
0 0.540234375 0.41875 0.02109375 0.10138888888888889
0 0.47265625 0.38958333333333334 0.0171875 0.08194444444444444
0 0.522265625 0.38055555555555554 0.01484375 0.07777777777777778
0 0.437109375 0.3333333333333333 0.01953125 0.06666666666666667
0 0.405078125 0.36180555555555555 0.01796875 0.07083333333333333
0 0.4890625 0.33819444444444446 0.0140625 0.0763888888888889
