0 0.184375 0.30972222222222223 0.0203125 0.06666666666666667
3 0.287109375 0.45555555555555555 0.13984375 0.4861111111111111
1 0.54296875 0.5333333333333333 0.090625 0.16666666666666666
1 0.630078125 0.41180555555555554 0.06484375 0.1125
1 0.59375 0.3263888888888889 0.04375 0.07777777777777778
2 0.5203125 0.32916666666666666 0.0484375 0.10277777777777777
3 0.40546875 0.20902777777777778 0.0765625 0.0763888888888889
1 0.259765625 0.20277777777777778 0.04765625 0.03888888888888889
1 0.6671875 0.2590277777777778 0.0390625 0.04861111111111111
1 0.701953125 0.24583333333333332 0.03359375 0.03888888888888889
1 0.614453125 0.2777777777777778 0.03671875 0.05555555555555555
1 0.5796875 0.25972222222222224 0.0359375 0.04722222222222222
2 0.780078125 0.6236111111111111 0.24609375 0.4527777777777778
