1 0.250390625 0.6805555555555556 0.14296875 0.14444444444444443
2 0.36953125 0.5298611111111111 0.1265625 0.10416666666666667
1 0.72421875 0.4395833333333333 0.065625 0.07916666666666666
1 0.69765625 0.37430555555555556 0.03125 0.07916666666666666
1 0.66171875 0.33541666666666664 0.034375 0.059722222222222225
1 0.634765625 0.31666666666666665 0.03515625 0.058333333333333334
0 0.55234375 0.5333333333333333 0.04375 0.13055555555555556
0 0.35 0.7909722222222222 0.046875 0.16805555555555557
0 0.59921875 0.7951388888888888 0.046875 0.10972222222222222
0 0.70625 0.6638888888888889 0.034375 0.10555555555555556
0 0.72109375 0.7298611111111111 0.0390625 0.12638888888888888
0 0.758984375 0.7784722222222222 0.04765625 0.1625
0 0.738671875 0.5263888888888889 0.02734375 0.08611111111111111
0 0.707421875 0.5256944444444445 0.02734375 0.08194444444444444
0 0.783984375 0.5347222222222222 0.03671875 0.08888888888888889
0 0.8125 0.5631944444444444 0.0359375 0.09861111111111111
0 0.81484375 0.49722222222222223 0.0296875 0.05555555555555555
0 0.841015625 0.5166666666666667 0.02265625 0.07777777777777778
0 0.8265625 0.4305555555555556 0.021875 0.06388888888888888
0 0.8921875 0.44583333333333336 0.028125 0.05555555555555555
2 0.637109375 0.5673611111111111 0.08828125 0.2847222222222222
0 0.791015625 0.3888888888888889 0.02578125 0.06111111111111111
