4 0.666796875 0.48194444444444445 0.04921875 0.13333333333333333
4 0.69765625 0.37083333333333335 0.041796875 0.10277777777777777
4 0.813671875 0.5361111111111111 0.0552734375 0.13055555555555556
4 0.9140625 0.6055555555555555 0.0578125 0.15243055555555557
4 0.05390625 0.6090277777777777 0.084375 0.140625
4 0.085546875 0.4013888888888889 0.0650390625 0.08645833333333333
4 0.638671875 0.31875 0.025 0.07118055555555555
4 0.65546875 0.2263888888888889 0.015625 0.05590277777777778
4 0.640625 0.225 0.0169921875 0.05486111111111111
4 0.59375 0.22013888888888888 0.016015625 0.059722222222222225
