0 0.269140625 0.8527777777777777 0.05078125 0.1388888888888889
0 0.5015625 0.6979166666666666 0.0359375 0.12361111111111112
0 0.6046875 0.6444444444444445 0.0328125 0.10555555555555556
0 0.58046875 0.5451388888888888 0.0265625 0.07916666666666666
0 0.629296875 0.5715277777777777 0.03046875 0.0875
0 0.862109375 0.5069444444444444 0.02734375 0.07222222222222222
0 0.815234375 0.4888888888888889 0.02421875 0.06666666666666667
0 0.713671875 0.5159722222222223 0.02734375 0.07361111111111111
0 0.6609375 0.46111111111111114 0.025 0.06666666666666667
0 0.759375 0.5597222222222222 0.0265625 0.07222222222222222
0 0.704296875 0.46458333333333335 0.02109375 0.05694444444444444
0 0.798828125 0.45 0.01796875 0.05277777777777778
0 0.73828125 0.48055555555555557 0.021875 0.06388888888888888
0 0.7296875 0.4388888888888889 0.01875 0.05277777777777778
0 0.822265625 0.4340277777777778 0.01953125 0.05416666666666667
0 0.60234375 0.5159722222222223 0.0234375 0.06805555555555555
0 0.7046875 0.4076388888888889 0.01875 0.05138888888888889
0 0.754296875 0.4465277777777778 0.01796875 0.05416666666666667
0 0.753125 0.39166666666666666 0.01875 0.05
0 0.841015625 0.4173611111111111 0.02109375 0.05416666666666667
0 0.7703125 0.5013888888888889 0.025 0.06388888888888888
0 0.728515625 0.38125 0.01640625 0.04027777777777778
0 0.782421875 0.41041666666666665 0.01953125 0.05416666666666667
0 0.7203125 0.40625 0.0171875 0.04861111111111111
0 0.8515625 0.3770833333333333 0.0140625 0.043055555555555555
0 0.804296875 0.4048611111111111 0.01328125 0.04583333333333333
1 0.824609375 0.6333333333333333 0.20078125 0.1527777777777778
1 0.4078125 0.51875 0.075 0.08472222222222223
1 0.589453125 0.40625 0.03984375 0.059722222222222225
1 0.5359375 0.47291666666666665 0.059375 0.07361111111111111
1 0.6296875 0.3798611111111111 0.0375 0.05416666666666667
1 0.673828125 0.34930555555555554 0.02890625 0.04583333333333333
1 0.688671875 0.3840277777777778 0.03359375 0.05138888888888889
1 0.60546875 0.3625 0.0265625 0.041666666666666664
1 0.627734375 0.32430555555555557 0.02421875 0.0375
