0 0.274609375 0.9243055555555556 0.06484375 0.15138888888888888
0 0.462890625 0.8555555555555555 0.04765625 0.15833333333333333
0 0.478125 0.7493055555555556 0.0375 0.12638888888888888
0 0.582421875 0.6333333333333333 0.02734375 0.10555555555555556
0 0.7046875 0.7506944444444444 0.034375 0.13472222222222222
0 0.6140625 0.9368055555555556 0.046875 0.12638888888888888
0 0.797265625 0.7083333333333334 0.02890625 0.12222222222222222
0 0.6640625 0.6659722222222222 0.0234375 0.11527777777777778
0 0.717578125 0.6493055555555556 0.02421875 0.10138888888888889
0 0.678125 0.6027777777777777 0.021875 0.08055555555555556
0 0.636328125 0.5645833333333333 0.02265625 0.0875
0 0.61640625 0.5194444444444445 0.01875 0.07222222222222222
0 0.65859375 0.4597222222222222 0.015625 0.058333333333333334
0 0.67109375 0.4979166666666667 0.01875 0.06805555555555555
0 0.692578125 0.5145833333333333 0.02265625 0.07083333333333333
0 0.695703125 0.45416666666666666 0.01484375 0.044444444444444446
0 0.7078125 0.4826388888888889 0.0140625 0.07083333333333333
0 0.730859375 0.4951388888888889 0.02109375 0.0763888888888889
0 0.773828125 0.49236111111111114 0.01640625 0.07361111111111111
0 0.828515625 0.4666666666666667 0.01640625 0.06944444444444445
0 0.858203125 0.4395833333333333 0.01328125 0.05416666666666667
0 0.83203125 0.3993055555555556 0.0125 0.04583333333333333
0 0.773046875 0.4340277777777778 0.01796875 0.05416666666666667
0 0.804296875 0.36666666666666664 0.01171875 0.041666666666666664
0 0.7859375 0.3527777777777778 0.009375 0.04722222222222222
0 0.772265625 0.3472222222222222 0.00859375 0.03888888888888889
2 0.63984375 0.35 0.0484375 0.09444444444444444
1 0.253515625 0.7 0.12578125 0.13055555555555556
1 0.459765625 0.54375 0.08359375 0.09861111111111111
1 0.570703125 0.4097222222222222 0.03984375 0.04722222222222222
1 0.70546875 0.33958333333333335 0.0234375 0.04861111111111111
1 0.719140625 0.39375 0.03515625 0.05416666666666667
