3 0.55078125 0.38680555555555557 0.1078125 0.2652777777777778
2 0.68203125 0.7729166666666667 0.2609375 0.45416666666666666
1 0.8484375 0.8215277777777777 0.1875 0.24305555555555555
1 0.681640625 0.5104166666666666 0.09765625 0.13472222222222222
1 0.3140625 0.21597222222222223 0.0546875 0.04861111111111111
3 0.61953125 0.2013888888888889 0.128125 0.08055555555555556
1 0.67578125 0.2548611111111111 0.040625 0.043055555555555555
0 0.1328125 0.3909722222222222 0.0234375 0.07916666666666666
0 0.18515625 0.25763888888888886 0.0140625 0.04861111111111111
0 0.448046875 0.2298611111111111 0.01953125 0.034722222222222224
3 0.508984375 0.2125 0.06484375 0.06388888888888888
