0 0.457421875 0.8798611111111111 0.05546875 0.15138888888888888
0 0.698828125 0.9069444444444444 0.05703125 0.13055555555555556
0 0.651171875 0.46319444444444446 0.02265625 0.0625
0 0.682421875 0.37777777777777777 0.01953125 0.05277777777777778
0 0.541015625 0.7868055555555555 0.04296875 0.12638888888888888
0 0.760546875 0.50625 0.02734375 0.07083333333333333
0 0.807421875 0.6020833333333333 0.03515625 0.09583333333333334
0 0.728515625 0.7381944444444445 0.03828125 0.11527777777777778
0 0.68984375 0.5354166666666667 0.028125 0.0763888888888889
0 0.59765625 0.6444444444444445 0.034375 0.09444444444444444
0 0.533203125 0.5229166666666667 0.03046875 0.07916666666666666
0 0.667578125 0.5020833333333333 0.02734375 0.07361111111111111
0 0.61796875 0.7305555555555555 0.0375 0.11388888888888889
0 0.85390625 0.43819444444444444 0.0234375 0.0625
0 0.776171875 0.6465277777777778 0.03515625 0.10416666666666667
0 0.80625 0.45 0.0234375 0.06388888888888888
0 0.667578125 0.6152777777777778 0.03515625 0.09722222222222222
0 0.8765625 0.4215277777777778 0.0234375 0.0625
0 0.837109375 0.5034722222222222 0.03046875 0.07361111111111111
0 0.746875 0.4618055555555556 0.021875 0.0625
0 0.77421875 0.45 0.021875 0.06111111111111111
0 0.46484375 0.6715277777777777 0.034375 0.1125
0 0.73359375 0.43333333333333335 0.0125 0.058333333333333334
1 0.298828125 0.6729166666666667 0.11328125 0.12916666666666668
1 0.524609375 0.43680555555555556 0.05703125 0.06805555555555555
1 0.649609375 0.3659722222222222 0.03515625 0.05694444444444444
1 0.60234375 0.4097222222222222 0.04375 0.06111111111111111
1 0.6046875 0.35625 0.0328125 0.04583333333333333
1 0.62890625 0.325 0.0234375 0.03611111111111111
2 0.437109375 0.50625 0.08515625 0.10416666666666667
