0 0.121484375 0.8527777777777777 0.06171875 0.1638888888888889
0 0.690234375 0.43819444444444444 0.01953125 0.0625
0 0.86953125 0.6444444444444445 0.0359375 0.1111111111111111
0 0.77109375 0.4791666666666667 0.0203125 0.06944444444444445
0 0.1609375 0.9076388888888889 0.06875 0.15694444444444444
0 0.724609375 0.4375 0.01953125 0.06388888888888888
0 0.32578125 0.8402777777777778 0.0546875 0.15555555555555556
0 0.857421875 0.5333333333333333 0.02578125 0.08333333333333333
0 0.74609375 0.6444444444444445 0.0328125 0.1111111111111111
0 0.407421875 0.7993055555555556 0.05078125 0.1597222222222222
0 0.814453125 0.6020833333333333 0.02421875 0.0875
0 0.360546875 0.6340277777777777 0.03984375 0.11805555555555555
0 0.86328125 0.4583333333333333 0.015625 0.06111111111111111
0 0.706640625 0.5034722222222222 0.02421875 0.07083333333333333
0 0.56640625 0.7819444444444444 0.0375 0.1388888888888889
0 0.51015625 0.85625 0.05 0.16805555555555557
0 0.8390625 0.8097222222222222 0.0421875 0.1361111111111111
0 0.78984375 0.5486111111111112 0.025 0.08055555555555556
0 0.673046875 0.5354166666666667 0.02578125 0.0875
0 0.473046875 0.5930555555555556 0.03359375 0.10277777777777777
0 0.740625 0.5159722222222223 0.021875 0.07361111111111111
0 0.68828125 0.7180555555555556 0.0328125 0.10277777777777777
0 0.883984375 0.7826388888888889 0.04296875 0.1486111111111111
0 0.62890625 0.7701388888888889 0.0375 0.14027777777777778
0 0.620703125 0.8701388888888889 0.03828125 0.1597222222222222
0 0.805078125 0.4625 0.02109375 0.06666666666666667
0 0.828515625 0.4534722222222222 0.02265625 0.07083333333333333
0 0.702734375 0.6381944444444444 0.01953125 0.09027777777777778
0 0.639453125 0.5645833333333333 0.02734375 0.09305555555555556
0 0.667578125 0.6611111111111111 0.03203125 0.11666666666666667
0 0.60390625 0.5993055555555555 0.028125 0.09583333333333334
0 0.568359375 0.575 0.03046875 0.09444444444444444
0 0.512109375 0.75625 0.03515625 0.1125
0 0.27734375 0.9381944444444444 0.0609375 0.1125
0 0.7140625 0.55625 0.0203125 0.07083333333333333
0 0.76953125 0.425 0.01875 0.05555555555555555
0 0.751171875 0.5763888888888888 0.02734375 0.08055555555555556
0 0.667578125 0.46319444444444446 0.01796875 0.0625
0 0.829296875 0.5590277777777778 0.02421875 0.07916666666666666
0 0.7953125 0.6423611111111112 0.03125 0.10416666666666667
0 0.597265625 0.5347222222222222 0.02578125 0.08055555555555556
0 0.848046875 0.9083333333333333 0.04765625 0.15833333333333333
0 0.732421875 0.38472222222222224 0.01640625 0.05277777777777778
0 0.755078125 0.39166666666666666 0.01640625 0.05277777777777778
0 0.709375 0.38333333333333336 0.0171875 0.05
0 0.787109375 0.49236111111111114 0.02109375 0.06527777777777778
0 0.87109375 0.4354166666666667 0.0140625 0.059722222222222225
0 0.504296875 0.5895833333333333 0.02734375 0.0875
0 0.69296875 0.5909722222222222 0.0234375 0.08194444444444444
0 0.7171875 0.4125 0.015625 0.05
1 0.73671875 0.8659722222222223 0.1203125 0.2125
1 0.237109375 0.6194444444444445 0.10703125 0.13055555555555556
1 0.589453125 0.36944444444444446 0.03515625 0.05555555555555555
1 0.64140625 0.4375 0.046875 0.07222222222222222
1 0.402734375 0.5208333333333334 0.06640625 0.08333333333333333
1 0.67421875 0.38055555555555554 0.0296875 0.05277777777777778
1 0.51796875 0.6819444444444445 0.0859375 0.14166666666666666
1 0.64453125 0.34791666666666665 0.0265625 0.04583333333333333
1 0.65078125 0.5041666666666667 0.034375 0.07222222222222222
1 0.62734375 0.3145833333333333 0.0234375 0.04027777777777778
2 0.540234375 0.43819444444444444 0.07265625 0.12638888888888888
