7 0.64140625 0.39861111111111114 0.1 0.19756944444444444
6 0.787890625 0.6763888888888889 0.20625 0.33576388888888886
4 0.158203125 0.3402777777777778 0.02265625 0.07743055555555556
4 0.271484375 0.20208333333333334 0.0203125 0.02638888888888889
4 0.317578125 0.2076388888888889 0.0244140625 0.03888888888888889
4 0.4171875 0.21875 0.024609375 0.03611111111111111
4 0.4609375 0.2222222222222222 0.0220703125 0.044444444444444446
4 0.5625 0.22430555555555556 0.021484375 0.03611111111111111
4 0.580859375 0.22777777777777777 0.02265625 0.041666666666666664
6 0.70234375 0.23125 0.0390625 0.05381944444444445
7 0.608203125 0.29444444444444445 0.0556640625 0.10833333333333334
4 0.812109375 0.47291666666666665 0.0337890625 0.08715277777777777
