1 0.22890625 0.4534722222222222 0.08125 0.14027777777777778
0 0.1625 0.3909722222222222 0.0359375 0.09305555555555556
0 0.95 0.6479166666666667 0.0515625 0.14305555555555555
3 0.577734375 0.47152777777777777 0.17265625 0.4486111111111111
1 0.623828125 0.2465277777777778 0.04453125 0.04583333333333333
3 0.284765625 0.24305555555555555 0.05703125 0.13333333333333333
3 0.194921875 0.17847222222222223 0.10234375 0.10138888888888889
3 0.71484375 0.1909722222222222 0.1 0.09861111111111111
0 0.51640625 0.22916666666666666 0.0265625 0.041666666666666664
1 0.32578125 0.21319444444444444 0.0375 0.043055555555555555
0 0.716015625 0.3159722222222222 0.01484375 0.05416666666666667
