1 0.274609375 0.35 0.06640625 0.09444444444444444
0 0.33125 0.25833333333333336 0.0390625 0.05
0 0.36328125 0.22083333333333333 0.0453125 0.058333333333333334
0 0.4765625 0.2326388888888889 0.0296875 0.04027777777777778
0 0.546484375 0.22916666666666666 0.03203125 0.03888888888888889
0 0.651953125 0.25416666666666665 0.02109375 0.044444444444444446
3 0.824609375 0.5958333333333333 0.35078125 0.525
3 0.6375 0.21805555555555556 0.0625 0.075
3 0.135546875 0.1736111111111111 0.05390625 0.08333333333333333
3 0.824609375 0.6 0.35078125 0.525
2 0.6109375 0.3104166666666667 0.0578125 0.12638888888888888
2 0.52578125 0.29305555555555557 0.046875 0.09722222222222222
