0 0.459375 0.675 0.03125 0.1527777777777778
0 0.551953125 0.8979166666666667 0.04609375 0.2013888888888889
0 0.323046875 0.5993055555555555 0.03359375 0.15138888888888888
0 0.239453125 0.7069444444444445 0.03671875 0.175
0 0.469921875 0.3902777777777778 0.03046875 0.08333333333333333
0 0.511328125 0.39444444444444443 0.02109375 0.08888888888888889
0 0.532421875 0.35208333333333336 0.01796875 0.08194444444444444
0 0.3984375 0.34375 0.021875 0.08194444444444444
0 0.448828125 0.27152777777777776 0.01484375 0.059722222222222225
0 0.51953125 0.27361111111111114 0.0140625 0.05555555555555555
