0 0.357421875 0.825 0.04765625 0.1638888888888889
0 0.403125 0.7375 0.04375 0.13055555555555556
0 0.43515625 0.6972222222222222 0.0390625 0.10833333333333334
0 0.493359375 0.725 0.04921875 0.12222222222222222
0 0.544140625 0.5875 0.02421875 0.1
0 0.628125 0.7701388888888889 0.0359375 0.14027777777777778
0 0.724609375 0.9159722222222222 0.05703125 0.16805555555555557
0 0.7921875 0.925 0.0421875 0.15
0 0.834765625 0.8645833333333334 0.03203125 0.15416666666666667
0 0.833203125 0.7409722222222223 0.03046875 0.12083333333333333
0 0.762890625 0.7354166666666667 0.03359375 0.12638888888888888
0 0.6421875 0.68125 0.028125 0.09861111111111111
0 0.675390625 0.6847222222222222 0.03046875 0.1111111111111111
0 0.73125 0.6631944444444444 0.0296875 0.10694444444444444
0 0.781640625 0.6319444444444444 0.02734375 0.1
0 0.81875 0.64375 0.03125 0.07916666666666666
0 0.825 0.5923611111111111 0.025 0.0763888888888889
0 0.83203125 0.46458333333333335 0.015625 0.0625
0 0.80703125 0.45 0.0171875 0.06666666666666667
0 0.76953125 0.4576388888888889 0.015625 0.0625
0 0.761328125 0.48680555555555555 0.00234375 0.004166666666666667
0 0.680859375 0.44583333333333336 0.01796875 0.06666666666666667
0 0.72265625 0.41944444444444445 0.0109375 0.058333333333333334
0 0.776171875 0.3888888888888889 0.01640625 0.05
0 0.753125 0.3645833333333333 0.0140625 0.04027777777777778
0 0.741796875 0.38958333333333334 0.01171875 0.034722222222222224
0 0.815625 0.3541666666666667 0.009375 0.030555555555555555
0 0.83515625 0.35694444444444445 0.0109375 0.041666666666666664
0 0.79921875 0.3486111111111111 0.0140625 0.03888888888888889
1 0.403515625 0.5916666666666667 0.08984375 0.08611111111111111
1 0.39296875 0.5291666666666667 0.078125 0.06388888888888888
1 0.612890625 0.6284722222222222 0.08046875 0.12361111111111112
1 0.688671875 0.5625 0.06171875 0.08333333333333333
1 0.604296875 0.5236111111111111 0.06328125 0.09166666666666666
1 0.62734375 0.3972222222222222 0.0359375 0.05
1 0.61484375 0.35625 0.0234375 0.034722222222222224
1 0.66484375 0.3527777777777778 0.025 0.03888888888888889
1 0.633984375 0.32569444444444445 0.02265625 0.029166666666666667
1 0.640234375 0.29375 0.01640625 0.02638888888888889
1 0.66640625 0.30069444444444443 0.0171875 0.034722222222222224
1 0.697265625 0.28125 0.01953125 0.02638888888888889
