0 0.4078125 0.43472222222222223 0.05 0.09444444444444444
0 0.294140625 0.5993055555555555 0.07890625 0.10972222222222222
0 0.612890625 0.28680555555555554 0.01953125 0.06527777777777778
0 0.446484375 0.6319444444444444 0.07890625 0.13055555555555556
0 0.20625 0.4930555555555556 0.0765625 0.1111111111111111
0 0.5765625 0.43472222222222223 0.0609375 0.08888888888888889
0 0.325 0.28541666666666665 0.0203125 0.0763888888888889
0 0.189453125 0.6444444444444445 0.08359375 0.12777777777777777
0 0.12109375 0.45069444444444445 0.0625 0.09583333333333334
0 0.112109375 0.7006944444444444 0.09296875 0.14305555555555555
0 0.378515625 0.2861111111111111 0.02109375 0.06944444444444445
0 0.328515625 0.5326388888888889 0.03828125 0.11527777777777778
0 0.910546875 0.49166666666666664 0.07109375 0.09166666666666666
0 0.07265625 0.5722222222222222 0.05625 0.11666666666666667
0 0.353515625 0.28680555555555554 0.02109375 0.07361111111111111
0 0.419140625 0.29375 0.02109375 0.07083333333333333
0 0.77578125 0.4395833333333333 0.0578125 0.09861111111111111
0 0.128515625 0.6145833333333334 0.06015625 0.12083333333333333
0 0.01484375 0.5222222222222223 0.0296875 0.08888888888888889
0 0.578515625 0.2590277777777778 0.01953125 0.04861111111111111
0 0.08828125 0.46458333333333335 0.059375 0.0875
0 0.03515625 0.69375 0.0703125 0.12361111111111112
0 0.030859375 0.6041666666666666 0.06171875 0.09444444444444444
0 0.228515625 0.46597222222222223 0.05234375 0.1125
1 0.27734375 0.4041666666666667 0.1375 0.11388888888888889
1 0.535546875 0.3333333333333333 0.13671875 0.08888888888888889
1 0.451171875 0.2465277777777778 0.03203125 0.059722222222222225
3 0.54375 0.24097222222222223 0.0328125 0.07361111111111111
0 0.4 0.2826388888888889 0.0125 0.0625
0 0.286328125 0.5569444444444445 0.08203125 0.11388888888888889
