1 0.14609375 0.5159722222222223 0.1015625 0.18472222222222223
1 0.578515625 0.7305555555555555 0.12578125 0.25555555555555554
1 0.52734375 0.4534722222222222 0.071875 0.11805555555555555
1 0.516015625 0.3451388888888889 0.04921875 0.08194444444444444
1 0.57265625 0.29375 0.0515625 0.0625
1 0.6421875 0.2777777777777778 0.046875 0.05555555555555555
1 0.593359375 0.3576388888888889 0.04765625 0.07083333333333333
1 0.606640625 0.3194444444444444 0.04453125 0.06666666666666667
1 0.6140625 0.4340277777777778 0.06875 0.12638888888888888
2 0.7828125 0.6423611111111112 0.2421875 0.46805555555555556
2 0.68671875 0.24513888888888888 0.05 0.06527777777777778
3 0.590625 0.22916666666666666 0.0859375 0.09444444444444444
1 0.498828125 0.2298611111111111 0.05703125 0.04861111111111111
0 0.441796875 0.22152777777777777 0.02421875 0.04861111111111111
3 0.230859375 0.24166666666666667 0.08046875 0.15555555555555556
