0 0.7 0.5736111111111111 0.0734375 0.125
0 0.53359375 0.46319444444444446 0.0609375 0.10694444444444444
0 0.056640625 0.40902777777777777 0.05546875 0.09861111111111111
0 0.191015625 0.6861111111111111 0.08828125 0.14166666666666666
0 0.580859375 0.88125 0.05390625 0.19583333333333333
0 0.6375 0.5472222222222223 0.06875 0.12222222222222222
0 0.440234375 0.4527777777777778 0.04765625 0.10277777777777777
0 0.371875 0.6034722222222222 0.0828125 0.12916666666666668
0 0.144140625 0.47847222222222224 0.05703125 0.10416666666666667
0 0.30859375 0.6451388888888889 0.0703125 0.13194444444444445
0 0.316796875 0.32222222222222224 0.02265625 0.08611111111111111
0 0.266796875 0.5319444444444444 0.07421875 0.10833333333333334
0 0.387109375 0.5097222222222222 0.05390625 0.11388888888888889
0 0.9171875 0.5493055555555556 0.0703125 0.11527777777777778
0 0.487890625 0.4263888888888889 0.03359375 0.10277777777777777
0 0.18203125 0.3951388888888889 0.04375 0.09305555555555556
0 0.3171875 0.4736111111111111 0.05 0.1
0 0.28359375 0.3277777777777778 0.021875 0.08611111111111111
0 0.058203125 0.7166666666666667 0.08515625 0.14722222222222223
0 0.229296875 0.40902777777777777 0.05234375 0.09861111111111111
0 0.19765625 0.50625 0.0515625 0.10138888888888889
0 0.38515625 0.4076388888888889 0.0296875 0.09027777777777778
0 0.408203125 0.33541666666666664 0.02265625 0.07916666666666666
0 0.376953125 0.29791666666666666 0.01484375 0.0625
0 0.142578125 0.41041666666666665 0.05234375 0.08472222222222223
0 0.358203125 0.2881944444444444 0.01796875 0.05416666666666667
0 0.430078125 0.26666666666666666 0.01640625 0.06111111111111111
0 0.408203125 0.4388888888888889 0.04140625 0.09722222222222222
0 0.222265625 0.4777777777777778 0.05703125 0.09722222222222222
0 0.166796875 0.6159722222222223 0.06796875 0.12361111111111112
3 0.916796875 0.4305555555555556 0.16640625 0.17777777777777778
0 0.526953125 0.39375 0.03984375 0.06527777777777778
0 0.39453125 0.2951388888888889 0.015625 0.05694444444444444
0 0.3375 0.44027777777777777 0.0390625 0.08333333333333333
0 0.12734375 0.9541666666666667 0.10625 0.09166666666666666
