0 0.626171875 0.8833333333333333 0.05234375 0.16666666666666666
0 0.619140625 0.5034722222222222 0.02734375 0.08194444444444444
0 0.6921875 0.4201388888888889 0.021875 0.059722222222222225
0 0.55234375 0.5736111111111111 0.0328125 0.09722222222222222
0 0.721484375 0.6 0.03359375 0.1
0 0.763671875 0.4236111111111111 0.01953125 0.05555555555555555
0 0.745703125 0.5576388888888889 0.02734375 0.08194444444444444
0 0.86953125 0.4215277777777778 0.021875 0.059722222222222225
0 0.721875 0.4041666666666667 0.0203125 0.05277777777777778
0 0.645703125 0.48055555555555557 0.02421875 0.07222222222222222
0 0.745703125 0.3993055555555556 0.01796875 0.05138888888888889
0 0.833203125 0.4083333333333333 0.02109375 0.05277777777777778
0 0.330078125 0.9333333333333333 0.06796875 0.12222222222222222
0 0.578125 0.6340277777777777 0.034375 0.10972222222222222
0 0.8125 0.5590277777777778 0.0328125 0.09305555555555556
0 0.78984375 0.4097222222222222 0.01875 0.05
0 0.671875 0.4131944444444444 0.021875 0.0625
0 0.727734375 0.37083333333333335 0.01640625 0.041666666666666664
0 0.808203125 0.5173611111111112 0.02578125 0.06805555555555555
0 0.43984375 0.9652777777777778 0.04375 0.06944444444444445
0 0.809375 0.38125 0.015625 0.04861111111111111
1 0.90234375 0.6305555555555555 0.1328125 0.13333333333333333
1 0.758984375 0.4888888888888889 0.05078125 0.07222222222222222
1 0.555078125 0.4125 0.04765625 0.06944444444444445
2 0.6421875 0.3138888888888889 0.040625 0.06944444444444445
