1 0.56953125 0.5083333333333333 0.0796875 0.1638888888888889
1 0.69609375 0.5756944444444444 0.0984375 0.14027777777777778
1 0.628125 0.4166666666666667 0.0703125 0.09722222222222222
1 0.520703125 0.3763888888888889 0.06328125 0.1
1 0.523828125 0.3013888888888889 0.03984375 0.05
1 0.748828125 0.23402777777777778 0.03671875 0.04861111111111111
1 0.875390625 0.88125 0.23515625 0.2375
3 0.54296875 0.21597222222222223 0.0859375 0.07361111111111111
3 0.387109375 0.2013888888888889 0.14140625 0.08888888888888889
3 0.174609375 0.23055555555555557 0.06640625 0.08611111111111111
3 0.121875 0.18680555555555556 0.040625 0.07361111111111111
3 0.26875 0.2076388888888889 0.1109375 0.12916666666666668
2 0.61015625 0.29583333333333334 0.078125 0.16666666666666666
