0 0.14453125 0.39652777777777776 0.03125 0.09861111111111111
0 0.177734375 0.34305555555555556 0.02265625 0.075
0 0.68984375 0.3145833333333333 0.015625 0.06527777777777778
1 0.816796875 0.8201388888888889 0.19609375 0.2708333333333333
1 0.544140625 0.48333333333333334 0.08671875 0.15833333333333333
1 0.639453125 0.45902777777777776 0.07421875 0.10416666666666667
1 0.609375 0.35555555555555557 0.0546875 0.08611111111111111
1 0.51875 0.3034722222222222 0.040625 0.06527777777777778
2 0.609765625 0.2777777777777778 0.04453125 0.075
1 0.64765625 0.2423611111111111 0.0390625 0.05416666666666667
