0 0.1375 0.41180555555555554 0.0265625 0.09861111111111111
0 0.181640625 0.26319444444444445 0.01484375 0.06527777777777778
0 0.163671875 0.21458333333333332 0.01328125 0.059722222222222225
1 0.314453125 0.4125 0.05859375 0.1111111111111111
1 0.703125 0.54375 0.0984375 0.08194444444444444
1 0.601171875 0.3486111111111111 0.03671875 0.08333333333333333
2 0.5328125 0.38958333333333334 0.075 0.14305555555555555
3 0.65234375 0.40208333333333335 0.0765625 0.15694444444444444
0 0.709375 0.2951388888888889 0.0171875 0.059722222222222225
3 0.441796875 0.20625 0.09921875 0.0875
2 0.594921875 0.25972222222222224 0.08671875 0.11944444444444445
2 0.666796875 0.24791666666666667 0.06640625 0.08194444444444444
1 0.71328125 0.2465277777777778 0.034375 0.0375
3 0.666015625 0.7868055555555555 0.28203125 0.4263888888888889
