4 0.87265625 0.5861111111111111 0.0611328125 0.15486111111111112
4 0.1984375 0.6340277777777777 0.0376953125 0.15
4 0.1671875 0.4951388888888889 0.0435546875 0.10381944444444445
4 0.236328125 0.48541666666666666 0.04921875 0.13472222222222222
4 0.078125 0.4097222222222222 0.071875 0.07534722222222222
4 0.208984375 0.28402777777777777 0.04765625 0.03784722222222222
4 0.29609375 0.3034722222222222 0.0203125 0.09444444444444444
5 0.415234375 0.3486111111111111 0.05703125 0.11631944444444445
4 0.3625 0.33958333333333335 0.0310546875 0.10451388888888889
4 0.685546875 0.2875 0.0306640625 0.078125
4 0.545703125 0.28055555555555556 0.0259765625 0.07291666666666667
4 0.58046875 0.29930555555555555 0.020703125 0.06840277777777778
4 0.62265625 0.27708333333333335 0.0314453125 0.07118055555555555
7 0.450390625 0.2375 0.07265625 0.12777777777777777
4 0.337109375 0.23055555555555557 0.0197265625 0.05625
4 0.3609375 0.24583333333333332 0.015625 0.06111111111111111
4 0.394140625 0.21805555555555556 0.0166015625 0.06458333333333334
