0 0.32421875 0.78125 0.0546875 0.13194444444444445
0 0.51875 0.7680555555555556 0.046875 0.125
0 0.791796875 0.8354166666666667 0.04140625 0.13472222222222222
0 0.6046875 0.7569444444444444 0.040625 0.125
0 0.73125 0.8659722222222223 0.0421875 0.12916666666666668
0 0.564453125 0.5326388888888889 0.03046875 0.0763888888888889
0 0.6984375 0.7 0.0375 0.10833333333333334
0 0.5875 0.6173611111111111 0.034375 0.09027777777777778
0 0.658203125 0.5472222222222223 0.03359375 0.08611111111111111
0 0.48515625 0.7013888888888888 0.0390625 0.11388888888888889
0 0.70546875 0.4215277777777778 0.0234375 0.059722222222222225
0 0.822265625 0.6173611111111111 0.03203125 0.08472222222222223
0 0.824609375 0.7666666666666667 0.04140625 0.12222222222222222
0 0.71484375 0.4625 0.025 0.06666666666666667
0 0.8390625 0.40625 0.01875 0.05416666666666667
0 0.68046875 0.4215277777777778 0.025 0.059722222222222225
0 0.67578125 0.5055555555555555 0.028125 0.07222222222222222
0 0.753515625 0.4486111111111111 0.02109375 0.06111111111111111
0 0.83984375 0.5611111111111111 0.0296875 0.08055555555555556
0 0.774609375 0.6701388888888888 0.03203125 0.09027777777777778
0 0.793359375 0.5722222222222222 0.02890625 0.08333333333333333
0 0.782421875 0.4888888888888889 0.02578125 0.07222222222222222
0 0.74296875 0.7256944444444444 0.0328125 0.09305555555555556
0 0.745703125 0.5333333333333333 0.02578125 0.06666666666666667
0 0.883984375 0.4513888888888889 0.02578125 0.07222222222222222
0 0.70546875 0.9479166666666666 0.0546875 0.07916666666666666
0 0.73671875 0.49166666666666664 0.021875 0.06111111111111111
0 0.806640625 0.4888888888888889 0.02421875 0.06944444444444445
0 0.760546875 0.575 0.02734375 0.07222222222222222
0 0.78515625 0.4236111111111111 0.0171875 0.05555555555555555
0 0.74765625 0.3909722222222222 0.0203125 0.05694444444444444
0 0.821875 0.53125 0.0265625 0.07361111111111111
0 0.73046875 0.3951388888888889 0.01875 0.05416666666666667
0 0.8296875 0.43680555555555556 0.01875 0.059722222222222225
0 0.751953125 0.6284722222222222 0.02734375 0.07361111111111111
1 0.1984375 0.7284722222222222 0.1421875 0.14305555555555555
1 0.293359375 0.5902777777777778 0.10546875 0.12222222222222222
1 0.433203125 0.575 0.08046875 0.10277777777777777
1 0.441015625 0.49166666666666664 0.06953125 0.08611111111111111
1 0.533203125 0.43194444444444446 0.05546875 0.07777777777777778
1 0.6890625 0.37916666666666665 0.0328125 0.05
