0 0.095703125 0.7548611111111111 0.04921875 0.18194444444444444
0 0.659375 0.9104166666666667 0.05625 0.1625
0 0.259765625 0.9090277777777778 0.05390625 0.1763888888888889
0 0.20546875 0.8111111111111111 0.0484375 0.19722222222222222
0 0.316796875 0.4513888888888889 0.02109375 0.1111111111111111
0 0.2140625 0.5493055555555556 0.0296875 0.14583333333333334
0 0.331640625 0.3548611111111111 0.01796875 0.09027777777777778
0 0.472265625 0.8111111111111111 0.04296875 0.19722222222222222
0 0.04296875 0.3958333333333333 0.059375 0.09166666666666666
0 0.270703125 0.5472222222222223 0.03046875 0.1388888888888889
0 0.758984375 0.5201388888888889 0.03046875 0.11527777777777778
0 0.71015625 0.4840277777777778 0.025 0.08194444444444444
0 0.18984375 0.6861111111111111 0.0359375 0.15833333333333333
0 0.665234375 0.40555555555555556 0.02890625 0.09444444444444444
0 0.465234375 0.6861111111111111 0.05234375 0.16111111111111112
0 0.346484375 0.3104166666666667 0.01640625 0.0763888888888889
0 0.637109375 0.3645833333333333 0.02109375 0.0875
0 0.615234375 0.3854166666666667 0.02578125 0.09027777777777778
0 0.7015625 0.3451388888888889 0.015625 0.06527777777777778
0 0.37578125 0.23958333333333334 0.015625 0.059722222222222225
1 0.73359375 0.6541666666666667 0.115625 0.18333333333333332
1 0.38515625 0.4388888888888889 0.06875 0.10277777777777777
1 0.458203125 0.3215277777777778 0.03828125 0.10138888888888889
1 0.387109375 0.3145833333333333 0.03671875 0.08472222222222223
1 0.4625 0.24166666666666667 0.028125 0.06388888888888888
1 0.40859375 0.23055555555555557 0.03125 0.058333333333333334
3 0.54140625 0.27291666666666664 0.053125 0.1125
3 0.580078125 0.4215277777777778 0.08984375 0.1875
3 0.393359375 0.5625 0.08515625 0.2361111111111111
0 0.711328125 0.41180555555555554 0.02421875 0.04861111111111111
