0 0.636328125 0.2833333333333333 0.01484375 0.06944444444444445
0 0.7203125 0.3923611111111111 0.01875 0.08194444444444444
0 0.612109375 0.22777777777777777 0.01171875 0.05555555555555555
1 0.721484375 0.5277777777777778 0.08671875 0.125
1 0.6015625 0.5930555555555556 0.103125 0.17777777777777778
1 0.543359375 0.33819444444444446 0.03671875 0.07361111111111111
3 0.528125 0.2 0.034375 0.08611111111111111
3 0.57109375 0.18680555555555556 0.034375 0.07916666666666666
3 0.472265625 0.15625 0.02890625 0.0625
0 0.95703125 0.39861111111111114 0.04375 0.08055555555555556
0 0.747265625 0.4548611111111111 0.02578125 0.0875
