0 0.345703125 0.39444444444444443 0.02734375 0.1111111111111111
0 0.30703125 0.32708333333333334 0.0203125 0.08194444444444444
0 0.15390625 0.5847222222222223 0.040625 0.16944444444444445
0 0.276171875 0.5291666666666667 0.02734375 0.14722222222222223
0 0.369140625 0.28055555555555556 0.01796875 0.06666666666666667
1 0.66640625 0.40625 0.0421875 0.0875
1 0.41015625 0.23680555555555555 0.0328125 0.06805555555555555
3 0.565234375 0.32569444444444445 0.09921875 0.22916666666666666
3 0.446875 0.26944444444444443 0.04375 0.1
2 0.4109375 0.22847222222222222 0.034375 0.07083333333333333
0 0.251953125 0.47291666666666665 0.02109375 0.10416666666666667
0 0.35 0.25277777777777777 0.0171875 0.05555555555555555
