0 0.503125 0.8326388888888889 0.0390625 0.19305555555555556
0 0.280078125 0.6909722222222222 0.04296875 0.17916666666666667
0 0.288671875 0.54375 0.02734375 0.10416666666666667
0 0.42265625 0.5097222222222222 0.025 0.11944444444444445
0 0.3640625 0.41458333333333336 0.021875 0.08472222222222223
0 0.4796875 0.41041666666666665 0.0171875 0.09583333333333334
0 0.472265625 0.58125 0.02578125 0.12916666666666668
0 0.42890625 0.3104166666666667 0.0140625 0.059722222222222225
2 0.506640625 0.175 0.02578125 0.06111111111111111
0 0.479296875 0.26805555555555555 0.01484375 0.06388888888888888
0 0.501953125 0.2659722222222222 0.01484375 0.05694444444444444
