0 0.66015625 0.49236111111111114 0.0234375 0.07361111111111111
0 0.7203125 0.5180555555555556 0.0234375 0.07222222222222222
0 0.847265625 0.39652777777777776 0.01796875 0.04583333333333333
0 0.76015625 0.4527777777777778 0.0203125 0.058333333333333334
0 0.7140625 0.3951388888888889 0.015625 0.04583333333333333
0 0.821484375 0.49236111111111114 0.02265625 0.0625
0 0.784765625 0.5173611111111112 0.02734375 0.07361111111111111
0 0.6171875 0.4534722222222222 0.021875 0.0625
0 0.84140625 0.44930555555555557 0.0203125 0.05694444444444444
0 0.782421875 0.39375 0.01484375 0.04027777777777778
0 0.696484375 0.3951388888888889 0.01484375 0.04583333333333333
0 0.746875 0.36666666666666664 0.015625 0.041666666666666664
0 0.72890625 0.4513888888888889 0.01875 0.05
0 0.8046875 0.3763888888888889 0.0140625 0.03888888888888889
0 0.73828125 0.42569444444444443 0.0109375 0.04861111111111111
0 0.78203125 0.42291666666666666 0.0140625 0.04861111111111111
0 0.783203125 0.46458333333333335 0.01796875 0.04861111111111111
0 0.821484375 0.4201388888888889 0.01484375 0.04583333333333333
0 0.816015625 0.3375 0.01171875 0.03611111111111111
0 0.80703125 0.45069444444444445 0.0171875 0.04861111111111111
0 0.792578125 0.35 0.01328125 0.03611111111111111
0 0.831640625 0.3277777777777778 0.01328125 0.03611111111111111
1 0.4875 0.5291666666666667 0.0796875 0.09166666666666666
1 0.623046875 0.34652777777777777 0.03203125 0.04861111111111111
1 0.708984375 0.35208333333333336 0.02890625 0.043055555555555555
1 0.60625 0.4152777777777778 0.040625 0.05555555555555555
1 0.44921875 0.4909722222222222 0.0390625 0.059722222222222225
