0 0.582421875 0.76875 0.04296875 0.1375
0 0.67578125 0.6055555555555555 0.03125 0.09722222222222222
0 0.75546875 0.5041666666666667 0.0234375 0.07222222222222222
0 0.783203125 0.46458333333333335 0.02109375 0.0625
0 0.816796875 0.5513888888888889 0.02890625 0.08055555555555556
0 0.453125 0.74375 0.0484375 0.1375
0 0.71640625 0.49236111111111114 0.0203125 0.0625
0 0.66953125 0.48125 0.01875 0.06527777777777778
0 0.821484375 0.42291666666666666 0.02265625 0.05694444444444444
0 0.651953125 0.5361111111111111 0.02265625 0.07222222222222222
0 0.596875 0.49583333333333335 0.0265625 0.08055555555555556
0 0.7171875 0.5513888888888889 0.0265625 0.08333333333333333
0 0.801171875 0.5104166666666666 0.02265625 0.06805555555555555
0 0.69609375 0.45208333333333334 0.01875 0.059722222222222225
0 0.714453125 0.43680555555555556 0.01953125 0.05416666666666667
0 0.731640625 0.45208333333333334 0.01796875 0.059722222222222225
0 0.766796875 0.3659722222222222 0.01953125 0.04861111111111111
0 0.75859375 0.6055555555555555 0.0328125 0.1
0 0.6859375 0.5194444444444445 0.0234375 0.07222222222222222
0 0.520703125 0.5798611111111112 0.03203125 0.10138888888888889
0 0.85703125 0.5013888888888889 0.025 0.06944444444444445
0 0.9578125 0.8805555555555555 0.0484375 0.18055555555555555
0 0.64140625 0.6 0.03125 0.1
0 0.62578125 0.5090277777777777 0.0234375 0.07916666666666666
0 0.79765625 0.3701388888888889 0.01875 0.04861111111111111
0 0.649609375 0.46041666666666664 0.02109375 0.0625
0 0.6734375 0.4395833333333333 0.01875 0.05694444444444444
0 0.84765625 0.39166666666666666 0.01875 0.05
0 0.869140625 0.4673611111111111 0.02578125 0.0625
0 0.784375 0.41041666666666665 0.01875 0.04583333333333333
0 0.81015625 0.47708333333333336 0.0203125 0.059722222222222225
0 0.752734375 0.4388888888888889 0.01953125 0.05555555555555555
1 0.31640625 0.5909722222222222 0.084375 0.10416666666666667
1 0.6984375 0.4111111111111111 0.0421875 0.05555555555555555
1 0.67265625 0.3659722222222222 0.0359375 0.05416666666666667
1 0.615234375 0.3527777777777778 0.03359375 0.05
