1 0.540625 0.3902777777777778 0.0640625 0.08888888888888889
1 0.192578125 0.19375 0.03046875 0.04583333333333333
3 0.6796875 0.39444444444444443 0.1453125 0.19444444444444445
3 0.754296875 0.7041666666666667 0.48515625 0.5916666666666667
3 0.61171875 0.21319444444444444 0.0921875 0.11527777777777778
3 0.72265625 0.21388888888888888 0.096875 0.09166666666666666
3 0.630078125 0.2569444444444444 0.05234375 0.08611111111111111
3 0.24140625 0.2263888888888889 0.0734375 0.12777777777777777
3 0.294140625 0.20069444444444445 0.06171875 0.06527777777777778
0 0.51484375 0.225 0.0234375 0.03333333333333333
0 0.557421875 0.2222222222222222 0.02578125 0.03611111111111111
0 0.705859375 0.2791666666666667 0.01640625 0.04722222222222222
