0 0.19921875 0.6013888888888889 0.0359375 0.1527777777777778
0 0.85234375 0.6416666666666667 0.0328125 0.14444444444444443
0 0.797265625 0.63125 0.03359375 0.14305555555555555
0 0.5953125 0.2708333333333333 0.01875 0.075
0 0.668359375 0.2986111111111111 0.02265625 0.08055555555555556
0 0.141015625 0.7444444444444445 0.04296875 0.18611111111111112
0 0.282421875 0.4201388888888889 0.02421875 0.10138888888888889
0 0.1484375 0.4465277777777778 0.053125 0.10138888888888889
0 0.573046875 0.2423611111111111 0.01484375 0.059722222222222225
0 0.028125 0.3819444444444444 0.0546875 0.08888888888888889
0 0.607421875 0.46944444444444444 0.02890625 0.12222222222222222
0 0.93359375 0.5097222222222222 0.059375 0.09444444444444444
0 0.5 0.3284722222222222 0.0203125 0.09027777777777778
0 0.306640625 0.40694444444444444 0.01796875 0.09444444444444444
0 0.283203125 0.3506944444444444 0.02421875 0.07916666666666666
1 0.267578125 0.7881944444444444 0.11328125 0.2708333333333333
1 0.540625 0.3263888888888889 0.046875 0.08611111111111111
1 0.68125 0.5013888888888889 0.0671875 0.13055555555555556
1 0.455078125 0.25416666666666665 0.03828125 0.07222222222222222
1 0.425390625 0.225 0.03359375 0.06944444444444445
1 0.368359375 0.29583333333333334 0.04765625 0.06388888888888888
1 0.391796875 0.3527777777777778 0.04453125 0.07777777777777778
1 0.349609375 0.4111111111111111 0.05234375 0.14444444444444443
3 0.447265625 0.4111111111111111 0.08046875 0.21388888888888888
3 0.353515625 0.39861111111111114 0.05234375 0.13333333333333333
0 0.423046875 0.2763888888888889 0.01640625 0.04722222222222222
0 0.480859375 0.2638888888888889 0.01328125 0.05555555555555555
