0 0.25625 0.47152777777777777 0.0375 0.13472222222222222
0 0.197265625 0.4625 0.03671875 0.11666666666666667
0 0.3015625 0.3527777777777778 0.0203125 0.08333333333333333
0 0.601953125 0.4409722222222222 0.03828125 0.10972222222222222
0 0.772265625 0.3902777777777778 0.03046875 0.09722222222222222
0 0.72265625 0.34652777777777777 0.021875 0.09305555555555556
0 0.83359375 0.46875 0.0296875 0.12361111111111112
0 0.53046875 0.18472222222222223 0.0125 0.05277777777777778
0 0.47109375 0.22152777777777777 0.0203125 0.05694444444444444
1 0.698828125 0.4388888888888889 0.10859375 0.14722222222222223
3 0.42421875 0.17847222222222223 0.0671875 0.10694444444444444
3 0.563671875 0.3111111111111111 0.08203125 0.2
2 0.63359375 0.25972222222222224 0.0921875 0.17222222222222222
