0 0.3328125 0.29375 0.015625 0.07083333333333333
0 0.279296875 0.4215277777777778 0.02578125 0.1125
0 0.629296875 0.3763888888888889 0.01796875 0.08888888888888889
0 0.40078125 0.22291666666666668 0.0109375 0.05416666666666667
0 0.644921875 0.29444444444444445 0.01484375 0.07222222222222222
0 0.424609375 0.19930555555555557 0.01015625 0.05138888888888889
0 0.550390625 0.17083333333333334 0.01796875 0.044444444444444446
3 0.463671875 0.21041666666666667 0.03203125 0.0763888888888889
3 0.505078125 0.16944444444444445 0.02109375 0.05277777777777778
0 0.391796875 0.20416666666666666 0.00859375 0.05
