0 0.33125 0.8534722222222222 0.0640625 0.15138888888888888
0 0.79140625 0.4527777777777778 0.021875 0.05555555555555555
0 0.82265625 0.43472222222222223 0.021875 0.058333333333333334
0 0.565625 0.7402777777777778 0.0484375 0.11944444444444445
0 0.82421875 0.5756944444444444 0.0359375 0.0875
0 0.769921875 0.6381944444444444 0.02421875 0.08472222222222223
0 0.68984375 0.6847222222222222 0.04375 0.10833333333333334
0 0.7359375 0.4388888888888889 0.0234375 0.05555555555555555
0 0.768359375 0.4111111111111111 0.02265625 0.05555555555555555
0 0.862890625 0.6291666666666667 0.03984375 0.09722222222222222
0 0.494140625 0.6847222222222222 0.04921875 0.11666666666666667
0 0.65234375 0.7284722222222222 0.04375 0.10972222222222222
0 0.84765625 0.39375 0.021875 0.05416666666666667
0 0.679296875 0.44166666666666665 0.01953125 0.07222222222222222
0 0.587890625 0.5291666666666667 0.03359375 0.07777777777777778
0 0.79375 0.4076388888888889 0.01875 0.04861111111111111
0 0.8328125 0.3659722222222222 0.0171875 0.043055555555555555
1 0.708984375 0.5652777777777778 0.09453125 0.08611111111111111
1 0.286328125 0.6020833333333333 0.10078125 0.1125
1 0.736328125 0.5076388888888889 0.06171875 0.07361111111111111
1 0.703125 0.39861111111111114 0.0390625 0.058333333333333334
1 0.615625 0.35138888888888886 0.0296875 0.03888888888888889
2 0.533203125 0.4652777777777778 0.13359375 0.17222222222222222
0 0.752734375 0.5986111111111111 0.01953125 0.08611111111111111
