1 0.653515625 0.45 0.07734375 0.11388888888888889
1 0.57421875 0.26666666666666666 0.0375 0.05277777777777778
1 0.6234375 0.275 0.046875 0.06388888888888888
1 0.644921875 0.23819444444444443 0.04140625 0.0375
1 0.71171875 0.25069444444444444 0.040625 0.04027777777777778
1 0.61015625 0.24722222222222223 0.040625 0.03888888888888889
3 0.16640625 0.20625 0.046875 0.07916666666666666
3 0.10078125 0.21875 0.053125 0.0875
3 0.7140625 0.22777777777777777 0.0828125 0.07777777777777778
3 0.66328125 0.19166666666666668 0.1 0.07222222222222222
3 0.525 0.35208333333333336 0.0828125 0.22916666666666666
3 0.264453125 0.2111111111111111 0.11796875 0.1388888888888889
2 0.8015625 0.6854166666666667 0.2109375 0.3263888888888889
