3 0.669921875 0.46597222222222223 0.12265625 0.24305555555555555
0 0.709375 0.33125 0.021875 0.06805555555555555
0 0.71640625 0.2763888888888889 0.015625 0.05555555555555555
3 0.537109375 0.3034722222222222 0.07890625 0.23194444444444445
3 0.62734375 0.28680555555555554 0.0890625 0.22083333333333333
2 0.22109375 0.2013888888888889 0.0328125 0.03611111111111111
3 0.661328125 0.2125 0.08515625 0.09166666666666666
3 0.756640625 0.21180555555555555 0.03828125 0.07083333333333333
0 0.1421875 0.2534722222222222 0.01875 0.043055555555555555
1 0.32109375 0.22083333333333333 0.0421875 0.041666666666666664
