3 0.61015625 0.4965277777777778 0.1734375 0.4263888888888889
0 0.72578125 0.3875 0.0296875 0.1111111111111111
0 0.6828125 0.30416666666666664 0.028125 0.08611111111111111
0 0.65 0.25555555555555554 0.0171875 0.06666666666666667
0 0.63828125 0.22152777777777777 0.0109375 0.04583333333333333
0 0.661328125 0.21736111111111112 0.01328125 0.0375
0 0.439453125 0.17222222222222222 0.02265625 0.058333333333333334
0 0.47578125 0.17430555555555555 0.0171875 0.04583333333333333
0 0.61171875 0.18333333333333332 0.0109375 0.044444444444444446
3 0.384375 0.1451388888888889 0.0921875 0.0763888888888889
3 0.5375 0.1736111111111111 0.04375 0.09444444444444444
1 0.577734375 0.16805555555555557 0.03203125 0.04722222222222222
