1 0.08515625 0.6645833333333333 0.1640625 0.2763888888888889
1 0.552734375 0.5506944444444445 0.08828125 0.17083333333333334
1 0.751171875 0.7118055555555556 0.15546875 0.2125
1 0.623828125 0.42986111111111114 0.07421875 0.10416666666666667
1 0.615625 0.3333333333333333 0.046875 0.06388888888888888
1 0.62421875 0.2881944444444444 0.0359375 0.05416666666666667
1 0.653515625 0.25555555555555554 0.04453125 0.041666666666666664
1 0.70234375 0.24444444444444444 0.04375 0.05
3 0.31484375 0.19722222222222222 0.059375 0.05555555555555555
1 0.23125 0.19930555555555557 0.0515625 0.04027777777777778
1 0.171875 0.18263888888888888 0.0375 0.04583333333333333
2 0.097265625 0.22152777777777777 0.03515625 0.059722222222222225
0 0.36796875 0.22361111111111112 0.021875 0.041666666666666664
2 0.536328125 0.3194444444444444 0.06484375 0.20833333333333334
