7 0.6328125 0.3861111111111111 0.102734375 0.17847222222222223
7 0.54453125 0.23194444444444445 0.0498046875 0.09097222222222222
7 0.28984375 0.49930555555555556 0.179296875 0.41770833333333335
5 0.59296875 0.6701388888888888 0.1201171875 0.17881944444444445
5 0.71875 0.6173611111111111 0.1314453125 0.18715277777777778
5 0.8875 0.9145833333333333 0.221875 0.16805555555555557
5 0.534765625 0.44513888888888886 0.0740234375 0.1371527777777778
5 0.52109375 0.30486111111111114 0.0498046875 0.07951388888888888
5 0.57578125 0.32083333333333336 0.029296875 0.07256944444444445
4 0.11875 0.4201388888888889 0.0310546875 0.08993055555555556
