1 0.612109375 0.8055555555555556 0.14765625 0.28055555555555556
1 0.65078125 0.2652777777777778 0.04375 0.05
3 0.618359375 0.32916666666666666 0.08671875 0.20277777777777778
3 0.585546875 0.2423611111111111 0.09921875 0.12083333333333333
3 0.383203125 0.21388888888888888 0.08828125 0.07777777777777778
3 0.18984375 0.18263888888888888 0.0859375 0.09027777777777778
2 0.839453125 0.7076388888888889 0.32109375 0.5847222222222223
0 0.70390625 0.29930555555555555 0.015625 0.05416666666666667
1 0.2484375 0.24027777777777778 0.0421875 0.06111111111111111
3 0.230859375 0.35833333333333334 0.11015625 0.16666666666666666
