3 0.5734375 0.2388888888888889 0.0421875 0.075
3 0.67578125 0.225 0.05625 0.05277777777777778
1 0.4640625 0.22430555555555556 0.0625 0.04027777777777778
0 0.023046875 0.5395833333333333 0.03515625 0.14305555555555555
0 0.1421875 0.36944444444444446 0.0265625 0.07777777777777778
0 0.179296875 0.3277777777777778 0.02109375 0.06111111111111111
0 0.144921875 0.26180555555555557 0.01484375 0.04861111111111111
0 0.710546875 0.33819444444444446 0.02421875 0.07083333333333333
0 0.731640625 0.24722222222222223 0.01015625 0.041666666666666664
2 0.614453125 0.28194444444444444 0.05703125 0.125
1 0.628515625 0.40625 0.06953125 0.10972222222222222
