0 0.51953125 0.7569444444444444 0.0453125 0.13055555555555556
0 0.769140625 0.3659722222222222 0.01796875 0.04583333333333333
0 0.76015625 0.6013888888888889 0.03125 0.09444444444444444
0 0.474609375 0.8798611111111111 0.05390625 0.15138888888888888
0 0.72109375 0.39791666666666664 0.0203125 0.05694444444444444
0 0.641796875 0.5159722222222223 0.02890625 0.09027777777777778
0 0.85390625 0.4395833333333333 0.0203125 0.0625
0 0.576171875 0.5743055555555555 0.03359375 0.09583333333333334
0 0.594140625 0.6576388888888889 0.03984375 0.11805555555555555
0 0.804296875 0.43819444444444444 0.01796875 0.05694444444444444
0 0.7890625 0.4097222222222222 0.0171875 0.05
0 0.8625 0.36319444444444443 0.015625 0.043055555555555555
0 0.798046875 0.38125 0.01484375 0.043055555555555555
0 0.6875 0.5715277777777777 0.03125 0.09861111111111111
0 0.81875 0.39375 0.0140625 0.04583333333333333
0 0.79296875 0.35138888888888886 0.0140625 0.03888888888888889
1 0.36875 0.5458333333333333 0.0828125 0.09722222222222222
1 0.634375 0.3 0.0234375 0.041666666666666664
2 0.604296875 0.38263888888888886 0.05859375 0.10138888888888889
