0 0.04296875 0.49375 0.0671875 0.11527777777777778
0 0.281640625 0.8527777777777777 0.06171875 0.21944444444444444
0 0.2921875 0.3972222222222222 0.046875 0.09166666666666666
0 0.688671875 0.39375 0.03203125 0.09305555555555556
0 0.015234375 0.6604166666666667 0.03046875 0.12083333333333333
0 0.5125 0.3368055555555556 0.03125 0.06805555555555555
0 0.31328125 0.3 0.01875 0.06111111111111111
1 0.2359375 0.4638888888888889 0.1265625 0.1111111111111111
1 0.475390625 0.4125 0.10703125 0.08888888888888889
1 0.543359375 0.29791666666666666 0.04453125 0.07083333333333333
1 0.58046875 0.3347222222222222 0.0640625 0.06666666666666667
1 0.619921875 0.24444444444444444 0.03046875 0.06666666666666667
1 0.45390625 0.2708333333333333 0.0421875 0.06944444444444445
0 0.419140625 0.2923611111111111 0.01328125 0.06527777777777778
0 0.401953125 0.28541666666666665 0.01640625 0.0625
0 0.379296875 0.28402777777777777 0.01484375 0.07083333333333333
0 0.354296875 0.2881944444444444 0.01796875 0.05694444444444444
0 0.3328125 0.29583333333333334 0.0125 0.08055555555555556
