0 0.72109375 0.4236111111111111 0.025 0.1
0 0.5515625 0.20972222222222223 0.0109375 0.05555555555555555
0 0.33671875 0.3368055555555556 0.0203125 0.08194444444444444
0 0.58046875 0.18819444444444444 0.0125 0.05694444444444444
0 0.462890625 0.15902777777777777 0.01171875 0.04583333333333333
0 0.329296875 0.28055555555555556 0.01484375 0.06944444444444445
1 0.56015625 0.36319444444444443 0.05625 0.08472222222222223
3 0.38515625 0.5076388888888889 0.121875 0.31805555555555554
2 0.67109375 0.8118055555555556 0.1953125 0.3763888888888889
1 0.425390625 0.22013888888888888 0.03046875 0.04583333333333333
