0 0.699609375 0.4340277777777778 0.01953125 0.09305555555555556
0 0.08359375 0.7951388888888888 0.05625 0.2125
0 0.931640625 0.8520833333333333 0.05234375 0.19583333333333333
0 0.705078125 0.5861111111111111 0.03046875 0.14166666666666666
0 0.399609375 0.2798611111111111 0.01640625 0.07083333333333333
0 0.596484375 0.19583333333333333 0.01171875 0.04722222222222222
0 0.4328125 0.15833333333333333 0.0109375 0.041666666666666664
0 0.36875 0.1840277777777778 0.0109375 0.04027777777777778
3 0.5359375 0.22361111111111112 0.0375 0.09166666666666666
1 0.821484375 0.3159722222222222 0.08203125 0.0763888888888889
2 0.16484375 0.45694444444444443 0.134375 0.2222222222222222
