0 0.504296875 0.8423611111111111 0.05234375 0.16527777777777777
0 0.817578125 0.5034722222222222 0.02578125 0.07361111111111111
0 0.573046875 0.6291666666666667 0.03515625 0.10555555555555556
0 0.685546875 0.5493055555555556 0.02421875 0.07916666666666666
0 0.759765625 0.5173611111111112 0.02578125 0.07361111111111111
0 0.862890625 0.5069444444444444 0.02578125 0.07222222222222222
0 0.47109375 0.6458333333333334 0.0375 0.10833333333333334
0 0.371484375 0.7305555555555555 0.04921875 0.14166666666666666
0 0.65078125 0.5361111111111111 0.028125 0.08333333333333333
0 0.716015625 0.5368055555555555 0.02265625 0.06805555555555555
0 0.5671875 0.5638888888888889 0.03125 0.08611111111111111
0 0.787109375 0.49583333333333335 0.02265625 0.06666666666666667
0 0.73046875 0.5041666666666667 0.021875 0.06388888888888888
0 0.746484375 0.47708333333333336 0.01953125 0.059722222222222225
0 0.767578125 0.46111111111111114 0.01953125 0.05555555555555555
0 0.626171875 0.4875 0.02734375 0.07777777777777778
0 0.83671875 0.4513888888888889 0.0234375 0.058333333333333334
0 0.79921875 0.45416666666666666 0.0234375 0.05555555555555555
0 0.735546875 0.41875 0.02109375 0.05416666666666667
0 0.523828125 0.6423611111111112 0.03515625 0.10972222222222222
0 0.753125 0.42430555555555555 0.0171875 0.04861111111111111
0 0.43828125 0.73125 0.0453125 0.12638888888888888
0 0.71484375 0.46319444444444446 0.01875 0.05694444444444444
0 0.703515625 0.6006944444444444 0.02890625 0.0875
0 0.845703125 0.39444444444444443 0.01953125 0.05
0 0.86796875 0.4625 0.01875 0.058333333333333334
0 0.828125 0.40625 0.0125 0.04861111111111111
0 0.697265625 0.425 0.01484375 0.058333333333333334
0 0.76875 0.4125 0.0171875 0.05
0 0.78671875 0.3993055555555556 0.01875 0.05138888888888889
0 0.74609375 0.3784722222222222 0.0171875 0.043055555555555555
1 0.87734375 0.6277777777777778 0.14375 0.1388888888888889
1 0.049609375 0.8527777777777777 0.09609375 0.175
1 0.56015625 0.40694444444444444 0.0421875 0.06111111111111111
1 0.66015625 0.35555555555555557 0.0328125 0.06111111111111111
0 0.815625 0.3923611111111111 0.0125 0.04861111111111111
