0 0.237890625 0.4305555555555556 0.02890625 0.1
0 0.35234375 0.21041666666666667 0.015625 0.05694444444444444
0 0.70546875 0.3229166666666667 0.0203125 0.07916666666666666
0 0.738671875 0.3590277777777778 0.02578125 0.08194444444444444
0 0.84765625 0.49166666666666664 0.0296875 0.11388888888888889
0 0.62890625 0.19652777777777777 0.015625 0.04583333333333333
0 0.52109375 0.1736111111111111 0.0203125 0.041666666666666664
1 0.576171875 0.50625 0.09140625 0.14305555555555555
1 0.6265625 0.7597222222222222 0.15625 0.2722222222222222
1 0.636328125 0.2951388888888889 0.05078125 0.0763888888888889
3 0.58125 0.34652777777777777 0.06875 0.1736111111111111
