0 0.597265625 0.6736111111111112 0.03515625 0.11666666666666667
0 0.7203125 0.8104166666666667 0.0453125 0.15416666666666667
0 0.590625 0.55 0.028125 0.09166666666666666
0 0.743359375 0.4777777777777778 0.02265625 0.07222222222222222
0 0.777734375 0.49583333333333335 0.02421875 0.07777777777777778
0 0.753125 0.6277777777777778 0.03125 0.10277777777777777
0 0.755859375 0.4354166666666667 0.02109375 0.0625
0 0.64453125 0.7006944444444444 0.0328125 0.1125
0 0.7015625 0.47708333333333336 0.021875 0.07083333333333333
0 0.79921875 0.48055555555555557 0.0203125 0.06944444444444445
0 0.36328125 0.7173611111111111 0.04375 0.12361111111111112
0 0.533984375 0.7583333333333333 0.03828125 0.11666666666666667
0 0.39140625 0.8645833333333334 0.0578125 0.1486111111111111
0 0.848828125 0.44722222222222224 0.02109375 0.06111111111111111
0 0.794921875 0.7979166666666667 0.04140625 0.14305555555555555
0 0.669140625 0.6458333333333334 0.03203125 0.09444444444444444
0 0.540234375 0.8680555555555556 0.04609375 0.1388888888888889
0 0.42265625 0.7256944444444444 0.04375 0.12083333333333333
0 0.786328125 0.6541666666666667 0.03203125 0.10833333333333334
0 0.89609375 0.8965277777777778 0.046875 0.1597222222222222
0 0.823828125 0.9215277777777777 0.04921875 0.14027777777777778
0 0.888671875 0.6430555555555556 0.03671875 0.1111111111111111
0 0.53359375 0.66875 0.0328125 0.09305555555555556
0 0.540625 0.5631944444444444 0.0296875 0.08472222222222223
0 0.830078125 0.4736111111111111 0.02265625 0.06388888888888888
0 0.83046875 0.5243055555555556 0.025 0.06805555555555555
0 0.664453125 0.7722222222222223 0.03515625 0.12777777777777777
0 0.834375 0.5909722222222222 0.0296875 0.09583333333333334
0 0.783984375 0.4409722222222222 0.01953125 0.059722222222222225
0 0.861328125 0.38472222222222224 0.01953125 0.05555555555555555
0 0.8046875 0.43472222222222223 0.01875 0.05555555555555555
0 0.7671875 0.38333333333333336 0.0171875 0.05
0 0.535546875 0.6020833333333333 0.02578125 0.07916666666666666
0 0.834375 0.4097222222222222 0.0171875 0.05555555555555555
0 0.733984375 0.36319444444444443 0.01640625 0.04861111111111111
1 0.70625 0.42291666666666666 0.040625 0.0625
1 0.11171875 0.6979166666666666 0.1484375 0.13472222222222222
1 0.477734375 0.4888888888888889 0.05390625 0.07777777777777778
1 0.665234375 0.5638888888888889 0.06484375 0.1111111111111111
1 0.669140625 0.32430555555555557 0.02734375 0.04583333333333333
1 0.628515625 0.35 0.02421875 0.041666666666666664
2 0.612109375 0.46041666666666664 0.07734375 0.1375
