0 0.74453125 0.38125 0.0296875 0.09583333333333334
0 0.64140625 0.3368055555555556 0.025 0.09027777777777778
0 0.762109375 0.5173611111111112 0.03828125 0.13194444444444445
0 0.602734375 0.22291666666666668 0.01796875 0.059722222222222225
0 0.6515625 0.22569444444444445 0.01875 0.05694444444444444
0 0.610546875 0.17152777777777778 0.01484375 0.04583333333333333
0 0.52734375 0.2534722222222222 0.01875 0.059722222222222225
0 0.424609375 0.15347222222222223 0.01171875 0.0375
1 0.3234375 0.3111111111111111 0.0609375 0.10833333333333334
1 0.557421875 0.30069444444444443 0.05703125 0.09305555555555556
1 0.479296875 0.15763888888888888 0.03671875 0.05138888888888889
