0 0.183984375 0.5381944444444444 0.04453125 0.11805555555555555
0 0.266796875 0.3888888888888889 0.03984375 0.10833333333333334
0 0.34140625 0.3347222222222222 0.025 0.09444444444444444
0 0.42734375 0.2826388888888889 0.0234375 0.10416666666666667
0 0.3234375 0.25833333333333336 0.0203125 0.075
0 0.35703125 0.2513888888888889 0.0203125 0.06111111111111111
0 0.371875 0.2111111111111111 0.0171875 0.03888888888888889
0 0.39765625 0.2111111111111111 0.0140625 0.05277777777777778
0 0.6109375 0.48333333333333334 0.0390625 0.13333333333333333
0 0.716796875 0.34652777777777777 0.01796875 0.07083333333333333
0 0.693359375 0.29930555555555555 0.02421875 0.06805555555555555
0 0.9765625 0.8597222222222223 0.046875 0.20833333333333334
1 0.674609375 0.41805555555555557 0.08828125 0.10277777777777777
1 0.5125 0.19652777777777777 0.0359375 0.04583333333333333
1 0.554296875 0.15069444444444444 0.02734375 0.034722222222222224
1 0.771484375 0.6395833333333333 0.16015625 0.22083333333333333
2 0.62421875 0.26944444444444443 0.0609375 0.10833333333333334
3 0.5625 0.31527777777777777 0.0640625 0.1388888888888889
