0 0.33515625 0.28402777777777777 0.025 0.08194444444444444
0 0.115625 0.7194444444444444 0.0703125 0.21388888888888888
0 0.6515625 0.2388888888888889 0.0203125 0.05555555555555555
0 0.683203125 0.24722222222222223 0.01796875 0.05
0 0.946484375 0.7048611111111112 0.06328125 0.1875
0 0.629296875 0.20347222222222222 0.01328125 0.05138888888888889
0 0.53203125 0.29375 0.0171875 0.07361111111111111
0 0.361328125 0.21736111111111112 0.02265625 0.05138888888888889
1 0.616015625 0.2777777777777778 0.05078125 0.08888888888888889
3 0.430078125 0.26458333333333334 0.07578125 0.2125
3 0.547265625 0.21736111111111112 0.06015625 0.13472222222222222
3 0.710546875 0.4 0.11171875 0.2361111111111111
2 0.583984375 0.16944444444444445 0.04453125 0.10277777777777777
