0 0.394140625 0.3972222222222222 0.02109375 0.10555555555555556
0 0.824609375 0.6576388888888889 0.03984375 0.15138888888888888
0 0.266015625 0.6993055555555555 0.03671875 0.18194444444444444
0 0.27421875 0.5736111111111111 0.03125 0.1388888888888889
0 0.733984375 0.65625 0.03828125 0.15416666666666667
0 0.01171875 0.4652777777777778 0.0234375 0.1111111111111111
0 0.766015625 0.51875 0.03046875 0.12083333333333333
0 0.3125 0.5458333333333333 0.03125 0.14444444444444443
0 0.7 0.49236111111111114 0.03125 0.1125
0 0.28203125 0.35 0.03125 0.09166666666666666
0 0.368359375 0.29583333333333334 0.02109375 0.07777777777777778
0 0.541796875 0.25416666666666665 0.01640625 0.058333333333333334
0 0.359375 0.5159722222222223 0.028125 0.13472222222222222
0 0.878125 0.4583333333333333 0.065625 0.09444444444444444
0 0.73203125 0.4479166666666667 0.0296875 0.10416666666666667
0 0.5984375 0.2798611111111111 0.0140625 0.07083333333333333
0 0.407421875 0.32222222222222224 0.01953125 0.08888888888888889
0 0.348828125 0.40694444444444444 0.02265625 0.1111111111111111
0 0.650390625 0.35347222222222224 0.01796875 0.07361111111111111
0 0.669921875 0.3 0.02421875 0.075
0 0.344140625 0.35208333333333336 0.02265625 0.09027777777777778
0 0.339453125 0.3111111111111111 0.02109375 0.08611111111111111
0 0.391796875 0.28541666666666665 0.02109375 0.07361111111111111
1 0.534765625 0.5194444444444445 0.08046875 0.15
1 0.6359375 0.875 0.1859375 0.25
1 0.446875 0.275 0.0375 0.07777777777777778
1 0.399609375 0.7347222222222223 0.09453125 0.24444444444444444
