4 0.357421875 0.5826388888888889 0.03984375 0.13055555555555556
4 0.27109375 0.5298611111111111 0.0296875 0.12395833333333334
4 0.24375 0.40694444444444444 0.041015625 0.1
4 0.219140625 0.4840277777777778 0.04140625 0.10173611111111111
4 0.0953125 0.6791666666666667 0.0703125 0.2142361111111111
4 0.326171875 0.3923611111111111 0.0333984375 0.10277777777777777
4 0.31640625 0.3347222222222222 0.0248046875 0.08680555555555555
4 0.376171875 0.27847222222222223 0.02890625 0.07083333333333333
7 0.575390625 0.39166666666666666 0.1109375 0.25
4 0.0734375 0.39444444444444443 0.059375 0.06701388888888889
4 0.353515625 0.22569444444444445 0.02109375 0.059722222222222225
