0 0.27265625 0.3368055555555556 0.0328125 0.08194444444444444
0 0.8421875 0.9097222222222222 0.059375 0.18055555555555555
0 0.65 0.23055555555555557 0.0203125 0.05555555555555555
0 0.371875 0.2013888888888889 0.0140625 0.044444444444444446
0 0.612890625 0.18888888888888888 0.01171875 0.03888888888888889
1 0.574609375 0.5097222222222222 0.09296875 0.13333333333333333
1 0.6234375 0.7020833333333333 0.1515625 0.24027777777777778
1 0.63203125 0.2902777777777778 0.046875 0.05277777777777778
3 0.43515625 0.2125 0.0453125 0.12222222222222222
3 0.76640625 0.5 0.2109375 0.5277777777777778
3 0.58203125 0.35208333333333336 0.075 0.17916666666666667
