1 0.610546875 0.6333333333333333 0.13203125 0.2111111111111111
1 0.542578125 0.2916666666666667 0.05390625 0.09444444444444444
0 0.44921875 0.24861111111111112 0.0328125 0.05
2 0.3484375 0.20208333333333334 0.14375 0.10694444444444444
2 0.18046875 0.1875 0.06875 0.08611111111111111
0 0.01875 0.6055555555555555 0.0359375 0.1527777777777778
0 0.69921875 0.28055555555555556 0.015625 0.05555555555555555
0 0.719921875 0.3541666666666667 0.02578125 0.07777777777777778
2 0.640625 0.3951388888888889 0.11875 0.22916666666666666
3 0.614453125 0.2125 0.09296875 0.08888888888888889
1 0.71640625 0.22291666666666668 0.0359375 0.04861111111111111
