0 0.426171875 0.5465277777777777 0.02734375 0.12361111111111112
0 0.45078125 0.6430555555555556 0.034375 0.16666666666666666
0 0.3609375 0.8798611111111111 0.0421875 0.19583333333333333
0 0.531640625 0.5111111111111111 0.03046875 0.1361111111111111
0 0.501953125 0.47638888888888886 0.01953125 0.11388888888888889
0 0.47265625 0.4465277777777778 0.01875 0.09027777777777778
1 0.43359375 0.33611111111111114 0.046875 0.08055555555555556
1 0.497265625 0.27361111111111114 0.03828125 0.06944444444444445
0 0.50078125 0.34791666666666665 0.01875 0.0875
0 0.52890625 0.3284722222222222 0.01875 0.06527777777777778
