1 0.409375 0.5020833333333333 0.071875 0.10972222222222222
1 0.53125 0.4263888888888889 0.0421875 0.058333333333333334
1 0.591015625 0.45555555555555555 0.06171875 0.1
1 0.6078125 0.38819444444444445 0.0296875 0.05138888888888889
1 0.65390625 0.35555555555555557 0.0359375 0.06388888888888888
1 0.6265625 0.3326388888888889 0.028125 0.043055555555555555
1 0.673828125 0.38680555555555557 0.03203125 0.06805555555555555
1 0.707421875 0.3638888888888889 0.03203125 0.041666666666666664
1 0.6953125 0.3333333333333333 0.01875 0.022222222222222223
1 0.723828125 0.4097222222222222 0.03984375 0.05277777777777778
0 0.27421875 0.8625 0.04375 0.14166666666666666
0 0.427734375 0.6736111111111112 0.05078125 0.125
0 0.47890625 0.6006944444444444 0.040625 0.11527777777777778
0 0.54296875 0.7368055555555556 0.0515625 0.15138888888888888
0 0.49296875 0.8909722222222223 0.0828125 0.1375
0 0.341796875 0.9388888888888889 0.06328125 0.11666666666666667
0 0.558984375 0.6173611111111111 0.04296875 0.10694444444444444
0 0.568359375 0.55 0.02578125 0.09166666666666666
0 0.644921875 0.5930555555555556 0.04765625 0.08333333333333333
0 0.669921875 0.49166666666666664 0.02421875 0.09444444444444444
0 0.709375 0.5493055555555556 0.0265625 0.07361111111111111
0 0.722265625 0.5902777777777778 0.03515625 0.07777777777777778
0 0.748046875 0.6138888888888889 0.03515625 0.09444444444444444
0 0.78203125 0.5118055555555555 0.0359375 0.08472222222222223
0 0.733203125 0.4895833333333333 0.02890625 0.06527777777777778
0 0.70546875 0.47638888888888886 0.0203125 0.06388888888888888
0 0.660546875 0.9347222222222222 0.05390625 0.10555555555555556
0 0.7703125 0.4215277777777778 0.0203125 0.0763888888888889
0 0.787890625 0.42430555555555555 0.02734375 0.05138888888888889
0 0.8078125 0.4409722222222222 0.01875 0.04861111111111111
0 0.818359375 0.4791666666666667 0.02734375 0.06388888888888888
0 0.83203125 0.4666666666666667 0.01875 0.075
0 0.863671875 0.47638888888888886 0.02890625 0.05
0 0.850390625 0.5347222222222222 0.02890625 0.06944444444444445
0 0.888671875 0.5784722222222223 0.03515625 0.0763888888888889
0 0.840625 0.38263888888888886 0.0203125 0.05138888888888889
0 0.733203125 0.37430555555555556 0.02109375 0.043055555555555555
