0 0.83359375 0.5444444444444444 0.03125 0.12777777777777777
0 0.899609375 0.7131944444444445 0.04140625 0.16527777777777777
0 0.759375 0.4361111111111111 0.025 0.09444444444444444
0 0.71171875 0.35625 0.021875 0.07916666666666666
0 0.651953125 0.2826388888888889 0.01484375 0.059722222222222225
1 0.73046875 0.5027777777777778 0.05 0.11388888888888889
1 0.64296875 0.3840277777777778 0.065625 0.09583333333333334
3 0.632421875 0.6243055555555556 0.14921875 0.34305555555555556
3 0.548828125 0.24722222222222223 0.06953125 0.15555555555555556
3 0.5640625 0.375 0.075 0.16666666666666666
1 0.620703125 0.31180555555555556 0.03984375 0.04861111111111111
1 0.609765625 0.27708333333333335 0.04296875 0.0375
1 0.5953125 0.24027777777777778 0.0234375 0.044444444444444446
