4 0.137109375 0.3104166666666667 0.0197265625 0.06388888888888888
4 0.16796875 0.33541666666666664 0.0279296875 0.07395833333333333
5 0.59765625 0.7555555555555555 0.1310546875 0.2503472222222222
5 0.88671875 0.9340277777777778 0.2140625 0.12916666666666668
5 0.62734375 0.2916666666666667 0.0564453125 0.05798611111111111
6 0.705859375 0.5451388888888888 0.1416015625 0.2569444444444444
6 0.67578125 0.2298611111111111 0.0517578125 0.07881944444444444
7 0.53515625 0.35138888888888886 0.096875 0.21979166666666666
7 0.62890625 0.3798611111111111 0.06875 0.16805555555555557
4 0.168359375 0.38958333333333334 0.02421875 0.09270833333333334
