0 0.588671875 0.47847222222222224 0.02734375 0.11527777777777778
0 0.68203125 0.61875 0.034375 0.15138888888888888
0 0.230078125 0.4125 0.02578125 0.10555555555555556
0 0.135546875 0.6604166666666667 0.03828125 0.17083333333333334
0 0.30078125 0.49166666666666664 0.025 0.11388888888888889
0 0.75390625 0.7020833333333333 0.0515625 0.1736111111111111
0 0.212109375 0.6 0.03359375 0.14722222222222223
0 0.379296875 0.39305555555555555 0.02109375 0.1
0 0.821875 0.8270833333333333 0.0421875 0.19583333333333333
0 0.35703125 0.5625 0.028125 0.1388888888888889
0 0.682421875 0.5034722222222222 0.02734375 0.1125
0 0.299609375 0.6701388888888888 0.03984375 0.1625
0 0.403515625 0.5208333333333334 0.02578125 0.13333333333333333
0 0.416015625 0.4652777777777778 0.02734375 0.12777777777777777
0 0.89296875 0.6694444444444444 0.0609375 0.14166666666666666
0 0.35234375 0.46458333333333335 0.028125 0.10972222222222222
0 0.275390625 0.4395833333333333 0.02734375 0.10138888888888889
0 0.5984375 0.3576388888888889 0.0265625 0.08472222222222223
0 0.776171875 0.5368055555555555 0.03828125 0.12361111111111112
0 0.35234375 0.33819444444444446 0.01875 0.0875
0 0.26953125 0.6159722222222223 0.0328125 0.15138888888888888
0 0.2609375 0.35694444444444445 0.03125 0.08888888888888889
0 0.62109375 0.46041666666666664 0.0234375 0.10416666666666667
0 0.653125 0.44027777777777777 0.0265625 0.1
0 0.3328125 0.3819444444444444 0.0203125 0.09722222222222222
0 0.7609375 0.4638888888888889 0.0390625 0.10555555555555556
0 0.587109375 0.2708333333333333 0.01640625 0.06944444444444445
0 0.708203125 0.49236111111111114 0.02890625 0.1125
0 0.30703125 0.3659722222222222 0.021875 0.0875
0 0.521484375 0.41388888888888886 0.02421875 0.1
0 0.30859375 0.5611111111111111 0.0265625 0.11944444444444445
0 0.698046875 0.4215277777777778 0.02734375 0.09027777777777778
0 0.643359375 0.3388888888888889 0.01796875 0.08611111111111111
0 0.298828125 0.4215277777777778 0.02578125 0.09305555555555556
0 0.963671875 0.9104166666666667 0.04453125 0.15694444444444444
0 0.575 0.2125 0.021875 0.04722222222222222
0 0.669140625 0.3013888888888889 0.01796875 0.075
1 0.40234375 0.31527777777777777 0.0453125 0.075
1 0.401953125 0.24027777777777778 0.02734375 0.05555555555555555
1 0.675 0.8395833333333333 0.1296875 0.2791666666666667
