0 0.823828125 0.49444444444444446 0.02578125 0.06944444444444445
0 0.8640625 0.5340277777777778 0.028125 0.07916666666666666
0 0.438671875 0.7138888888888889 0.04453125 0.13055555555555556
0 0.551953125 0.8 0.04296875 0.1361111111111111
0 0.785546875 0.6604166666666667 0.03671875 0.10972222222222222
0 0.86484375 0.44722222222222224 0.0234375 0.06111111111111111
0 0.77109375 0.5909722222222222 0.0296875 0.08194444444444444
0 0.80625 0.4625 0.021875 0.06111111111111111
0 0.7078125 0.6277777777777778 0.0328125 0.1
0 0.48984375 0.7951388888888888 0.046875 0.1486111111111111
0 0.568359375 0.6006944444444444 0.03046875 0.09583333333333334
0 0.580859375 0.5298611111111111 0.02734375 0.07916666666666666
0 0.6609375 0.6138888888888889 0.0328125 0.1
0 0.617578125 0.7 0.03828125 0.12222222222222222
0 0.68515625 0.5597222222222222 0.0234375 0.07777777777777778
0 0.887109375 0.5638888888888889 0.03359375 0.08888888888888889
0 0.531640625 0.6986111111111111 0.03828125 0.11666666666666667
0 0.65703125 0.8381944444444445 0.04375 0.14305555555555555
0 0.744921875 0.54375 0.02421875 0.07916666666666666
0 0.6109375 0.6194444444444445 0.0328125 0.08888888888888889
0 0.634765625 0.5298611111111111 0.02890625 0.0875
0 0.736328125 0.4125 0.02265625 0.058333333333333334
0 0.958203125 0.8826388888888889 0.05078125 0.19027777777777777
0 0.425390625 0.6451388888888889 0.03671875 0.10138888888888889
0 0.7765625 0.5333333333333333 0.0234375 0.06666666666666667
0 0.771484375 0.41805555555555557 0.02265625 0.058333333333333334
0 0.5375 0.5715277777777777 0.0296875 0.09305555555555556
0 0.710546875 0.575 0.01796875 0.04722222222222222
0 0.75546875 0.49583333333333335 0.0234375 0.06666666666666667
0 0.673828125 0.5069444444444444 0.02421875 0.06388888888888888
0 0.70546875 0.5076388888888889 0.0234375 0.059722222222222225
0 0.875390625 0.41041666666666665 0.02265625 0.05694444444444444
0 0.80703125 0.4076388888888889 0.0203125 0.05138888888888889
0 0.72890625 0.5208333333333334 0.021875 0.06944444444444445
0 0.84375 0.41805555555555557 0.021875 0.05555555555555555
0 0.6296875 0.49166666666666664 0.025 0.06666666666666667
1 0.626171875 0.38333333333333336 0.03984375 0.06388888888888888
1 0.684375 0.4048611111111111 0.040625 0.0625
1 0.5484375 0.4173611111111111 0.04375 0.06527777777777778
1 0.71171875 0.4666666666666667 0.046875 0.06944444444444445
