4 0.1734375 0.2833333333333333 0.025390625 0.06145833333333333
5 0.1140625 0.6979166666666666 0.1548828125 0.26666666666666666
5 0.66796875 0.24166666666666667 0.0390625 0.041666666666666664
5 0.637890625 0.2673611111111111 0.0333984375 0.05138888888888889
5 0.634765625 0.2388888888888889 0.0416015625 0.04756944444444444
5 0.605078125 0.3076388888888889 0.0458984375 0.06770833333333333
6 0.776953125 0.69375 0.40390625 0.6097222222222223
6 0.557421875 0.4354166666666667 0.1177734375 0.315625
7 0.557421875 0.4354166666666667 0.11171875 0.30972222222222223
4 0.212109375 0.29097222222222224 0.02734375 0.07951388888888888
4 0.751171875 0.3854166666666667 0.02890625 0.08229166666666667
