0 0.18984375 0.4895833333333333 0.0265625 0.10972222222222222
0 0.667578125 0.3368055555555556 0.02109375 0.07916666666666666
0 0.755078125 0.8104166666666667 0.06015625 0.20416666666666666
0 0.915625 0.7402777777777778 0.0390625 0.1527777777777778
0 0.23515625 0.46111111111111114 0.025 0.10555555555555556
0 0.5921875 0.24097222222222223 0.0125 0.05694444444444444
0 0.08828125 0.7166666666666667 0.0671875 0.18888888888888888
0 0.617578125 0.3076388888888889 0.01640625 0.07083333333333333
1 0.30390625 0.4263888888888889 0.06875 0.13055555555555556
3 0.45859375 0.2152777777777778 0.0390625 0.09444444444444444
3 0.362890625 0.2791666666666667 0.04921875 0.11666666666666667
3 0.5328125 0.15763888888888888 0.028125 0.0625
3 0.217578125 0.7111111111111111 0.43515625 0.5777777777777777
