4 0.078125 0.40347222222222223 0.059765625 0.07048611111111111
4 0.208203125 0.27569444444444446 0.059375 0.05
4 0.31328125 0.2847222222222222 0.023828125 0.0920138888888889
4 0.380078125 0.3111111111111111 0.0265625 0.08333333333333333
5 0.557421875 0.29375 0.0609375 0.10381944444444445
4 0.699609375 0.3263888888888889 0.0212890625 0.09097222222222222
4 0.662109375 0.30694444444444446 0.01640625 0.07430555555555556
4 0.68828125 0.28402777777777777 0.0232421875 0.05694444444444444
4 0.6546875 0.2625 0.015234375 0.0920138888888889
4 0.612109375 0.2708333333333333 0.0224609375 0.09236111111111112
4 0.63515625 0.26805555555555555 0.023046875 0.071875
4 0.389453125 0.21597222222222223 0.0177734375 0.07222222222222222
4 0.464453125 0.2611111111111111 0.0244140625 0.06979166666666667
