0 0.278125 0.4701388888888889 0.0453125 0.12083333333333333
0 0.366015625 0.2388888888888889 0.01796875 0.06388888888888888
0 0.536328125 0.325 0.02734375 0.075
0 0.67421875 0.26944444444444443 0.0234375 0.06944444444444445
0 0.64375 0.23402777777777778 0.015625 0.059722222222222225
1 0.633984375 0.3076388888888889 0.06171875 0.10138888888888889
3 0.441015625 0.2298611111111111 0.06484375 0.18472222222222223
3 0.75546875 0.4840277777777778 0.1421875 0.31527777777777777
3 0.549609375 0.23680555555555555 0.06171875 0.1597222222222222
2 0.591796875 0.19236111111111112 0.05078125 0.12083333333333333
