5 0.371875 0.5201388888888889 0.0939453125 0.22083333333333333
7 0.556640625 0.23055555555555557 0.0599609375 0.12708333333333333
4 0.616796875 0.2638888888888889 0.0228515625 0.071875
4 0.303125 0.40625 0.028125 0.10972222222222222
4 0.304296875 0.3298611111111111 0.0265625 0.065625
4 0.334765625 0.33611111111111114 0.0265625 0.08819444444444445
4 0.362109375 0.27569444444444446 0.02109375 0.05694444444444444
4 0.4140625 0.2777777777777778 0.037109375 0.07777777777777778
4 0.24765625 0.5791666666666667 0.048046875 0.128125
4 0.219921875 0.42986111111111114 0.03828125 0.10138888888888889
4 0.072265625 0.3923611111111111 0.0490234375 0.06284722222222222
