1 0.5578125 0.4152777777777778 0.0453125 0.06388888888888888
2 0.59296875 0.35347222222222224 0.053125 0.09027777777777778
0 0.815234375 0.45555555555555555 0.01640625 0.05277777777777778
0 0.729296875 0.6340277777777777 0.03046875 0.10416666666666667
0 0.673046875 0.6486111111111111 0.03046875 0.08333333333333333
0 0.719921875 0.4513888888888889 0.01640625 0.058333333333333334
0 0.363671875 0.8458333333333333 0.03671875 0.20555555555555555
0 0.265625 0.7618055555555555 0.04375 0.12916666666666668
1 0.31796875 0.5784722222222223 0.1046875 0.10416666666666667
0 0.35390625 0.7458333333333333 0.0390625 0.13333333333333333
0 0.8359375 0.4979166666666667 0.025 0.07083333333333333
0 0.421875 0.7472222222222222 0.0328125 0.1
0 0.86484375 0.6506944444444445 0.034375 0.12083333333333333
0 0.265625 0.8805555555555555 0.053125 0.14166666666666666
1 0.47578125 0.5243055555555556 0.0703125 0.09305555555555556
0 0.610546875 0.6979166666666666 0.03515625 0.10972222222222222
0 0.55859375 0.6784722222222223 0.0296875 0.12083333333333333
0 0.614453125 0.5138888888888888 0.02421875 0.08333333333333333
0 0.31171875 0.8 0.040625 0.15
0 0.788671875 0.6013888888888889 0.02890625 0.10277777777777777
0 0.50390625 0.6423611111111112 0.028125 0.10138888888888889
0 0.161328125 0.9305555555555556 0.05078125 0.1388888888888889
0 0.047265625 0.925 0.06640625 0.15
0 0.112890625 0.80625 0.06328125 0.14583333333333334
0 0.2125 0.8652777777777778 0.0484375 0.16111111111111112
0 0.385546875 0.8895833333333333 0.04140625 0.19027777777777777
1 0.507421875 0.8520833333333333 0.11953125 0.1736111111111111
1 0.565625 0.5472222222222223 0.0609375 0.09166666666666666
1 0.70859375 0.5298611111111111 0.0484375 0.06527777777777778
0 0.5609375 0.5861111111111111 0.0203125 0.06666666666666667
0 0.677734375 0.46111111111111114 0.01796875 0.06666666666666667
1 0.623046875 0.4576388888888889 0.05546875 0.059722222222222225
1 0.65546875 0.4097222222222222 0.0328125 0.05555555555555555
1 0.69296875 0.3763888888888889 0.0265625 0.044444444444444446
0 0.798046875 0.5104166666666666 0.01796875 0.0625
0 0.62890625 0.63125 0.0265625 0.0875
0 0.587890625 0.6263888888888889 0.02734375 0.09444444444444444
0 0.45703125 0.6319444444444444 0.0296875 0.09722222222222222
0 0.445703125 0.69375 0.03046875 0.09305555555555556
1 0.6375 0.3736111111111111 0.028125 0.03888888888888889
0 0.83046875 0.40625 0.0171875 0.04861111111111111
0 0.864453125 0.37916666666666665 0.02109375 0.06388888888888888
0 0.81015625 0.3861111111111111 0.0125 0.04722222222222222
