0 0.29453125 0.6597222222222222 0.0296875 0.15833333333333333
0 0.416796875 0.6840277777777778 0.03359375 0.1597222222222222
0 0.466796875 0.7458333333333333 0.03046875 0.17222222222222222
0 0.529296875 0.6173611111111111 0.02734375 0.14027777777777778
0 0.509375 0.5104166666666666 0.03125 0.12083333333333333
0 0.487109375 0.3861111111111111 0.01640625 0.08333333333333333
0 0.525390625 0.42916666666666664 0.01796875 0.08888888888888889
0 0.523046875 0.3173611111111111 0.01484375 0.06527777777777778
0 0.52109375 0.2534722222222222 0.0125 0.04583333333333333
0 0.43046875 0.2638888888888889 0.0109375 0.05
0 0.4671875 0.25 0.0140625 0.05555555555555555
