5 0.376953125 0.6090277777777777 0.11484375 0.2204861111111111
5 0.57265625 0.35208333333333336 0.0736328125 0.12048611111111111
4 0.8390625 0.7333333333333333 0.0716796875 0.21666666666666667
4 0.75390625 0.5055555555555555 0.0466796875 0.12534722222222222
4 0.80078125 0.4826388888888889 0.0517578125 0.1111111111111111
4 0.7 0.3194444444444444 0.0345703125 0.07847222222222222
4 0.645703125 0.3861111111111111 0.0287109375 0.09756944444444444
4 0.62265625 0.29791666666666666 0.0205078125 0.06527777777777778
4 0.65546875 0.28194444444444444 0.017578125 0.06979166666666667
4 0.680078125 0.27152777777777776 0.02421875 0.0625
4 0.326171875 0.3819444444444444 0.028125 0.10347222222222222
4 0.3875 0.33958333333333335 0.0314453125 0.11840277777777777
4 0.27578125 0.39444444444444443 0.041796875 0.1
4 0.359765625 0.2986111111111111 0.0177734375 0.06979166666666667
4 0.084765625 0.3972222222222222 0.059375 0.07291666666666667
4 0.20859375 0.28541666666666665 0.0408203125 0.04895833333333333
4 0.2703125 0.525 0.05 0.14166666666666666
4 0.110546875 0.7645833333333333 0.08828125 0.22951388888888888
4 0.341015625 0.2777777777777778 0.01953125 0.07847222222222222
4 0.513671875 0.2590277777777778 0.0203125 0.06666666666666667
