1 0.613671875 0.3159722222222222 0.03984375 0.08472222222222223
1 0.43515625 0.22152777777777777 0.065625 0.059722222222222225
0 0.19375 0.31875 0.0203125 0.0625
0 0.150390625 0.3263888888888889 0.02109375 0.06666666666666667
3 0.274609375 0.1986111111111111 0.06171875 0.06944444444444445
1 0.6078125 0.25277777777777777 0.0375 0.05
3 0.65234375 0.25625 0.05 0.08194444444444444
1 0.71171875 0.22152777777777777 0.0390625 0.04861111111111111
0 0.355078125 0.2152777777777778 0.02421875 0.03888888888888889
0 0.496484375 0.23402777777777778 0.01953125 0.0375
0 0.51484375 0.24166666666666667 0.0234375 0.03333333333333333
0 0.8890625 0.5722222222222222 0.0484375 0.11944444444444445
