0 0.551171875 0.3423611111111111 0.03203125 0.08194444444444444
0 0.898828125 0.8506944444444444 0.04921875 0.1875
0 0.355078125 0.3284722222222222 0.01796875 0.08194444444444444
0 0.6890625 0.3659722222222222 0.0234375 0.09305555555555556
0 0.283203125 0.3506944444444444 0.02265625 0.06805555555555555
0 0.525390625 0.3090277777777778 0.03515625 0.06805555555555555
0 0.305859375 0.30972222222222223 0.02265625 0.06944444444444445
0 0.393359375 0.3090277777777778 0.03046875 0.06805555555555555
1 0.6984375 0.5194444444444445 0.1328125 0.11944444444444445
1 0.284765625 0.46319444444444446 0.13671875 0.12083333333333333
1 0.557421875 0.2534722222222222 0.03828125 0.06527777777777778
3 0.4546875 0.24375 0.0453125 0.10972222222222222
3 0.516796875 0.17083333333333334 0.03515625 0.07777777777777778
0 0.33515625 0.3145833333333333 0.021875 0.07916666666666666
