3 0.275390625 0.6881944444444444 0.16640625 0.4263888888888889
3 0.533203125 0.2986111111111111 0.07421875 0.19722222222222222
3 0.258203125 0.21041666666666667 0.06640625 0.09861111111111111
3 0.172265625 0.18611111111111112 0.05078125 0.06944444444444445
1 0.168359375 0.40555555555555556 0.06484375 0.13333333333333333
1 0.262109375 0.35625 0.06015625 0.09861111111111111
1 0.604296875 0.28680555555555554 0.03828125 0.06527777777777778
1 0.656640625 0.25416666666666665 0.04453125 0.058333333333333334
1 0.694140625 0.23958333333333334 0.03984375 0.04583333333333333
1 0.25 0.2548611111111111 0.046875 0.05416666666666667
0 0.166796875 0.275 0.02421875 0.05
0 0.03359375 0.5208333333333334 0.0453125 0.13333333333333333
3 0.755078125 0.6604166666666667 0.48984375 0.6791666666666667
1 0.687890625 0.4888888888888889 0.05703125 0.1111111111111111
