3 0.187109375 0.18541666666666667 0.10234375 0.10972222222222222
3 0.539453125 0.3527777777777778 0.08828125 0.2916666666666667
3 0.629296875 0.7527777777777778 0.17421875 0.4861111111111111
1 0.857421875 0.8986111111111111 0.23984375 0.20277777777777778
2 0.70703125 0.5395833333333333 0.1296875 0.23472222222222222
2 0.61953125 0.35208333333333336 0.05625 0.12916666666666668
0 0.703515625 0.30625 0.01796875 0.059722222222222225
0 0.732421875 0.37777777777777777 0.01640625 0.08055555555555556
0 0.82109375 0.4444444444444444 0.0265625 0.10555555555555556
0 0.445703125 0.31666666666666665 0.02109375 0.06944444444444445
0 0.285546875 0.22152777777777777 0.01484375 0.043055555555555555
0 0.365234375 0.2125 0.02421875 0.05
2 0.46875 0.22013888888888888 0.1171875 0.08194444444444444
