0 0.25234375 0.3923611111111111 0.025 0.10416666666666667
0 0.39296875 0.24930555555555556 0.0140625 0.05694444444444444
0 0.1140625 0.7958333333333333 0.0484375 0.2
0 0.36171875 0.24375 0.0140625 0.0625
0 0.363671875 0.3333333333333333 0.01953125 0.08333333333333333
0 0.423828125 0.2013888888888889 0.01171875 0.058333333333333334
0 0.340234375 0.32569444444444445 0.02109375 0.0875
0 0.603515625 0.21388888888888888 0.01171875 0.05277777777777778
1 0.382421875 0.5875 0.10390625 0.2222222222222222
1 0.33046875 0.4326388888888889 0.071875 0.09583333333333334
1 0.447265625 0.2791666666666667 0.03671875 0.07777777777777778
3 0.62578125 0.5965277777777778 0.1421875 0.3458333333333333
3 0.555859375 0.3125 0.06171875 0.15
3 0.5328125 0.19652777777777777 0.0359375 0.08194444444444444
3 0.471875 0.14444444444444443 0.0265625 0.058333333333333334
