0 0.241015625 0.6625 0.04140625 0.16944444444444445
0 0.559375 0.6659722222222222 0.03125 0.15138888888888888
0 0.36484375 0.4027777777777778 0.021875 0.09722222222222222
0 0.5421875 0.4861111111111111 0.021875 0.1111111111111111
0 0.529296875 0.4305555555555556 0.01484375 0.08611111111111111
0 0.5359375 0.3770833333333333 0.0171875 0.07361111111111111
0 0.541015625 0.32708333333333334 0.01640625 0.05138888888888889
0 0.516796875 0.2708333333333333 0.01328125 0.05
0 0.5390625 0.2520833333333333 0.0125 0.04583333333333333
0 0.40390625 0.3284722222222222 0.0171875 0.059722222222222225
0 0.455859375 0.21875 0.00859375 0.03194444444444444
0 0.528515625 0.20416666666666666 0.00859375 0.03333333333333333
2 0.5046875 0.20694444444444443 0.0328125 0.08055555555555556
3 0.476171875 0.34791666666666665 0.07109375 0.1736111111111111
