0 0.159765625 0.3 0.02265625 0.06388888888888888
0 0.1421875 0.4027777777777778 0.0203125 0.08611111111111111
0 0.0734375 0.53125 0.0390625 0.12916666666666668
0 0.716796875 0.35694444444444445 0.02734375 0.06944444444444445
1 0.57890625 0.6548611111111111 0.121875 0.20416666666666666
1 0.7671875 0.6631944444444444 0.1703125 0.22361111111111112
3 0.524609375 0.2875 0.06640625 0.15833333333333333
3 0.632421875 0.32916666666666666 0.09609375 0.2388888888888889
3 0.230078125 0.24722222222222223 0.04296875 0.09444444444444444
0 0.28671875 0.25069444444444444 0.01875 0.04861111111111111
3 0.6953125 0.21041666666666667 0.0640625 0.07361111111111111
3 0.46875 0.23541666666666666 0.0265625 0.04027777777777778
