0 0.269140625 0.4326388888888889 0.02734375 0.12638888888888888
0 0.7453125 0.8513888888888889 0.06875 0.2111111111111111
0 0.840625 0.5597222222222222 0.0453125 0.14166666666666666
0 0.643359375 0.21875 0.01015625 0.05138888888888889
0 0.319921875 0.2743055555555556 0.02109375 0.06527777777777778
1 0.557421875 0.32083333333333336 0.05546875 0.08333333333333333
1 0.393359375 0.21875 0.04765625 0.07083333333333333
1 0.45546875 0.20208333333333334 0.0375 0.05138888888888889
1 0.466015625 0.16041666666666668 0.02734375 0.04027777777777778
1 0.4390625 0.1388888888888889 0.028125 0.041666666666666664
1 0.67109375 0.3326388888888889 0.06875 0.0875
3 0.578125 0.48125 0.090625 0.24861111111111112
3 0.70625 0.425 0.1046875 0.2111111111111111
3 0.609765625 0.22291666666666668 0.04609375 0.09583333333333334
3 0.535546875 0.15625 0.04609375 0.12916666666666668
2 0.583984375 0.15347222222222223 0.03671875 0.0875
