7 0.478125 0.20347222222222222 0.0703125 0.07881944444444444
7 0.646875 0.2263888888888889 0.046875 0.07256944444444445
7 0.65859375 0.4131944444444444 0.1 0.20416666666666666
5 0.613671875 0.8493055555555555 0.16484375 0.2986111111111111
5 0.358984375 0.22430555555555556 0.06875 0.05381944444444445
6 0.778515625 0.6854166666666667 0.2005859375 0.33055555555555555
7 0.265234375 0.19791666666666666 0.0583984375 0.059375
4 0.76640625 0.43194444444444446 0.0263671875 0.08368055555555555
6 0.617578125 0.2659722222222222 0.046875 0.07604166666666666
5 0.709375 0.24444444444444444 0.0375 0.04375
