0 0.143359375 0.5902777777777778 0.05078125 0.15555555555555556
0 0.30859375 0.2986111111111111 0.021875 0.06944444444444445
0 0.27578125 0.3770833333333333 0.028125 0.09583333333333334
0 0.341015625 0.2965277777777778 0.02265625 0.0763888888888889
0 0.83046875 0.51875 0.0421875 0.12638888888888888
0 0.67734375 0.29583333333333334 0.0203125 0.075
0 0.823046875 0.4486111111111111 0.03984375 0.11666666666666667
0 0.323828125 0.2375 0.01953125 0.05555555555555555
0 0.643359375 0.21319444444444444 0.01484375 0.04583333333333333
0 0.6609375 0.2659722222222222 0.01875 0.059722222222222225
0 0.346484375 0.225 0.01640625 0.05
1 0.767578125 0.6868055555555556 0.16171875 0.2625
1 0.68828125 0.39375 0.0828125 0.1375
1 0.563671875 0.40625 0.07734375 0.14027777777777778
3 0.54375 0.21458333333333332 0.0578125 0.12638888888888888
3 0.6078125 0.20069444444444445 0.0609375 0.12638888888888888
3 0.4546875 0.23472222222222222 0.046875 0.1111111111111111
