1 0.743359375 0.7208333333333333 0.14453125 0.21388888888888888
3 0.584375 0.5791666666666667 0.1203125 0.3333333333333333
2 0.6625 0.44375 0.08125 0.19027777777777777
2 0.607421875 0.3263888888888889 0.04765625 0.1111111111111111
3 0.536328125 0.3298611111111111 0.07578125 0.2652777777777778
3 0.231640625 0.1875 0.13671875 0.11666666666666667
0 0.45625 0.30833333333333335 0.0265625 0.06944444444444445
0 0.398046875 0.22777777777777777 0.02109375 0.05
0 0.44140625 0.22013888888888888 0.025 0.04583333333333333
1 0.648828125 0.26805555555555555 0.03984375 0.04722222222222222
1 0.8125 0.43125 0.0265625 0.09583333333333334
1 0.71015625 0.32708333333333334 0.015625 0.0763888888888889
2 0.719921875 0.22361111111111112 0.04140625 0.05277777777777778
