0 0.357421875 0.2986111111111111 0.02109375 0.08055555555555556
0 0.2890625 0.3659722222222222 0.0203125 0.07361111111111111
0 0.255859375 0.48680555555555555 0.03203125 0.12916666666666668
0 0.321484375 0.4173611111111111 0.02265625 0.09583333333333334
0 0.5984375 0.21388888888888888 0.0125 0.04722222222222222
0 0.401171875 0.21041666666666667 0.02421875 0.06527777777777778
1 0.448046875 0.28125 0.03671875 0.07916666666666666
1 0.45546875 0.1840277777777778 0.0265625 0.05138888888888889
1 0.401171875 0.21041666666666667 0.02421875 0.06527777777777778
3 0.54296875 0.32708333333333334 0.0671875 0.16527777777777777
3 0.526171875 0.18472222222222223 0.04296875 0.09722222222222222
0 0.291015625 0.3034722222222222 0.01796875 0.034722222222222224
1 0.573046875 0.2048611111111111 0.02734375 0.043055555555555555
0 0.770703125 0.2986111111111111 0.03359375 0.05555555555555555
