1 0.642578125 0.27569444444444446 0.04609375 0.04583333333333333
1 0.291015625 0.29097222222222224 0.03984375 0.06805555555555555
1 0.438671875 0.2263888888888889 0.04609375 0.04722222222222222
1 0.181640625 0.225 0.05546875 0.03611111111111111
3 0.540234375 0.2965277777777778 0.06640625 0.14027777777777778
0 0.1375 0.275 0.0140625 0.05277777777777778
0 0.40703125 0.22708333333333333 0.0203125 0.034722222222222224
3 0.353515625 0.33611111111111114 0.10078125 0.2722222222222222
3 0.615234375 0.5333333333333333 0.19921875 0.46944444444444444
3 0.569921875 0.22430555555555556 0.08203125 0.12083333333333333
