0 0.071484375 0.8013888888888889 0.06796875 0.20555555555555555
0 0.349609375 0.22847222222222222 0.02109375 0.07361111111111111
0 0.559765625 0.36736111111111114 0.02421875 0.09861111111111111
0 0.630078125 0.37430555555555556 0.01640625 0.09027777777777778
0 0.711328125 0.4388888888888889 0.02890625 0.12222222222222222
0 0.795703125 0.4861111111111111 0.03671875 0.10555555555555556
0 0.678515625 0.3284722222222222 0.01796875 0.06805555555555555
0 0.728125 0.33958333333333335 0.0265625 0.07361111111111111
0 0.67734375 0.2951388888888889 0.0203125 0.04861111111111111
0 0.69765625 0.27569444444444446 0.025 0.0625
0 0.63671875 0.23333333333333334 0.0171875 0.058333333333333334
0 0.598828125 0.19444444444444445 0.01484375 0.05555555555555555
0 0.636328125 0.19722222222222222 0.01015625 0.05
0 0.545703125 0.18263888888888888 0.01328125 0.05138888888888889
1 0.61640625 0.31527777777777777 0.0609375 0.075
1 0.5953125 0.23055555555555557 0.0375 0.05555555555555555
3 0.4171875 0.3159722222222222 0.071875 0.2013888888888889
3 0.540625 0.26875 0.04375 0.12083333333333333
3 0.45390625 0.1673611111111111 0.0453125 0.11527777777777778
