7 0.59765625 0.2861111111111111 0.0361328125 0.08333333333333333
5 0.540234375 0.4486111111111111 0.06171875 0.12743055555555555
5 0.619921875 0.8305555555555556 0.19375 0.3111111111111111
5 0.583984375 0.35694444444444445 0.0541015625 0.09097222222222222
5 0.67109375 0.2520833333333333 0.0328125 0.042708333333333334
4 0.209375 0.3034722222222222 0.0251953125 0.057291666666666664
4 0.746875 0.4305555555555556 0.028515625 0.06701388888888889
4 0.72578125 0.3625 0.0248046875 0.06388888888888888
6 0.793359375 0.7097222222222223 0.18828125 0.3579861111111111
4 0.208984375 0.35347222222222224 0.028125 0.08194444444444444
