0 0.306640625 0.32569444444444445 0.03046875 0.07916666666666666
0 0.329296875 0.5291666666666667 0.03828125 0.15
0 0.36953125 0.2638888888888889 0.021875 0.06944444444444445
0 0.41328125 0.23958333333333334 0.015625 0.0625
0 0.43203125 0.225 0.0125 0.058333333333333334
0 0.458984375 0.1986111111111111 0.01640625 0.05
0 0.47578125 0.19722222222222222 0.0140625 0.04722222222222222
0 0.7328125 0.3590277777777778 0.0265625 0.08472222222222223
0 0.7734375 0.38055555555555554 0.03125 0.09166666666666666
0 0.843359375 0.5284722222222222 0.03671875 0.12916666666666668
0 0.8125 0.8881944444444444 0.0796875 0.17916666666666667
0 0.945703125 0.8180555555555555 0.08515625 0.19444444444444445
1 0.70390625 0.45625 0.1046875 0.1375
3 0.566015625 0.3284722222222222 0.08828125 0.2263888888888889
2 0.647265625 0.28888888888888886 0.08671875 0.18888888888888888
