3 0.53984375 0.3111111111111111 0.0703125 0.1638888888888889
3 0.64453125 0.40208333333333335 0.109375 0.2263888888888889
3 0.861328125 0.7715277777777778 0.27734375 0.45694444444444443
3 0.573046875 0.22291666666666668 0.10078125 0.0875
3 0.2453125 0.2673611111111111 0.0703125 0.10694444444444444
1 0.35078125 0.29305555555555557 0.05 0.06388888888888888
1 0.38671875 0.22152777777777777 0.0578125 0.04027777777777778
1 0.6109375 0.3055555555555556 0.0484375 0.06666666666666667
1 0.198046875 0.24583333333333332 0.03671875 0.05555555555555555
0 0.1421875 0.22777777777777777 0.009375 0.03888888888888889
0 0.160546875 0.22083333333333333 0.01015625 0.03888888888888889
