0 0.180859375 0.7993055555555556 0.06171875 0.18472222222222223
0 0.31328125 0.7548611111111111 0.05625 0.09861111111111111
0 0.32265625 0.8645833333333334 0.078125 0.1763888888888889
0 0.432421875 0.7013888888888888 0.04765625 0.07222222222222222
0 0.43984375 0.7638888888888888 0.05 0.1111111111111111
0 0.4984375 0.7944444444444444 0.046875 0.13333333333333333
0 0.51875 0.7423611111111111 0.053125 0.11527777777777778
0 0.56171875 0.6701388888888888 0.0359375 0.09027777777777778
0 0.544921875 0.5868055555555556 0.04140625 0.09583333333333334
0 0.601953125 0.7083333333333334 0.04296875 0.08888888888888889
0 0.64765625 0.6576388888888889 0.053125 0.10416666666666667
0 0.69921875 0.65625 0.0453125 0.12638888888888888
0 0.775390625 0.6548611111111111 0.05078125 0.12361111111111112
0 0.483203125 0.9201388888888888 0.06484375 0.14027777777777778
0 0.6734375 0.46111111111111114 0.0171875 0.09166666666666666
0 0.691796875 0.4527777777777778 0.01796875 0.08055555555555556
0 0.739453125 0.45625 0.02578125 0.0763888888888889
0 0.773046875 0.45208333333333334 0.02421875 0.07083333333333333
0 0.80078125 0.46041666666666664 0.021875 0.06527777777777778
0 0.8203125 0.45 0.01875 0.05277777777777778
0 0.8421875 0.49583333333333335 0.0265625 0.06111111111111111
1 0.6546875 0.6034722222222222 0.075 0.13194444444444445
1 0.48671875 0.4708333333333333 0.06875 0.1
1 0.550390625 0.4215277777777778 0.05390625 0.06805555555555555
0 0.584375 0.36736111111111114 0.040625 0.05416666666666667
1 0.63125 0.8666666666666667 0.128125 0.2222222222222222
1 0.6578125 0.4166666666666667 0.046875 0.07222222222222222
