5 0.558203125 0.4041666666666667 0.0400390625 0.09722222222222222
5 0.571875 0.59375 0.1111328125 0.19340277777777778
5 0.534375 0.3388888888888889 0.0453125 0.07256944444444445
5 0.53984375 0.2847222222222222 0.0388671875 0.04756944444444444
5 0.575 0.2590277777777778 0.0341796875 0.04861111111111111
6 0.263671875 0.30694444444444446 0.06953125 0.1798611111111111
6 0.70390625 0.5569444444444445 0.1484375 0.2638888888888889
6 0.615234375 0.31180555555555556 0.0587890625 0.1361111111111111
4 0.04765625 0.5284722222222222 0.040625 0.14166666666666666
5 0.88515625 0.8979166666666667 0.228125 0.2013888888888889
