0 0.65703125 0.4097222222222222 0.025 0.09722222222222222
0 0.277734375 0.5493055555555556 0.03515625 0.13194444444444445
0 0.156640625 0.5194444444444445 0.04296875 0.11666666666666667
0 0.696875 0.3784722222222222 0.0234375 0.09027777777777778
0 0.782421875 0.4909722222222222 0.03046875 0.10694444444444444
0 0.252734375 0.425 0.02265625 0.10833333333333334
0 0.722265625 0.4888888888888889 0.03515625 0.11388888888888889
0 0.198828125 0.4756944444444444 0.02109375 0.10138888888888889
0 0.255078125 0.6847222222222222 0.03671875 0.15555555555555556
0 0.675 0.3388888888888889 0.0265625 0.06944444444444445
0 0.301171875 0.3236111111111111 0.02265625 0.06666666666666667
0 0.74609375 0.48055555555555557 0.0359375 0.1
0 0.2421875 0.5201388888888889 0.0265625 0.11805555555555555
0 0.228515625 0.6298611111111111 0.04140625 0.15138888888888888
0 0.53359375 0.2833333333333333 0.0234375 0.06388888888888888
0 0.23046875 0.4777777777777778 0.03125 0.10833333333333334
0 0.342578125 0.30972222222222223 0.01796875 0.044444444444444446
0 0.557421875 0.24305555555555555 0.01796875 0.06111111111111111
0 0.58828125 0.25763888888888886 0.0203125 0.0625
0 0.3265625 0.30277777777777776 0.021875 0.06944444444444445
1 0.666015625 0.8201388888888889 0.14921875 0.2708333333333333
1 0.346484375 0.3798611111111111 0.11171875 0.11527777777777778
1 0.458203125 0.3277777777777778 0.05703125 0.10555555555555556
1 0.51875 0.2013888888888889 0.0265625 0.058333333333333334
3 0.56484375 0.38125 0.0953125 0.23194444444444445
0 0.201171875 0.41041666666666665 0.02421875 0.04583333333333333
