0 0.516796875 0.6680555555555555 0.03359375 0.15
0 0.35859375 0.9104166666666667 0.0484375 0.17916666666666667
0 0.308984375 0.51875 0.02578125 0.12083333333333333
0 0.40390625 0.6305555555555555 0.03125 0.15555555555555556
0 0.457421875 0.6770833333333334 0.03359375 0.1486111111111111
0 0.3421875 0.5069444444444444 0.025 0.10555555555555556
0 0.428515625 0.5111111111111111 0.02265625 0.11666666666666667
0 0.4625 0.5006944444444444 0.025 0.1125
0 0.5078125 0.4375 0.0234375 0.08888888888888889
0 0.55703125 0.5555555555555556 0.0265625 0.13055555555555556
0 0.417578125 0.3486111111111111 0.01640625 0.08055555555555556
0 0.5 0.3375 0.0140625 0.06666666666666667
0 0.53515625 0.3173611111111111 0.0171875 0.07083333333333333
