0 0.40234375 0.49027777777777776 0.0703125 0.10833333333333334
0 0.448828125 0.2875 0.01796875 0.06944444444444445
0 0.594140625 0.38333333333333336 0.03046875 0.08333333333333333
0 0.470703125 0.44930555555555557 0.04453125 0.09583333333333334
0 0.596484375 0.45 0.06328125 0.08333333333333333
0 0.30078125 0.4597222222222222 0.059375 0.09444444444444444
0 0.5265625 0.2708333333333333 0.0234375 0.06666666666666667
0 0.463671875 0.42291666666666666 0.03671875 0.10138888888888889
0 0.6125 0.24166666666666667 0.021875 0.05277777777777778
0 0.43984375 0.21388888888888888 0.015625 0.04722222222222222
0 0.424609375 0.29583333333333334 0.02109375 0.06666666666666667
1 0.534375 0.5451388888888888 0.1265625 0.11805555555555555
1 0.800390625 0.4673611111111111 0.11484375 0.1125
3 0.5796875 0.30972222222222223 0.0734375 0.1638888888888889
3 0.054296875 0.4486111111111111 0.10859375 0.19722222222222222
3 0.322265625 0.37916666666666665 0.19609375 0.19444444444444445
0 0.35703125 0.4736111111111111 0.046875 0.09722222222222222
0 0.383984375 0.4284722222222222 0.03671875 0.07083333333333333
