5 0.612890625 0.6243055555555556 0.1166015625 0.19722222222222222
5 0.587890625 0.2048611111111111 0.0537109375 0.10729166666666666
4 0.635546875 0.21805555555555556 0.0212890625 0.050347222222222224
4 0.22421875 0.5916666666666667 0.041796875 0.16111111111111112
4 0.290234375 0.54375 0.0306640625 0.10416666666666667
4 0.34375 0.41180555555555554 0.0359375 0.10416666666666667
4 0.39453125 0.5166666666666667 0.0546875 0.196875
4 0.393359375 0.3597222222222222 0.0208984375 0.08923611111111111
4 0.430078125 0.36180555555555555 0.0287109375 0.09861111111111111
4 0.2984375 0.4013888888888889 0.037890625 0.09444444444444444
4 0.259765625 0.38125 0.0306640625 0.09861111111111111
4 0.1328125 0.6652777777777777 0.074609375 0.16145833333333334
4 0.07890625 0.4111111111111111 0.0626953125 0.05625
4 0.328515625 0.3284722222222222 0.0212890625 0.0763888888888889
4 0.360546875 0.2708333333333333 0.0259765625 0.07569444444444444
4 0.38125 0.26458333333333334 0.0232421875 0.05555555555555555
4 0.41015625 0.25833333333333336 0.0220703125 0.07291666666666667
4 0.2375 0.4701388888888889 0.0328125 0.11006944444444444
4 0.3640625 0.19375 0.015234375 0.05416666666666667
4 0.384765625 0.19930555555555557 0.015625 0.05277777777777778
