0 0.529296875 0.2777777777777778 0.03046875 0.07777777777777778
0 0.388671875 0.19236111111111112 0.01796875 0.04583333333333333
0 0.405078125 0.19166666666666668 0.01796875 0.03888888888888889
0 0.7421875 0.3576388888888889 0.0265625 0.09027777777777778
0 0.77265625 0.41458333333333336 0.0296875 0.10138888888888889
0 0.946484375 0.7444444444444445 0.07578125 0.19722222222222222
1 0.52578125 0.21736111111111112 0.034375 0.0625
1 0.582421875 0.20625 0.03984375 0.05694444444444444
1 0.698828125 0.4777777777777778 0.09921875 0.125
1 0.839453125 0.7972222222222223 0.21953125 0.3055555555555556
2 0.653515625 0.3263888888888889 0.07578125 0.1388888888888889
