4 0.180078125 0.5756944444444444 0.0693359375 0.15659722222222222
4 0.20546875 0.4479166666666667 0.034375 0.0875
4 0.078125 0.38958333333333334 0.069140625 0.09444444444444444
4 0.205078125 0.28541666666666665 0.0396484375 0.059722222222222225
4 0.254296875 0.3659722222222222 0.021875 0.09027777777777778
4 0.317578125 0.375 0.028125 0.11076388888888888
4 0.3078125 0.3416666666666667 0.034375 0.08576388888888889
4 0.61328125 0.4215277777777778 0.0265625 0.09722222222222222
4 0.665625 0.37777777777777777 0.028515625 0.10277777777777777
4 0.7125 0.32708333333333334 0.0251953125 0.08194444444444444
4 0.68515625 0.28541666666666665 0.0328125 0.08472222222222223
4 0.557421875 0.3333333333333333 0.02578125 0.08402777777777778
5 0.43359375 0.2923611111111111 0.0470703125 0.08506944444444445
7 0.446875 0.2048611111111111 0.050390625 0.09444444444444444
4 0.3953125 0.25763888888888886 0.0234375 0.07083333333333333
4 0.354296875 0.2625 0.02109375 0.071875
4 0.330078125 0.2520833333333333 0.0208984375 0.06944444444444445
4 0.37734375 0.22361111111111112 0.015625 0.05590277777777778
4 0.354296875 0.19236111111111112 0.0130859375 0.043402777777777776
