0 0.4921875 0.6826388888888889 0.03125 0.14583333333333334
0 0.51875 0.5180555555555556 0.0265625 0.11944444444444445
0 0.376171875 0.37430555555555556 0.02109375 0.09027777777777778
0 0.493359375 0.3263888888888889 0.01640625 0.07222222222222222
0 0.515625 0.3611111111111111 0.015625 0.08333333333333333
0 0.429296875 0.28888888888888886 0.02109375 0.06388888888888888
1 0.498046875 0.2263888888888889 0.02890625 0.04722222222222222
0 0.497265625 0.2263888888888889 0.02890625 0.04722222222222222
0 0.51796875 0.28055555555555556 0.0125 0.058333333333333334
0 0.53359375 0.22430555555555556 0.0109375 0.043055555555555555
0 0.451171875 0.23958333333333334 0.01171875 0.05138888888888889
