0 0.463671875 0.6625 0.05390625 0.13055555555555556
0 0.530859375 0.6472222222222223 0.04921875 0.11944444444444445
0 0.591015625 0.6604166666666667 0.03515625 0.12916666666666668
0 0.62421875 0.6944444444444444 0.034375 0.14166666666666666
0 0.689453125 0.6847222222222222 0.05078125 0.125
0 0.6015625 0.45555555555555555 0.01875 0.05
0 0.62265625 0.51875 0.0390625 0.11805555555555555
0 0.639453125 0.5569444444444445 0.03203125 0.08888888888888889
0 0.68359375 0.5625 0.04375 0.08611111111111111
0 0.737890625 0.5548611111111111 0.04140625 0.09305555555555556
0 0.816796875 0.5159722222222223 0.03203125 0.07361111111111111
0 0.67890625 0.4340277777777778 0.0203125 0.04583333333333333
0 0.67890625 0.4861111111111111 0.046875 0.08611111111111111
0 0.73515625 0.475 0.015625 0.07222222222222222
0 0.771484375 0.4638888888888889 0.03515625 0.08611111111111111
0 0.792578125 0.4527777777777778 0.02421875 0.03888888888888889
0 0.84296875 0.45 0.0359375 0.09166666666666666
1 0.226171875 0.6472222222222223 0.11484375 0.1527777777777778
