0 0.35390625 0.5361111111111111 0.1109375 0.2972222222222222
3 0.35234375 0.5333333333333333 0.1109375 0.2972222222222222
0 0.176171875 0.8590277777777777 0.04921875 0.14027777777777778
0 0.237890625 0.66875 0.04765625 0.16527777777777777
0 0.458203125 0.6194444444444445 0.02890625 0.1527777777777778
0 0.52578125 0.6152777777777778 0.0359375 0.1361111111111111
0 0.568359375 0.5395833333333333 0.03203125 0.12638888888888888
0 0.492578125 0.4486111111111111 0.02265625 0.10555555555555556
0 0.46875 0.4097222222222222 0.021875 0.08888888888888889
0 0.5234375 0.4361111111111111 0.0203125 0.08333333333333333
1 0.495703125 0.2673611111111111 0.02890625 0.059722222222222225
0 0.53515625 0.37430555555555556 0.0234375 0.07083333333333333
0 0.49453125 0.3645833333333333 0.01875 0.06527777777777778
0 0.423828125 0.35555555555555557 0.02109375 0.06666666666666667
0 0.39140625 0.3611111111111111 0.01875 0.05
0 0.44453125 0.30486111111111114 0.015625 0.05416666666666667
