5 0.63125 0.7805555555555556 0.153125 0.2951388888888889
5 0.584765625 0.5236111111111111 0.1099609375 0.19652777777777777
5 0.715625 0.4840277777777778 0.1267578125 0.20972222222222223
7 0.562890625 0.34305555555555556 0.0740234375 0.1638888888888889
5 0.660546875 0.34652777777777777 0.08203125 0.1295138888888889
4 0.7421875 0.3645833333333333 0.027734375 0.07881944444444444
4 0.07890625 0.40208333333333335 0.0734375 0.07881944444444444
4 0.21640625 0.2972222222222222 0.051171875 0.06736111111111111
4 0.654296875 0.2638888888888889 0.028125 0.05590277777777778
4 0.686328125 0.29375 0.0208984375 0.07326388888888889
