3 0.2109375 0.2 0.025 0.08055555555555556
3 0.347265625 0.2520833333333333 0.09921875 0.15138888888888888
3 0.638671875 0.5888888888888889 0.23359375 0.5222222222222223
3 0.5453125 0.3173611111111111 0.09375 0.16805555555555557
3 0.54375 0.21875 0.0703125 0.059722222222222225
3 0.174609375 0.18194444444444444 0.00078125 0.002777777777777778
3 0.173828125 0.19027777777777777 0.03671875 0.06111111111111111
0 0.1578125 0.2861111111111111 0.01875 0.05
3 0.64453125 0.30833333333333335 0.1125 0.20555555555555555
3 0.617578125 0.20555555555555555 0.18359375 0.1
