0 0.878125 0.5861111111111111 0.04375 0.14444444444444443
0 0.60625 0.17152777777777778 0.0140625 0.04861111111111111
0 0.390625 0.2111111111111111 0.01875 0.06111111111111111
0 0.528125 0.19583333333333333 0.015625 0.05277777777777778
0 0.425 0.1736111111111111 0.0140625 0.04722222222222222
0 0.555078125 0.17222222222222222 0.01640625 0.04722222222222222
1 0.460546875 0.18472222222222223 0.03828125 0.06388888888888888
3 0.560546875 0.25416666666666665 0.05234375 0.08611111111111111
1 0.568359375 0.3458333333333333 0.05546875 0.09166666666666666
3 0.625 0.4722222222222222 0.096875 0.2388888888888889
3 0.741796875 0.4083333333333333 0.18828125 0.34444444444444444
