1 0.331640625 0.5534722222222223 0.09296875 0.2152777777777778
1 0.528125 0.3729166666666667 0.05625 0.10138888888888889
1 0.524609375 0.3020833333333333 0.04921875 0.05138888888888889
1 0.658984375 0.23680555555555555 0.04140625 0.0375
1 0.691796875 0.22291666666666668 0.03671875 0.043055555555555555
0 0.679296875 0.29097222222222224 0.01171875 0.04861111111111111
0 0.69609375 0.2902777777777778 0.0140625 0.05
3 0.6109375 0.2777777777777778 0.05 0.08611111111111111
3 0.71953125 0.5763888888888888 0.265625 0.4638888888888889
3 0.56171875 0.21736111111111112 0.14375 0.08194444444444444
