0 0.81328125 0.475 0.0375 0.11666666666666667
0 0.727734375 0.33125 0.03203125 0.06805555555555555
0 0.37421875 0.19236111111111112 0.0125 0.04027777777777778
0 0.40546875 0.18263888888888888 0.0171875 0.04583333333333333
1 0.911328125 0.8645833333333334 0.17734375 0.2708333333333333
1 0.46953125 0.1388888888888889 0.0203125 0.03611111111111111
1 0.47578125 0.125 0.0171875 0.03611111111111111
1 0.433203125 0.14652777777777778 0.02578125 0.04583333333333333
1 0.449609375 0.12222222222222222 0.02265625 0.03333333333333333
1 0.636328125 0.7034722222222223 0.13984375 0.24583333333333332
1 0.53125 0.08541666666666667 0.0109375 0.02361111111111111
3 0.73515625 0.4583333333333333 0.1046875 0.20833333333333334
2 0.650390625 0.2763888888888889 0.08359375 0.17777777777777778
3 0.563671875 0.25416666666666665 0.08203125 0.24722222222222223
