0 0.500390625 0.7006944444444444 0.03203125 0.13472222222222222
0 0.558984375 0.7833333333333333 0.06796875 0.1361111111111111
0 0.594921875 0.6388888888888888 0.04765625 0.11388888888888889
0 0.65546875 0.47847222222222224 0.028125 0.06527777777777778
0 0.673828125 0.4076388888888889 0.02734375 0.059722222222222225
1 0.651953125 0.37083333333333335 0.03359375 0.06388888888888888
0 0.669140625 0.5534722222222223 0.03828125 0.0875
0 0.689453125 0.5201388888888889 0.02578125 0.08194444444444444
0 0.706640625 0.4625 0.01953125 0.06944444444444445
0 0.73359375 0.50625 0.0296875 0.059722222222222225
0 0.710546875 0.6680555555555555 0.03671875 0.1
0 0.755859375 0.6784722222222223 0.04453125 0.12638888888888888
1 0.790234375 0.5784722222222223 0.14453125 0.15138888888888888
2 0.136328125 0.8451388888888889 0.26796875 0.20972222222222223
0 0.753515625 0.43472222222222223 0.02734375 0.05277777777777778
0 0.72734375 0.4111111111111111 0.034375 0.05
0 0.74609375 0.39652777777777776 0.0265625 0.05138888888888889
0 0.828515625 0.43472222222222223 0.02109375 0.044444444444444446
0 0.7734375 0.39166666666666666 0.0296875 0.041666666666666664
0 0.838671875 0.3798611111111111 0.01953125 0.0375
0 0.84296875 0.40694444444444444 0.0171875 0.027777777777777776
0 0.869140625 0.4618055555555556 0.03359375 0.0763888888888889
0 0.837109375 0.46805555555555556 0.03046875 0.06111111111111111
0 0.422265625 0.9111111111111111 0.06171875 0.14166666666666666
0 0.927734375 0.7868055555555555 0.05703125 0.15416666666666667
