0 0.4234375 0.19930555555555557 0.009375 0.04583333333333333
0 0.775 0.4479166666666667 0.025 0.10694444444444444
0 0.376171875 0.22916666666666666 0.01640625 0.06388888888888888
0 0.78984375 0.5479166666666667 0.028125 0.12361111111111112
0 0.603515625 0.29305555555555557 0.01640625 0.06944444444444445
0 0.628125 0.26666666666666666 0.0125 0.058333333333333334
0 0.97734375 0.5736111111111111 0.025 0.09722222222222222
2 0.16796875 0.4486111111111111 0.125 0.2222222222222222
3 0.565625 0.18541666666666667 0.0296875 0.06805555555555555
0 0.2171875 0.31666666666666665 0.0203125 0.04722222222222222
