0 0.244140625 0.8104166666666667 0.06796875 0.14027777777777778
0 0.462109375 0.7409722222222223 0.05390625 0.12916666666666668
0 0.800390625 0.7131944444444445 0.03671875 0.10972222222222222
0 0.837890625 0.6430555555555556 0.03671875 0.10555555555555556
0 0.50078125 0.6333333333333333 0.0375 0.09722222222222222
0 0.5796875 0.5590277777777778 0.0328125 0.08472222222222223
0 0.77578125 0.5458333333333333 0.03125 0.07777777777777778
0 0.703515625 0.6777777777777778 0.02890625 0.09444444444444444
0 0.64375 0.5861111111111111 0.034375 0.09166666666666666
0 0.7296875 0.40902777777777777 0.0203125 0.05416666666666667
0 0.79765625 0.5875 0.0296875 0.08611111111111111
0 0.7296875 0.5895833333333333 0.03125 0.08194444444444444
0 0.712890625 0.5444444444444444 0.03046875 0.07222222222222222
0 0.6890625 0.5861111111111111 0.03125 0.08611111111111111
0 0.79140625 0.47430555555555554 0.0265625 0.06805555555555555
0 0.75 0.43333333333333335 0.01875 0.06388888888888888
0 0.855078125 0.4284722222222222 0.01328125 0.0625
0 0.76875 0.4354166666666667 0.0203125 0.05694444444444444
0 0.81484375 0.44722222222222224 0.0265625 0.06666666666666667
0 0.656640625 0.5458333333333333 0.02578125 0.07222222222222222
1 0.58046875 0.8402777777777778 0.103125 0.18055555555555555
1 0.053515625 0.7798611111111111 0.10703125 0.14027777777777778
1 0.41640625 0.5069444444444444 0.0765625 0.09166666666666666
1 0.58203125 0.4222222222222222 0.0421875 0.05555555555555555
1 0.61875 0.4895833333333333 0.053125 0.07916666666666666
1 0.628125 0.39652777777777776 0.0390625 0.059722222222222225
1 0.59765625 0.3645833333333333 0.0390625 0.05694444444444444
1 0.012109375 0.9368055555555556 0.02265625 0.12638888888888888
1 0.6296875 0.3104166666666667 0.0265625 0.04027777777777778
