0 0.357421875 0.28055555555555556 0.01484375 0.06944444444444445
0 0.744140625 0.47847222222222224 0.02421875 0.10138888888888889
0 0.08046875 0.8222222222222222 0.0484375 0.19722222222222222
0 0.630859375 0.30972222222222223 0.01484375 0.06944444444444445
0 0.040625 0.45069444444444445 0.03125 0.12083333333333333
0 0.212890625 0.5875 0.03671875 0.15
0 0.58828125 0.2 0.0109375 0.05
0 0.334765625 0.34930555555555554 0.02109375 0.08472222222222223
0 0.246875 0.47708333333333336 0.03125 0.12361111111111112
0 0.40859375 0.21458333333333332 0.0109375 0.04861111111111111
0 0.425390625 0.2791666666666667 0.01640625 0.058333333333333334
1 0.424609375 0.36319444444444443 0.04921875 0.09583333333333334
1 0.168359375 0.4465277777777778 0.12265625 0.21805555555555556
2 0.166015625 0.4423611111111111 0.12265625 0.21805555555555556
