0 0.404296875 0.8479166666666667 0.04765625 0.15416666666666667
0 0.481640625 0.9479166666666666 0.05078125 0.10416666666666667
0 0.483984375 0.8333333333333334 0.04609375 0.14444444444444443
0 0.463671875 0.7111111111111111 0.03515625 0.125
0 0.439453125 0.6381944444444444 0.03203125 0.1125
0 0.60625 0.8138888888888889 0.0484375 0.1527777777777778
0 0.812890625 0.8694444444444445 0.04296875 0.15
0 0.73828125 0.7020833333333333 0.03125 0.12361111111111112
0 0.68359375 0.7069444444444445 0.03125 0.125
0 0.665625 0.6583333333333333 0.025 0.10277777777777777
0 0.58203125 0.6194444444444445 0.0265625 0.10277777777777777
0 0.6609375 0.5847222222222223 0.0203125 0.08055555555555556
0 0.759375 0.5826388888888889 0.025 0.09583333333333334
0 0.78125 0.4979166666666667 0.0203125 0.0763888888888889
0 0.8265625 0.5791666666666667 0.028125 0.09722222222222222
0 0.838671875 0.5215277777777778 0.01796875 0.07916666666666666
0 0.739453125 0.5354166666666667 0.02109375 0.0763888888888889
0 0.688671875 0.4930555555555556 0.01640625 0.075
0 0.644140625 0.5458333333333333 0.02421875 0.07777777777777778
0 0.7140625 0.4756944444444444 0.0140625 0.05694444444444444
0 0.695703125 0.4305555555555556 0.01640625 0.06111111111111111
0 0.846875 0.4215277777777778 0.0140625 0.07083333333333333
0 0.8015625 0.42916666666666664 0.0140625 0.05555555555555555
0 0.763671875 0.44513888888888886 0.01328125 0.05138888888888889
0 0.741015625 0.44722222222222224 0.01328125 0.05277777777777778
0 0.728515625 0.4354166666666667 0.01015625 0.04861111111111111
0 0.7375 0.40208333333333335 0.0125 0.04027777777777778
0 0.796875 0.3854166666666667 0.0109375 0.029166666666666667
0 0.77890625 0.40902777777777777 0.0125 0.04583333333333333
0 0.811328125 0.35555555555555557 0.01015625 0.03888888888888889
0 0.801171875 0.33958333333333335 0.00859375 0.04027777777777778
0 0.753515625 0.33055555555555555 0.01015625 0.03611111111111111
0 0.82265625 0.3159722222222222 0.0109375 0.03194444444444444
0 0.784765625 0.3159722222222222 0.00859375 0.04027777777777778
0 0.8015625 0.3076388888888889 0.0078125 0.02361111111111111
2 0.65859375 0.3104166666666667 0.0328125 0.0875
1 0.61796875 0.3597222222222222 0.0265625 0.03611111111111111
1 0.590625 0.425 0.05 0.06111111111111111
1 0.56015625 0.40694444444444444 0.03125 0.044444444444444446
1 0.525390625 0.4875 0.05703125 0.06944444444444445
1 0.0453125 0.7701388888888889 0.090625 0.15416666666666667
1 0.71171875 0.3638888888888889 0.028125 0.05
