0 0.34765625 0.25416666666666665 0.0140625 0.06388888888888888
0 0.228125 0.44722222222222224 0.0265625 0.11666666666666667
0 0.315234375 0.29930555555555555 0.01796875 0.07916666666666666
0 0.38515625 0.21944444444444444 0.0125 0.041666666666666664
0 0.294140625 0.36527777777777776 0.02109375 0.09444444444444444
0 0.83359375 0.5847222222222223 0.034375 0.125
0 0.11484375 0.45069444444444445 0.028125 0.10416666666666667
1 0.393359375 0.28055555555555556 0.04296875 0.06944444444444445
3 0.366015625 0.36319444444444443 0.05234375 0.09027777777777778
1 0.45 0.2881944444444444 0.0390625 0.059722222222222225
3 0.6859375 0.7722222222222223 0.2125 0.45555555555555555
3 0.5484375 0.2777777777777778 0.0671875 0.1388888888888889
3 0.458984375 0.1486111111111111 0.02890625 0.06388888888888888
1 0.422265625 0.2513888888888889 0.02421875 0.05277777777777778
