0 0.643359375 0.32430555555555557 0.01796875 0.07916666666666666
0 0.9109375 0.7673611111111112 0.046875 0.17083333333333334
0 0.28984375 0.3638888888888889 0.021875 0.09444444444444444
0 0.923046875 0.9104166666666667 0.05859375 0.17916666666666667
0 0.434375 0.1951388888888889 0.0234375 0.05694444444444444
1 0.434375 0.1951388888888889 0.0234375 0.05694444444444444
3 0.293359375 0.6159722222222223 0.14140625 0.3736111111111111
3 0.565625 0.3729166666666667 0.0640625 0.15138888888888888
3 0.620703125 0.5972222222222222 0.11171875 0.23333333333333334
3 0.533984375 0.22708333333333333 0.04453125 0.10694444444444444
