0 0.722265625 0.4236111111111111 0.02109375 0.058333333333333334
0 0.720703125 0.5069444444444444 0.02734375 0.08055555555555556
0 0.794140625 0.45 0.02109375 0.06111111111111111
0 0.591015625 0.8284722222222223 0.04609375 0.1486111111111111
0 0.67734375 0.48125 0.0234375 0.07083333333333333
0 0.4234375 0.7673611111111112 0.0515625 0.14305555555555555
0 0.51640625 0.5895833333333333 0.034375 0.10138888888888889
0 0.8375 0.4326388888888889 0.0203125 0.05694444444444444
0 0.7453125 0.3784722222222222 0.01875 0.04861111111111111
0 0.58046875 0.6027777777777777 0.03125 0.09444444444444444
0 0.691015625 0.43819444444444444 0.02265625 0.0625
0 0.816796875 0.4666666666666667 0.02109375 0.06388888888888888
0 0.656640625 0.4513888888888889 0.02109375 0.06388888888888888
0 0.2296875 0.95 0.06875 0.1
0 0.767578125 0.48680555555555555 0.02578125 0.07361111111111111
0 0.723046875 0.38263888888888886 0.01796875 0.04583333333333333
0 0.815234375 0.39791666666666664 0.01796875 0.05138888888888889
0 0.765625 0.43333333333333335 0.0203125 0.05555555555555555
0 0.59375 0.6618055555555555 0.0359375 0.10694444444444444
0 0.6484375 0.5097222222222222 0.025 0.08055555555555556
0 0.76953125 0.3819444444444444 0.0171875 0.04722222222222222
0 0.841015625 0.3638888888888889 0.01796875 0.04722222222222222
1 0.564453125 0.44722222222222224 0.05390625 0.08055555555555556
1 0.87109375 0.6458333333333334 0.1109375 0.10555555555555556
1 0.70546875 0.33819444444444446 0.03125 0.04861111111111111
1 0.596484375 0.35625 0.03515625 0.059722222222222225
2 0.638671875 0.36041666666666666 0.03515625 0.059722222222222225
1 0.860546875 0.575 0.11015625 0.05277777777777778
