0 0.6734375 0.7131944444444445 0.0390625 0.10972222222222222
0 0.348828125 0.8854166666666666 0.05390625 0.15138888888888888
0 0.746484375 0.6881944444444444 0.03671875 0.10416666666666667
0 0.775390625 0.7944444444444444 0.04453125 0.13055555555555556
0 0.58203125 0.6708333333333333 0.0359375 0.10277777777777777
0 0.830859375 0.9513888888888888 0.05546875 0.09166666666666666
0 0.527734375 0.9333333333333333 0.05546875 0.10833333333333334
0 0.7296875 0.5506944444444445 0.0296875 0.07361111111111111
0 0.408203125 0.7659722222222223 0.05234375 0.1375
0 0.744921875 0.6131944444444445 0.02890625 0.08194444444444444
0 0.5484375 0.5861111111111111 0.034375 0.09722222222222222
0 0.730078125 0.38263888888888886 0.02109375 0.05416666666666667
0 0.52421875 0.7680555555555556 0.04375 0.125
0 0.803125 0.5333333333333333 0.0265625 0.075
0 0.7703125 0.5055555555555555 0.025 0.06388888888888888
0 0.794140625 0.6201388888888889 0.03046875 0.0875
0 0.8390625 0.38125 0.021875 0.05416666666666667
0 0.830078125 0.6472222222222223 0.03671875 0.10555555555555556
0 0.59375 0.7680555555555556 0.040625 0.11944444444444445
0 0.82265625 0.4756944444444444 0.0234375 0.059722222222222225
0 0.649609375 0.4465277777777778 0.02734375 0.059722222222222225
0 0.617578125 0.5770833333333333 0.03046875 0.09027777777777778
0 0.774609375 0.41805555555555557 0.02265625 0.058333333333333334
0 0.73984375 0.43194444444444446 0.025 0.06388888888888888
0 0.771875 0.5722222222222222 0.0265625 0.075
0 0.83359375 0.5090277777777777 0.0265625 0.0763888888888889
0 0.821484375 0.4354166666666667 0.02265625 0.05416666666666667
0 0.6765625 0.6027777777777777 0.0265625 0.08055555555555556
0 0.709375 0.6409722222222223 0.034375 0.09861111111111111
0 0.784375 0.4888888888888889 0.0234375 0.06111111111111111
0 0.75078125 0.40902777777777777 0.01875 0.05138888888888889
0 0.794140625 0.45416666666666666 0.02421875 0.06111111111111111
0 0.10546875 0.9534722222222223 0.046875 0.09305555555555556
0 0.948046875 0.95 0.05703125 0.08888888888888889
0 0.81640625 0.3680555555555556 0.015625 0.04722222222222222
0 0.751953125 0.9520833333333333 0.04140625 0.07083333333333333
0 0.801953125 0.39305555555555555 0.01953125 0.05277777777777778
1 0.63515625 0.5048611111111111 0.0578125 0.08472222222222223
1 0.306640625 0.5909722222222222 0.08671875 0.09861111111111111
1 0.674609375 0.38958333333333334 0.03671875 0.05694444444444444
2 0.610546875 0.35347222222222224 0.03828125 0.059722222222222225
2 0.67265625 0.3236111111111111 0.0390625 0.06666666666666667
