0 0.47890625 0.7277777777777777 0.0546875 0.13055555555555556
0 0.7078125 0.47430555555555554 0.0296875 0.07916666666666666
0 0.387890625 0.6611111111111111 0.04140625 0.10555555555555556
0 0.746875 0.41041666666666665 0.0203125 0.05694444444444444
0 0.0640625 0.8145833333333333 0.06875 0.14583333333333334
0 0.846875 0.40902777777777777 0.021875 0.05416666666666667
0 0.751953125 0.4798611111111111 0.02734375 0.0763888888888889
0 0.823828125 0.5465277777777777 0.03359375 0.09027777777777778
0 0.35625 0.74375 0.0484375 0.10416666666666667
0 0.8046875 0.47708333333333336 0.015625 0.05138888888888889
0 0.41953125 0.6694444444444444 0.0453125 0.11944444444444445
0 0.166796875 0.8958333333333334 0.06640625 0.1638888888888889
0 0.214453125 0.9347222222222222 0.07578125 0.1111111111111111
0 0.766796875 0.4513888888888889 0.02109375 0.06111111111111111
0 0.8234375 0.4201388888888889 0.0203125 0.05416666666666667
0 0.868359375 0.49027777777777776 0.02890625 0.08055555555555556
0 0.801171875 0.4222222222222222 0.01796875 0.05277777777777778
0 0.778125 0.4131944444444444 0.0203125 0.05694444444444444
0 0.727734375 0.3840277777777778 0.01953125 0.05138888888888889
0 0.822265625 0.48819444444444443 0.02421875 0.06527777777777778
0 0.048828125 0.9465277777777777 0.06953125 0.10694444444444444
1 0.3625 0.8534722222222222 0.115625 0.20416666666666666
1 0.5578125 0.8923611111111112 0.103125 0.19027777777777777
1 0.55 0.6861111111111111 0.078125 0.13055555555555556
1 0.600390625 0.46041666666666664 0.04765625 0.06805555555555555
1 0.66640625 0.44166666666666665 0.04375 0.075
1 0.63671875 0.3861111111111111 0.0359375 0.044444444444444446
2 0.494921875 0.5215277777777778 0.12421875 0.16805555555555557
