0 0.076953125 0.5847222222222223 0.05546875 0.15833333333333333
0 0.015234375 0.7479166666666667 0.03046875 0.1763888888888889
0 0.62578125 0.46944444444444444 0.0484375 0.13333333333333333
0 0.816796875 0.5368055555555555 0.05078125 0.12916666666666668
0 0.625 0.22013888888888888 0.0140625 0.05138888888888889
0 0.51484375 0.26180555555555557 0.0125 0.05416666666666667
0 0.597265625 0.19166666666666668 0.01171875 0.05277777777777778
1 0.333984375 0.3020833333333333 0.05234375 0.10972222222222222
1 0.700390625 0.8034722222222223 0.16640625 0.2791666666666667
1 0.405078125 0.21666666666666667 0.04296875 0.06388888888888888
3 0.45625 0.1326388888888889 0.0421875 0.12916666666666668
3 0.377734375 0.4395833333333333 0.14453125 0.3680555555555556
3 0.525390625 0.2013888888888889 0.02734375 0.07777777777777778
