0 0.3765625 0.8951388888888889 0.053125 0.1625
0 0.752734375 0.7270833333333333 0.03828125 0.1125
0 0.51171875 0.7284722222222222 0.04375 0.12916666666666668
0 0.855859375 0.38055555555555554 0.01640625 0.05
0 0.80703125 0.3958333333333333 0.01875 0.05277777777777778
0 0.3875 0.6819444444444445 0.05 0.125
0 0.333203125 0.8069444444444445 0.04765625 0.15
0 0.7765625 0.5055555555555555 0.025 0.06666666666666667
0 0.76015625 0.46111111111111114 0.021875 0.058333333333333334
0 0.6421875 0.4895833333333333 0.0234375 0.0625
0 0.751953125 0.4097222222222222 0.01953125 0.05277777777777778
0 0.689453125 0.7270833333333333 0.03671875 0.10972222222222222
0 0.62890625 0.5611111111111111 0.03125 0.08055555555555556
0 0.665625 0.45208333333333334 0.0234375 0.059722222222222225
0 0.80546875 0.49166666666666664 0.0234375 0.06666666666666667
0 0.723046875 0.63125 0.03359375 0.0875
0 0.703515625 0.47708333333333336 0.02265625 0.06805555555555555
0 0.853125 0.5305555555555556 0.0265625 0.07777777777777778
0 0.758984375 0.5743055555555555 0.02734375 0.07916666666666666
0 0.558203125 0.5368055555555555 0.03046875 0.0763888888888889
0 0.828515625 0.5611111111111111 0.02734375 0.08055555555555556
0 0.76875 0.3909722222222222 0.0171875 0.04861111111111111
0 0.551953125 0.6180555555555556 0.03515625 0.09722222222222222
0 0.833203125 0.39791666666666664 0.01796875 0.05416666666666667
0 0.730078125 0.50625 0.02265625 0.0625
0 0.715625 0.3993055555555556 0.0203125 0.05694444444444444
0 0.742578125 0.54375 0.01484375 0.0625
0 0.724609375 0.4534722222222222 0.01171875 0.05138888888888889
0 0.737890625 0.36527777777777776 0.01796875 0.04722222222222222
0 0.823828125 0.36666666666666664 0.01484375 0.041666666666666664
0 0.737890625 0.47847222222222224 0.01953125 0.05416666666666667
1 0.628515625 0.32430555555555557 0.03046875 0.04583333333333333
