0 0.63671875 0.9076388888888889 0.0453125 0.1375
0 0.846875 0.9229166666666667 0.0546875 0.12083333333333333
0 0.53984375 0.7145833333333333 0.040625 0.12361111111111112
0 0.81484375 0.4638888888888889 0.0234375 0.06111111111111111
0 0.50390625 0.6458333333333334 0.0359375 0.10555555555555556
0 0.51875 0.5722222222222222 0.0375 0.09166666666666666
0 0.616796875 0.49236111111111114 0.01796875 0.06527777777777778
0 0.776953125 0.6326388888888889 0.03515625 0.09305555555555556
0 0.605078125 0.6277777777777778 0.03828125 0.10277777777777777
0 0.737890625 0.5618055555555556 0.02890625 0.0763888888888889
0 0.837109375 0.5319444444444444 0.02734375 0.07222222222222222
0 0.7203125 0.6326388888888889 0.034375 0.09861111111111111
0 0.77421875 0.5215277777777778 0.025 0.06805555555555555
0 0.697265625 0.41944444444444445 0.02109375 0.05555555555555555
0 0.790234375 0.46319444444444446 0.02109375 0.05694444444444444
0 0.855859375 0.4909722222222222 0.02734375 0.07083333333333333
0 0.75859375 0.47847222222222224 0.021875 0.059722222222222225
0 0.837109375 0.3819444444444444 0.01796875 0.05
0 0.629296875 0.5444444444444444 0.03046875 0.08055555555555556
0 0.679296875 0.5034722222222222 0.02265625 0.07916666666666666
0 0.725 0.4409722222222222 0.015625 0.06527777777777778
0 0.855078125 0.3625 0.01796875 0.04722222222222222
0 0.77734375 0.43333333333333335 0.0203125 0.05555555555555555
0 0.68125 0.43819444444444444 0.0234375 0.05694444444444444
0 0.811328125 0.38263888888888886 0.01484375 0.05416666666666667
0 0.75078125 0.4215277777777778 0.01875 0.05138888888888889
0 0.7359375 0.39444444444444443 0.01875 0.05
1 0.041796875 0.8527777777777777 0.08359375 0.12777777777777777
