4 0.080859375 0.39652777777777776 0.059375 0.08194444444444444
4 0.23984375 0.6152777777777778 0.0529296875 0.11076388888888888
4 0.251171875 0.5006944444444444 0.04765625 0.13055555555555556
4 0.3125 0.3798611111111111 0.0294921875 0.08506944444444445
4 0.37578125 0.3840277777777778 0.028125 0.0875
4 0.319140625 0.3145833333333333 0.021875 0.084375
4 0.344921875 0.2847222222222222 0.0234375 0.07569444444444444
4 0.36796875 0.24513888888888888 0.0189453125 0.06111111111111111
4 0.39453125 0.24027777777777778 0.0169921875 0.05243055555555556
6 0.446875 0.2513888888888889 0.0810546875 0.16354166666666667
