0 0.102734375 0.6326388888888889 0.04140625 0.1597222222222222
0 0.168359375 0.63125 0.03828125 0.15416666666666667
0 0.144921875 0.9083333333333333 0.05859375 0.16944444444444445
0 0.387109375 0.9055555555555556 0.05390625 0.16666666666666666
0 0.2296875 0.7145833333333333 0.03125 0.1625
0 0.276171875 0.8368055555555556 0.03515625 0.19583333333333333
0 0.28359375 0.6166666666666667 0.0296875 0.15555555555555556
0 0.66640625 0.38333333333333336 0.0265625 0.09444444444444444
0 0.363671875 0.31319444444444444 0.01640625 0.08472222222222223
0 0.534375 0.2590277777777778 0.01875 0.06527777777777778
0 0.609375 0.50625 0.03125 0.12638888888888888
0 0.95 0.8527777777777777 0.0578125 0.17777777777777778
0 0.591796875 0.36875 0.01953125 0.0875
0 0.29296875 0.33611111111111114 0.01875 0.08611111111111111
0 0.619140625 0.3541666666666667 0.01796875 0.09166666666666666
0 0.403125 0.31319444444444444 0.01875 0.07916666666666666
0 0.275390625 0.43194444444444446 0.02265625 0.10277777777777777
0 0.5625 0.40902777777777777 0.025 0.10138888888888889
0 0.321484375 0.53125 0.03203125 0.12916666666666668
0 0.338671875 0.35625 0.01640625 0.09583333333333334
0 0.63828125 0.3958333333333333 0.021875 0.1
0 0.10390625 0.8791666666666667 0.0515625 0.19166666666666668
0 0.497265625 0.4076388888888889 0.02265625 0.10138888888888889
0 0.38671875 0.4930555555555556 0.0359375 0.10277777777777777
0 0.40859375 0.44722222222222224 0.0234375 0.10555555555555556
0 0.46171875 0.9333333333333333 0.05 0.125
0 0.22265625 0.5305555555555556 0.0359375 0.12777777777777777
0 0.2296875 0.6166666666666667 0.0296875 0.14444444444444443
0 0.785546875 0.5895833333333333 0.04609375 0.12638888888888888
0 0.262109375 0.3645833333333333 0.02734375 0.08472222222222223
0 0.71953125 0.4625 0.0328125 0.09722222222222222
0 0.315234375 0.3784722222222222 0.01640625 0.08472222222222223
0 0.23828125 0.39305555555555555 0.0265625 0.07777777777777778
0 0.689453125 0.43680555555555556 0.02890625 0.09861111111111111
0 0.64453125 0.28541666666666665 0.021875 0.07361111111111111
0 0.2234375 0.4305555555555556 0.0265625 0.08333333333333333
0 0.705078125 0.37916666666666665 0.02734375 0.09166666666666666
0 0.776953125 0.5125 0.03515625 0.07777777777777778
0 0.8 0.6284722222222222 0.034375 0.13194444444444445
0 0.3234375 0.30972222222222223 0.015625 0.07777777777777778
0 0.21171875 0.4861111111111111 0.0265625 0.1111111111111111
0 0.383984375 0.25555555555555554 0.01484375 0.06666666666666667
0 0.392578125 0.4131944444444444 0.01484375 0.0625
0 0.596875 0.28194444444444444 0.015625 0.06111111111111111
0 0.58046875 0.2701388888888889 0.01875 0.059722222222222225
1 0.483203125 0.80625 0.19296875 0.24027777777777778
1 0.40703125 0.6090277777777777 0.146875 0.1625
1 0.691796875 0.5506944444444445 0.08515625 0.14305555555555555
1 0.392578125 0.17222222222222222 0.04296875 0.04722222222222222
3 0.46171875 0.42430555555555555 0.078125 0.1986111111111111
2 0.437109375 0.22013888888888888 0.05703125 0.11527777777777778
3 0.458203125 0.2722222222222222 0.04765625 0.11388888888888889
2 0.775 0.8229166666666666 0.2546875 0.3541666666666667
0 0.77265625 0.4527777777777778 0.025 0.05277777777777778
0 0.568359375 0.36041666666666666 0.01640625 0.04861111111111111
0 0.28203125 0.5131944444444444 0.0296875 0.07916666666666666
0 0.383203125 0.3527777777777778 0.01484375 0.075
