7 0.031640625 0.8208333333333333 0.06328125 0.35555555555555557
7 0.53515625 0.28194444444444444 0.0609375 0.121875
5 0.569140625 0.5666666666666667 0.1244140625 0.19756944444444444
5 0.663671875 0.8326388888888889 0.19296875 0.33194444444444443
5 0.879296875 0.8680555555555556 0.23984375 0.2611111111111111
5 0.524609375 0.35555555555555557 0.04296875 0.06666666666666667
7 0.2375 0.7430555555555556 0.253125 0.5111111111111111
4 0.758984375 0.42083333333333334 0.02890625 0.0798611111111111
6 0.680078125 0.5055555555555555 0.1177734375 0.20798611111111112
7 0.621484375 0.3423611111111111 0.0634765625 0.1267361111111111
