0 0.941015625 0.6840277777777778 0.05859375 0.1763888888888889
0 0.706640625 0.3375 0.02734375 0.09166666666666666
0 0.674609375 0.29375 0.01796875 0.0625
0 0.1765625 0.4652777777777778 0.0359375 0.11666666666666667
0 0.36875 0.21319444444444444 0.01875 0.04861111111111111
0 0.254296875 0.39305555555555555 0.02734375 0.09444444444444444
0 0.34609375 0.25763888888888886 0.0171875 0.059722222222222225
0 0.596484375 0.18194444444444444 0.01640625 0.05
0 0.391796875 0.18472222222222223 0.01640625 0.05277777777777778
0 0.776171875 0.3798611111111111 0.03046875 0.07361111111111111
1 0.353515625 0.6875 0.14296875 0.25277777777777777
1 0.595703125 0.7 0.14140625 0.24444444444444444
1 0.268359375 0.49027777777777776 0.11484375 0.2
1 0.433203125 0.3368055555555556 0.05859375 0.10138888888888889
1 0.614453125 0.2263888888888889 0.03515625 0.06111111111111111
3 0.76796875 0.5097222222222222 0.128125 0.2388888888888889
1 0.64609375 0.36180555555555555 0.071875 0.1625
3 0.56015625 0.2534722222222222 0.046875 0.10694444444444444
3 0.45625 0.20208333333333334 0.0484375 0.11805555555555555
