0 0.379296875 0.24166666666666667 0.01328125 0.06666666666666667
0 0.775 0.45 0.025 0.10555555555555556
0 0.640625 0.29930555555555555 0.021875 0.059722222222222225
0 0.364453125 0.3194444444444444 0.01640625 0.07777777777777778
0 0.849609375 0.6111111111111112 0.03828125 0.125
0 0.40546875 0.18541666666666667 0.009375 0.04861111111111111
2 0.683203125 0.3993055555555556 0.07734375 0.1375
3 0.605859375 0.53125 0.16328125 0.4375
3 0.588671875 0.225 0.03046875 0.07222222222222222
3 0.55625 0.2833333333333333 0.0640625 0.09444444444444444
0 0.72421875 0.3784722222222222 0.0125 0.07361111111111111
