0 0.07421875 0.7965277777777777 0.0484375 0.19027777777777777
0 0.262109375 0.3958333333333333 0.02421875 0.10555555555555556
0 0.371484375 0.27847222222222223 0.01328125 0.06805555555555555
0 0.571484375 0.2881944444444444 0.01953125 0.07361111111111111
0 0.401171875 0.23541666666666666 0.01171875 0.04861111111111111
0 0.61875 0.24375 0.015625 0.06527777777777778
0 0.549609375 0.1701388888888889 0.01171875 0.04583333333333333
0 0.41640625 0.18680555555555556 0.0109375 0.04583333333333333
0 0.43984375 0.1597222222222222 0.0109375 0.03888888888888889
3 0.454296875 0.2520833333333333 0.03828125 0.09305555555555556
0 0.917578125 0.3819444444444444 0.04140625 0.08055555555555556
0 0.376171875 0.22777777777777777 0.01015625 0.03611111111111111
0 0.3921875 0.22291666666666668 0.0078125 0.04861111111111111
