0 0.391796875 0.9069444444444444 0.05859375 0.14166666666666666
0 0.34765625 0.8236111111111111 0.053125 0.14722222222222223
0 0.792578125 0.4652777777777778 0.02109375 0.05555555555555555
0 0.761328125 0.4777777777777778 0.02421875 0.06388888888888888
0 0.698046875 0.5173611111111112 0.02890625 0.0763888888888889
0 0.587109375 0.5215277777777778 0.02734375 0.07361111111111111
0 0.744140625 0.5493055555555556 0.02734375 0.07083333333333333
0 0.5265625 0.6986111111111111 0.0484375 0.11666666666666667
0 0.82421875 0.6006944444444444 0.040625 0.09861111111111111
0 0.56484375 0.5902777777777778 0.034375 0.08333333333333333
0 0.70703125 0.43333333333333335 0.0203125 0.05277777777777778
0 0.776953125 0.6 0.03671875 0.09166666666666666
0 0.806640625 0.42083333333333334 0.01953125 0.05
0 0.775 0.43472222222222223 0.01875 0.05
0 0.503125 0.6701388888888888 0.0453125 0.11527777777777778
0 0.65078125 0.5583333333333333 0.0328125 0.08333333333333333
0 0.635546875 0.9472222222222222 0.05078125 0.08333333333333333
0 0.543359375 0.5298611111111111 0.02890625 0.0763888888888889
0 0.7359375 0.4263888888888889 0.0203125 0.05555555555555555
0 0.684375 0.43680555555555556 0.0234375 0.05694444444444444
0 0.75234375 0.3923611111111111 0.015625 0.04583333333333333
0 0.8328125 0.41875 0.0234375 0.05694444444444444
0 0.66875 0.5027777777777778 0.025 0.06666666666666667
0 0.78359375 0.39375 0.015625 0.0375
0 0.716015625 0.39375 0.01640625 0.043055555555555555
0 0.805859375 0.3659722222222222 0.01640625 0.0375
0 0.652734375 0.4895833333333333 0.02421875 0.0625
0 0.8296875 0.35555555555555557 0.015625 0.03888888888888889
0 0.76875 0.36736111111111114 0.0125 0.0375
1 0.41796875 0.5083333333333333 0.0921875 0.10277777777777777
1 0.61953125 0.36875 0.0375 0.059722222222222225
1 0.590234375 0.42430555555555555 0.04921875 0.06805555555555555
1 0.69765625 0.36527777777777776 0.0390625 0.05277777777777778
1 0.63515625 0.3104166666666667 0.021875 0.0375
1 0.623828125 0.3375 0.02265625 0.03611111111111111
