0 0.206640625 0.3104166666666667 0.02578125 0.06527777777777778
0 0.178515625 0.3104166666666667 0.01640625 0.07083333333333333
3 0.579296875 0.55 0.19296875 0.41944444444444445
3 0.54296875 0.2673611111111111 0.06875 0.17916666666666667
3 0.649609375 0.36736111111111114 0.11328125 0.24027777777777778
3 0.66171875 0.21666666666666667 0.0875 0.10277777777777777
0 0.761328125 0.3972222222222222 0.02890625 0.08611111111111111
0 0.737890625 0.37222222222222223 0.01953125 0.08055555555555556
0 0.7078125 0.31805555555555554 0.0171875 0.06666666666666667
0 0.3328125 0.21944444444444444 0.0265625 0.041666666666666664
0 0.4171875 0.22361111111111112 0.025 0.03888888888888889
3 0.495703125 0.2125 0.07109375 0.07222222222222222
