0 0.34453125 0.2361111111111111 0.01875 0.06944444444444445
0 0.16640625 0.5118055555555555 0.0421875 0.12916666666666668
0 0.65390625 0.7263888888888889 0.0484375 0.175
0 0.539453125 0.29375 0.02109375 0.0763888888888889
0 0.57578125 0.28541666666666665 0.0234375 0.06805555555555555
0 0.71328125 0.3416666666666667 0.0265625 0.08888888888888889
0 0.646484375 0.26319444444444445 0.02109375 0.059722222222222225
0 0.6171875 0.23819444444444443 0.01875 0.04861111111111111
0 0.676171875 0.24027777777777778 0.01328125 0.04722222222222222
0 0.631640625 0.20625 0.01015625 0.04027777777777778
0 0.607421875 0.1951388888888889 0.01171875 0.04583333333333333
0 0.58984375 0.18888888888888888 0.0109375 0.03333333333333333
1 0.573046875 0.20555555555555555 0.03984375 0.04722222222222222
1 0.5609375 0.16180555555555556 0.0265625 0.0375
3 0.428515625 0.2604166666666667 0.08203125 0.22361111111111112
3 0.6375 0.4076388888888889 0.0953125 0.22361111111111112
3 0.53046875 0.2152777777777778 0.0359375 0.09166666666666666
