1 0.6625 0.49930555555555556 0.0921875 0.12083333333333333
1 0.49921875 0.2263888888888889 0.05625 0.05277777777777778
3 0.19375 0.20347222222222222 0.059375 0.09583333333333334
0 0.1578125 0.7243055555555555 0.06875 0.1875
0 0.158984375 0.3402777777777778 0.02265625 0.08055555555555556
0 0.166796875 0.3055555555555556 0.01171875 0.05555555555555555
0 0.777734375 0.43125 0.02890625 0.09861111111111111
0 0.70703125 0.23541666666666666 0.0203125 0.05138888888888889
0 0.662109375 0.22708333333333333 0.02421875 0.0375
0 0.373046875 0.21597222222222223 0.02109375 0.04861111111111111
0 0.415625 0.225 0.025 0.04722222222222222
0 0.442578125 0.22708333333333333 0.02109375 0.034722222222222224
2 0.619921875 0.3347222222222222 0.05546875 0.11388888888888889
2 0.623828125 0.25763888888888886 0.03984375 0.0375
