0 0.04375 0.7118055555555556 0.053125 0.17916666666666667
0 0.308984375 0.3215277777777778 0.01796875 0.08194444444444444
0 0.181640625 0.5465277777777777 0.03359375 0.13472222222222222
0 0.363671875 0.2548611111111111 0.01484375 0.06805555555555555
0 0.76640625 0.46458333333333335 0.0234375 0.09861111111111111
0 0.67890625 0.39166666666666666 0.0203125 0.08611111111111111
0 0.96484375 0.8069444444444445 0.0484375 0.16666666666666666
0 0.352734375 0.3104166666666667 0.01796875 0.08194444444444444
0 0.583203125 0.19722222222222222 0.01015625 0.044444444444444446
0 0.041015625 0.4652777777777778 0.02421875 0.09444444444444444
1 0.43984375 0.2833333333333333 0.0359375 0.07777777777777778
1 0.28984375 0.5493055555555556 0.109375 0.1736111111111111
1 0.78671875 0.6847222222222222 0.1234375 0.21666666666666667
3 0.2796875 0.84375 0.225 0.3125
3 0.528125 0.1875 0.04375 0.10277777777777777
