0 0.13203125 0.8840277777777777 0.0484375 0.22361111111111112
0 0.311328125 0.5208333333333334 0.02734375 0.12222222222222222
0 0.472265625 0.7791666666666667 0.04296875 0.175
0 0.488671875 0.4486111111111111 0.02109375 0.08611111111111111
0 0.52265625 0.38472222222222224 0.0171875 0.08055555555555556
0 0.4875 0.3326388888888889 0.0171875 0.06527777777777778
0 0.496484375 0.28194444444444444 0.01171875 0.05555555555555555
0 0.509765625 0.3104166666666667 0.01015625 0.0625
0 0.528515625 0.2777777777777778 0.01328125 0.06111111111111111
0 0.5171875 0.2569444444444444 0.0140625 0.044444444444444446
1 0.508203125 0.20555555555555555 0.02265625 0.041666666666666664
