0 0.3265625 0.2673611111111111 0.0265625 0.0763888888888889
0 0.403125 0.18055555555555555 0.015625 0.041666666666666664
0 0.625 0.24097222222222223 0.021875 0.059722222222222225
0 0.65 0.2298611111111111 0.015625 0.05416666666666667
0 0.682421875 0.25625 0.01953125 0.05694444444444444
0 0.579296875 0.49722222222222223 0.03828125 0.11666666666666667
0 0.8703125 0.6451388888888889 0.059375 0.16805555555555557
0 0.9375 0.8020833333333334 0.0640625 0.20694444444444443
3 0.567578125 0.25 0.07890625 0.24722222222222223
3 0.316015625 0.7666666666666667 0.18671875 0.4666666666666667
