3 0.517578125 0.29930555555555555 0.06328125 0.1625
3 0.60078125 0.29930555555555555 0.0625 0.15694444444444444
3 0.365234375 0.33819444444444446 0.08984375 0.22916666666666666
3 0.395703125 0.20277777777777778 0.14296875 0.09722222222222222
0 0.446875 0.3277777777777778 0.0203125 0.06388888888888888
0 0.25 0.22083333333333333 0.0203125 0.03611111111111111
0 0.278125 0.2263888888888889 0.0234375 0.03888888888888889
0 0.305859375 0.22777777777777777 0.01953125 0.03333333333333333
0 0.63125 0.22777777777777777 0.0203125 0.03611111111111111
1 0.63125 0.43194444444444446 0.0640625 0.1
