0 0.158203125 0.3819444444444444 0.02890625 0.07777777777777778
0 0.18984375 0.25277777777777777 0.0171875 0.05
0 0.27578125 0.20833333333333334 0.0296875 0.058333333333333334
0 0.310546875 0.21180555555555555 0.01796875 0.0375
0 0.343359375 0.2125 0.02265625 0.03888888888888889
0 0.409375 0.21666666666666667 0.021875 0.03888888888888889
2 0.613671875 0.5826388888888889 0.18828125 0.5402777777777777
2 0.92578125 0.85 0.1484375 0.3
2 0.53359375 0.3472222222222222 0.084375 0.24722222222222223
2 0.621484375 0.3055555555555556 0.07734375 0.19444444444444445
3 0.523828125 0.20694444444444443 0.07578125 0.07777777777777778
0 0.838671875 0.5111111111111111 0.03359375 0.11944444444444445
1 0.715625 0.5354166666666667 0.046875 0.15694444444444444
2 0.712109375 0.20833333333333334 0.06640625 0.08333333333333333
1 0.671484375 0.2465277777777778 0.03828125 0.05416666666666667
