0 0.758984375 0.6868055555555556 0.05546875 0.1486111111111111
0 0.759765625 0.5104166666666666 0.03203125 0.12361111111111112
0 0.376953125 0.6194444444444445 0.03828125 0.14166666666666666
0 0.963671875 0.7715277777777778 0.05859375 0.1486111111111111
0 0.254296875 0.5520833333333334 0.04609375 0.12916666666666668
0 0.7296875 0.39305555555555555 0.0265625 0.1
0 0.462890625 0.2861111111111111 0.01953125 0.075
0 0.3140625 0.44027777777777777 0.0265625 0.11944444444444445
0 0.91796875 0.9229166666666667 0.0796875 0.1486111111111111
0 0.662109375 0.33958333333333335 0.01953125 0.0875
0 0.62421875 0.34652777777777777 0.0203125 0.07361111111111111
0 0.3359375 0.3402777777777778 0.01875 0.06944444444444445
0 0.421484375 0.34305555555555556 0.02265625 0.09722222222222222
0 0.047265625 0.4125 0.04453125 0.09722222222222222
0 0.583203125 0.28125 0.01640625 0.07361111111111111
0 0.34140625 0.4652777777777778 0.0234375 0.11666666666666667
0 0.9 0.61875 0.0359375 0.15694444444444444
0 0.67109375 0.43333333333333335 0.0265625 0.1
0 0.38203125 0.4409722222222222 0.0234375 0.11805555555555555
0 0.74375 0.6013888888888889 0.0578125 0.125
1 0.52109375 0.32430555555555557 0.0828125 0.08194444444444444
1 0.4 0.28541666666666665 0.0390625 0.07361111111111111
2 0.206640625 0.45 0.17109375 0.19722222222222222
3 0.533984375 0.18333333333333332 0.03203125 0.09722222222222222
0 0.620703125 0.3020833333333333 0.01484375 0.03194444444444444
0 0.679296875 0.3819444444444444 0.01640625 0.04722222222222222
0 0.33984375 0.28888888888888886 0.0375 0.058333333333333334
