0 0.41640625 0.89375 0.0609375 0.15694444444444444
0 0.50234375 0.8819444444444444 0.0484375 0.14722222222222223
0 0.587890625 0.8520833333333333 0.04921875 0.13472222222222222
0 0.699609375 0.5048611111111111 0.02890625 0.07361111111111111
0 0.425390625 0.6583333333333333 0.04140625 0.09722222222222222
0 0.565625 0.7680555555555556 0.040625 0.1111111111111111
0 0.758984375 0.7541666666666667 0.04140625 0.12222222222222222
0 0.715234375 0.6034722222222222 0.03828125 0.09027777777777778
0 0.430859375 0.7444444444444445 0.04765625 0.12222222222222222
0 0.871484375 0.5041666666666667 0.02109375 0.075
0 0.8625 0.8381944444444445 0.0421875 0.14305555555555555
0 0.71796875 0.44930555555555557 0.0171875 0.07083333333333333
0 0.36171875 0.7548611111111111 0.05625 0.11527777777777778
0 0.555859375 0.6430555555555556 0.03671875 0.10277777777777777
0 0.64609375 0.7576388888888889 0.040625 0.10972222222222222
0 0.215625 0.8361111111111111 0.0625 0.14444444444444443
0 0.525 0.7451388888888889 0.0421875 0.1125
0 0.751953125 0.45 0.01796875 0.06111111111111111
0 0.673046875 0.8555555555555555 0.04453125 0.125
0 0.589453125 0.6006944444444444 0.03515625 0.0875
0 0.855859375 0.47708333333333336 0.01953125 0.0625
0 0.772265625 0.3958333333333333 0.01328125 0.05
0 0.76875 0.43819444444444444 0.0203125 0.05694444444444444
0 0.712109375 0.7847222222222222 0.03671875 0.12222222222222222
0 0.79609375 0.5090277777777777 0.01875 0.07083333333333333
0 0.145703125 0.925 0.06328125 0.11388888888888889
0 0.7828125 0.46458333333333335 0.01875 0.059722222222222225
0 0.83671875 0.46319444444444446 0.01875 0.06805555555555555
0 0.62109375 0.6027777777777777 0.034375 0.075
0 0.3234375 0.9354166666666667 0.0625 0.11805555555555555
0 0.323828125 0.7145833333333333 0.04140625 0.09861111111111111
0 0.789453125 0.38333333333333336 0.01484375 0.05277777777777778
1 0.081640625 0.7409722222222223 0.13515625 0.14583333333333334
1 0.32265625 0.5854166666666667 0.09375 0.10138888888888889
1 0.473046875 0.4888888888888889 0.06015625 0.08055555555555556
1 0.557421875 0.3958333333333333 0.04453125 0.06111111111111111
1 0.6890625 0.42430555555555555 0.046875 0.07361111111111111
1 0.633984375 0.4756944444444444 0.05390625 0.07916666666666666
1 0.59140625 0.43472222222222223 0.04375 0.06388888888888888
1 0.595703125 0.36875 0.03046875 0.04861111111111111
1 0.63046875 0.39861111111111114 0.03125 0.05555555555555555
1 0.690625 0.3729166666666667 0.0359375 0.04583333333333333
1 0.63671875 0.5756944444444444 0.0640625 0.08194444444444444
1 0.603125 0.6979166666666666 0.0734375 0.11527777777777778
1 0.622265625 0.33541666666666664 0.03046875 0.04583333333333333
