0 0.800390625 0.5618055555555556 0.02421875 0.0763888888888889
0 0.752734375 0.5479166666666667 0.02578125 0.07916666666666666
0 0.848828125 0.6736111111111112 0.03671875 0.11944444444444445
0 0.8234375 0.6180555555555556 0.03125 0.09444444444444444
0 0.80078125 0.5041666666666667 0.025 0.06944444444444445
0 0.712890625 0.47847222222222224 0.02109375 0.0625
0 0.77109375 0.5888888888888889 0.028125 0.08888888888888889
0 0.63515625 0.9104166666666667 0.046875 0.15416666666666667
0 0.025390625 0.8826388888888889 0.05078125 0.1625
0 0.783203125 0.4388888888888889 0.01953125 0.06111111111111111
0 0.844921875 0.5222222222222223 0.02890625 0.08333333333333333
0 0.8015625 0.9347222222222222 0.0484375 0.12777777777777777
0 0.363671875 0.6319444444444444 0.04140625 0.09722222222222222
0 0.12734375 0.8361111111111111 0.065625 0.1527777777777778
0 0.862109375 0.8965277777777778 0.04609375 0.1625
0 0.83046875 0.7993055555555556 0.0375 0.13472222222222222
0 0.726953125 0.5173611111111112 0.02265625 0.07361111111111111
0 0.775 0.8236111111111111 0.040625 0.15
0 0.469140625 0.6423611111111112 0.04140625 0.11527777777777778
0 0.70078125 0.4486111111111111 0.0203125 0.06111111111111111
0 0.81015625 0.4097222222222222 0.01875 0.05277777777777778
0 0.834765625 0.4513888888888889 0.02265625 0.06388888888888888
0 0.725 0.39444444444444443 0.0203125 0.058333333333333334
0 0.3625 0.9347222222222222 0.059375 0.09722222222222222
0 0.669921875 0.5305555555555556 0.02734375 0.08611111111111111
0 0.81875 0.4395833333333333 0.0203125 0.059722222222222225
0 0.701171875 0.8416666666666667 0.04296875 0.1527777777777778
0 0.844921875 0.36944444444444446 0.01640625 0.05
0 0.765625 0.44722222222222224 0.021875 0.06388888888888888
0 0.346875 0.66875 0.040625 0.09583333333333334
0 0.825390625 0.3763888888888889 0.01640625 0.05
0 0.7671875 0.3902777777777778 0.0171875 0.05
0 0.746484375 0.36180555555555555 0.01640625 0.05138888888888889
1 0.66015625 0.7027777777777777 0.0859375 0.1527777777777778
1 0.338671875 0.7861111111111111 0.11015625 0.18055555555555555
1 0.120703125 0.6854166666666667 0.14140625 0.14583333333333334
1 0.399609375 0.5319444444444444 0.07734375 0.10277777777777777
1 0.486328125 0.7840277777777778 0.10703125 0.2125
1 0.551953125 0.46597222222222223 0.05859375 0.08472222222222223
