0 0.598046875 0.5340277777777778 0.03046875 0.0875
0 0.43125 0.9208333333333333 0.0578125 0.14166666666666666
0 0.557421875 0.5354166666666667 0.02890625 0.08194444444444444
0 0.58203125 0.6472222222222223 0.0359375 0.10833333333333334
0 0.720703125 0.40902777777777777 0.02109375 0.05416666666666667
0 0.767578125 0.5229166666666667 0.02734375 0.0763888888888889
0 0.65234375 0.5625 0.01875 0.08333333333333333
0 0.767578125 0.39652777777777776 0.01953125 0.05138888888888889
0 0.753515625 0.4548611111111111 0.02265625 0.05694444444444444
0 0.805859375 0.4798611111111111 0.02734375 0.07361111111111111
0 0.74296875 0.49375 0.025 0.07083333333333333
0 0.746875 0.4041666666666667 0.0203125 0.05277777777777778
0 0.23046875 0.8229166666666666 0.0640625 0.1375
0 0.231640625 0.9361111111111111 0.06640625 0.11944444444444445
0 0.853515625 0.5361111111111111 0.02109375 0.07777777777777778
0 0.79453125 0.3993055555555556 0.0203125 0.05694444444444444
0 0.544921875 0.6208333333333333 0.03359375 0.10555555555555556
0 0.74296875 0.6548611111111111 0.040625 0.11805555555555555
0 0.701171875 0.5708333333333333 0.03359375 0.09166666666666666
0 0.884765625 0.3909722222222222 0.02578125 0.059722222222222225
0 0.6453125 0.5055555555555555 0.01875 0.075
0 0.815625 0.36736111111111114 0.0171875 0.04861111111111111
0 0.729296875 0.38125 0.01640625 0.043055555555555555
1 0.89296875 0.6305555555555555 0.140625 0.13055555555555556
1 0.619921875 0.3423611111111111 0.03046875 0.05138888888888889
1 0.575 0.3902777777777778 0.0421875 0.06388888888888888
1 0.636328125 0.31180555555555556 0.02578125 0.04027777777777778
2 0.0484375 0.78125 0.096875 0.26805555555555555
