4 0.080078125 0.40694444444444444 0.059375 0.08680555555555555
4 0.210546875 0.28541666666666665 0.0416015625 0.04548611111111111
4 0.757421875 0.4027777777777778 0.03125 0.09756944444444444
4 0.685546875 0.3763888888888889 0.0302734375 0.08368055555555555
4 0.711328125 0.36736111111111114 0.02734375 0.08611111111111111
4 0.68046875 0.28680555555555554 0.0216796875 0.090625
4 0.65234375 0.2798611111111111 0.015625 0.0625
4 0.6328125 0.27361111111111114 0.0189453125 0.06458333333333334
4 0.615234375 0.26944444444444443 0.0337890625 0.08645833333333333
5 0.56484375 0.2916666666666667 0.0609375 0.08402777777777778
4 0.361328125 0.24027777777777778 0.0306640625 0.07430555555555556
4 0.630859375 0.3506944444444444 0.0259765625 0.0875
