3 0.359765625 0.32083333333333336 0.08828125 0.21388888888888888
3 0.5859375 0.55 0.1515625 0.33055555555555555
3 0.5671875 0.23958333333333334 0.0828125 0.1125
1 0.6171875 0.3013888888888889 0.04375 0.06388888888888888
1 0.642578125 0.27291666666666664 0.03828125 0.04861111111111111
1 0.69921875 0.24791666666666667 0.046875 0.04861111111111111
1 0.41796875 0.30277777777777776 0.0765625 0.04722222222222222
1 0.73828125 0.2298611111111111 0.040625 0.05138888888888889
1 0.320703125 0.2111111111111111 0.10546875 0.08333333333333333
0 0.716015625 0.3388888888888889 0.02265625 0.06944444444444445
1 0.146484375 0.18263888888888888 0.02890625 0.034722222222222224
1 0.196484375 0.18333333333333332 0.02265625 0.03888888888888889
