0 0.48828125 0.8493055555555555 0.0453125 0.20694444444444443
0 0.457421875 0.6486111111111111 0.03203125 0.14166666666666666
0 0.491015625 0.5 0.02578125 0.11944444444444445
0 0.455078125 0.48819444444444443 0.02421875 0.10972222222222222
0 0.398046875 0.33125 0.01640625 0.06805555555555555
0 0.504296875 0.36041666666666666 0.02109375 0.07083333333333333
0 0.51953125 0.31527777777777777 0.0140625 0.06666666666666667
0 0.476171875 0.31527777777777777 0.01640625 0.06388888888888888
3 0.461328125 0.23541666666666666 0.03515625 0.07916666666666666
0 0.49921875 0.2972222222222222 0.0140625 0.058333333333333334
