5 0.17265625 0.5479166666666667 0.1296875 0.24270833333333333
5 0.3140625 0.7361111111111112 0.1044921875 0.2659722222222222
5 0.310546875 0.33611111111111114 0.0572265625 0.08576388888888889
5 0.559765625 0.5736111111111111 0.1177734375 0.19444444444444445
5 0.662109375 0.49583333333333335 0.0791015625 0.12569444444444444
5 0.819921875 0.8361111111111111 0.18515625 0.2638888888888889
5 0.62109375 0.9069444444444444 0.18125 0.18333333333333332
5 0.523046875 0.34305555555555556 0.04609375 0.059027777777777776
5 0.537890625 0.2826388888888889 0.0333984375 0.05138888888888889
6 0.609375 0.28680555555555554 0.055859375 0.134375
4 0.74453125 0.38125 0.019921875 0.058333333333333334
4 0.9265625 0.6166666666666667 0.0513671875 0.12708333333333333
5 0.197265625 0.325 0.0599609375 0.08923611111111111
