0 0.1046875 0.5958333333333333 0.0421875 0.14722222222222223
0 0.15859375 0.49027777777777776 0.046875 0.10555555555555556
0 0.599609375 0.6861111111111111 0.04921875 0.1638888888888889
0 0.822265625 0.5194444444444445 0.04296875 0.1361111111111111
0 0.44921875 0.23194444444444445 0.0421875 0.058333333333333334
0 0.621875 0.1951388888888889 0.0171875 0.04583333333333333
1 0.415625 0.1736111111111111 0.0328125 0.058333333333333334
1 0.464453125 0.16805555555555557 0.04609375 0.041666666666666664
1 0.486328125 0.14305555555555555 0.02265625 0.03333333333333333
1 0.526953125 0.16597222222222222 0.02734375 0.04583333333333333
1 0.576171875 0.2125 0.04296875 0.06111111111111111
1 0.568359375 0.18194444444444444 0.03203125 0.041666666666666664
3 0.2609375 0.5979166666666667 0.3546875 0.8041666666666667
3 0.562109375 0.3368055555555556 0.06484375 0.16805555555555557
3 0.648046875 0.2986111111111111 0.07109375 0.14722222222222223
