0 0.64375 0.32569444444444445 0.0171875 0.0875
0 0.041796875 0.49027777777777776 0.04765625 0.1111111111111111
0 0.596875 0.2465277777777778 0.015625 0.06805555555555555
0 0.1359375 0.4652777777777778 0.0546875 0.11944444444444445
0 0.15234375 0.5868055555555556 0.0609375 0.12361111111111112
0 0.284375 0.4222222222222222 0.0234375 0.1111111111111111
0 0.071484375 0.42291666666666666 0.05078125 0.09861111111111111
0 0.668359375 0.29930555555555555 0.02109375 0.07916666666666666
0 0.73828125 0.3993055555555556 0.025 0.09861111111111111
0 0.7734375 0.5520833333333334 0.034375 0.12083333333333333
0 0.3390625 0.29583333333333334 0.0203125 0.07222222222222222
0 0.605078125 0.4263888888888889 0.03828125 0.1
0 0.3359375 0.3388888888888889 0.0171875 0.08611111111111111
0 0.62734375 0.4354166666666667 0.0421875 0.09305555555555556
0 0.299609375 0.39444444444444443 0.02421875 0.10277777777777777
1 0.613671875 0.6715277777777777 0.10390625 0.19027777777777777
1 0.355859375 0.4097222222222222 0.05703125 0.11944444444444445
1 0.346484375 0.5618055555555556 0.14296875 0.16805555555555557
1 0.45 0.36944444444444446 0.0484375 0.1111111111111111
1 0.7765625 0.7013888888888888 0.1109375 0.19166666666666668
1 0.394140625 0.29375 0.03671875 0.08472222222222223
1 0.55703125 0.23055555555555557 0.0328125 0.05555555555555555
1 0.401953125 0.22847222222222222 0.03515625 0.0625
1 0.418359375 0.20208333333333334 0.03359375 0.04861111111111111
1 0.446875 0.47430555555555554 0.0578125 0.15416666666666667
1 0.508984375 0.18472222222222223 0.03046875 0.06944444444444445
3 0.46015625 0.2652777777777778 0.046875 0.10277777777777777
