0 0.282421875 0.36527777777777776 0.02109375 0.09166666666666666
0 0.033203125 0.7784722222222222 0.06328125 0.2013888888888889
0 0.412890625 0.23402777777777778 0.01640625 0.05416666666666667
0 0.582421875 0.21388888888888888 0.01171875 0.058333333333333334
0 0.384375 0.24375 0.0140625 0.059722222222222225
0 0.360546875 0.225 0.01171875 0.044444444444444446
1 0.768359375 0.6569444444444444 0.08984375 0.19722222222222222
1 0.5984375 0.3076388888888889 0.0359375 0.07916666666666666
3 0.519140625 0.15833333333333333 0.02578125 0.06111111111111111
0 0.14921875 0.35625 0.0296875 0.08472222222222223
