1 0.374609375 0.5090277777777777 0.08359375 0.16527777777777777
0 0.492578125 0.7215277777777778 0.03984375 0.17916666666666667
0 0.567578125 0.71875 0.03828125 0.16527777777777777
0 0.28984375 0.5506944444444445 0.03125 0.14027777777777778
0 0.3328125 0.4583333333333333 0.0203125 0.1
0 0.4015625 0.36527777777777776 0.01875 0.07777777777777778
1 0.4546875 0.28958333333333336 0.0375 0.0763888888888889
0 0.53046875 0.32708333333333334 0.0171875 0.06805555555555555
0 0.512109375 0.28958333333333336 0.01328125 0.05694444444444444
0 0.530859375 0.2652777777777778 0.01171875 0.05
