0 0.186328125 0.2701388888888889 0.01796875 0.059722222222222225
0 0.264453125 0.20416666666666666 0.01953125 0.041666666666666664
0 0.30078125 0.20694444444444443 0.021875 0.044444444444444446
0 0.328125 0.20972222222222223 0.015625 0.044444444444444446
0 0.35390625 0.2152777777777778 0.0234375 0.03888888888888889
3 0.5171875 0.21041666666666667 0.0796875 0.06527777777777778
1 0.608203125 0.7243055555555555 0.13828125 0.23194444444444445
2 0.7046875 0.5319444444444444 0.125 0.225
1 0.528125 0.4097222222222222 0.0703125 0.13055555555555556
1 0.526171875 0.2861111111111111 0.04609375 0.06944444444444445
1 0.60703125 0.2881944444444444 0.0390625 0.059722222222222225
1 0.64296875 0.26458333333333334 0.0359375 0.043055555555555555
0 0.791796875 0.40625 0.03046875 0.0875
3 0.65703125 0.20347222222222222 0.1171875 0.09027777777777778
