2 0.095703125 0.225 0.03984375 0.075
1 0.5921875 0.8159722222222222 0.1421875 0.2763888888888889
1 0.66875 0.5326388888888889 0.1015625 0.15694444444444444
1 0.54375 0.45555555555555555 0.0625 0.14166666666666666
1 0.604296875 0.37777777777777777 0.05390625 0.09166666666666666
1 0.614453125 0.30625 0.03828125 0.0625
1 0.648046875 0.27569444444444446 0.03671875 0.0375
1 0.6796875 0.25555555555555554 0.0390625 0.04722222222222222
1 0.7328125 0.23819444444444443 0.0421875 0.034722222222222224
0 0.4234375 0.22777777777777777 0.0203125 0.041666666666666664
3 0.3640625 0.20347222222222222 0.071875 0.06527777777777778
1 0.27734375 0.20902777777777778 0.0546875 0.04583333333333333
1 0.193359375 0.18680555555555556 0.03203125 0.04583333333333333
2 0.526953125 0.28402777777777777 0.06796875 0.1763888888888889
3 0.6015625 0.2298611111111111 0.0640625 0.09583333333333334
