0 0.477734375 0.45902777777777776 0.02421875 0.10694444444444444
0 0.52890625 0.3875 0.0203125 0.08333333333333333
0 0.41875 0.2881944444444444 0.015625 0.059722222222222225
0 0.474609375 0.28402777777777777 0.01328125 0.059722222222222225
0 0.5015625 0.28194444444444444 0.015625 0.05277777777777778
0 0.508984375 0.34652777777777777 0.01640625 0.06527777777777778
0 0.5328125 0.2708333333333333 0.0140625 0.05277777777777778
0 0.51171875 0.2326388888888889 0.009375 0.0375
0 0.522265625 0.24097222222222223 0.01171875 0.04583333333333333
0 0.446875 0.25 0.0125 0.041666666666666664
