0 0.52734375 0.79375 0.0421875 0.1763888888888889
0 0.409375 0.7326388888888888 0.040625 0.1625
0 0.464453125 0.6180555555555556 0.03203125 0.1361111111111111
0 0.291015625 0.61875 0.03203125 0.14583333333333334
0 0.316796875 0.48680555555555555 0.02421875 0.11805555555555555
0 0.50234375 0.4701388888888889 0.021875 0.09861111111111111
0 0.53828125 0.5277777777777778 0.025 0.11944444444444445
0 0.3875 0.3472222222222222 0.0171875 0.07777777777777778
0 0.461328125 0.3909722222222222 0.01953125 0.0875
0 0.49609375 0.3576388888888889 0.015625 0.07916666666666666
0 0.515234375 0.3798611111111111 0.01640625 0.07361111111111111
0 0.5171875 0.32708333333333334 0.0171875 0.05138888888888889
0 0.51640625 0.2548611111111111 0.0125 0.04027777777777778
0 0.539453125 0.29305555555555557 0.01328125 0.06111111111111111
1 0.500390625 0.24375 0.02734375 0.05138888888888889
