0 0.900390625 0.7715277777777778 0.05234375 0.1736111111111111
0 0.722265625 0.46597222222222223 0.02578125 0.1125
0 0.682421875 0.4111111111111111 0.02265625 0.10277777777777777
0 0.4859375 0.6604166666666667 0.034375 0.17083333333333334
0 0.035546875 0.5729166666666666 0.06640625 0.12916666666666668
0 0.64453125 0.41041666666666665 0.0203125 0.09583333333333334
0 0.619921875 0.3125 0.01953125 0.08055555555555556
0 0.27578125 0.6138888888888889 0.0421875 0.13055555555555556
0 0.01953125 0.3680555555555556 0.0390625 0.09444444444444444
0 0.781640625 0.6340277777777777 0.03671875 0.15416666666666667
0 0.8921875 0.47638888888888886 0.0546875 0.09166666666666666
0 0.27421875 0.45208333333333334 0.0296875 0.10694444444444444
0 0.652734375 0.3375 0.01796875 0.07777777777777778
0 0.589453125 0.26944444444444443 0.01953125 0.06666666666666667
0 0.168359375 0.39652777777777776 0.05390625 0.09861111111111111
0 0.72890625 0.39166666666666666 0.0234375 0.08888888888888889
0 0.469140625 0.5604166666666667 0.02890625 0.12361111111111112
0 0.468359375 0.31805555555555554 0.01484375 0.06388888888888888
0 0.304296875 0.5055555555555555 0.02421875 0.11666666666666667
0 0.234765625 0.4201388888888889 0.02578125 0.09583333333333334
0 0.292578125 0.36736111111111114 0.02578125 0.08472222222222223
0 0.344140625 0.41180555555555554 0.02109375 0.09583333333333334
0 0.316796875 0.4375 0.02109375 0.1
0 0.56640625 0.20347222222222222 0.0171875 0.05416666666666667
0 0.355078125 0.3541666666666667 0.01953125 0.08055555555555556
1 0.533984375 0.32222222222222224 0.08203125 0.09444444444444444
3 0.090234375 0.46458333333333335 0.10859375 0.11805555555555555
1 0.369140625 0.7409722222222223 0.09453125 0.19027777777777777
1 0.2140625 0.5305555555555556 0.115625 0.12777777777777777
1 0.401171875 0.5020833333333333 0.07578125 0.17916666666666667
1 0.4171875 0.32708333333333334 0.0484375 0.11805555555555555
2 0.4171875 0.32708333333333334 0.0484375 0.11805555555555555
3 0.46328125 0.23958333333333334 0.0390625 0.10416666666666667
3 0.4171875 0.32708333333333334 0.0484375 0.11805555555555555
