0 0.46328125 0.8388888888888889 0.0484375 0.1527777777777778
0 0.721484375 0.4375 0.01953125 0.058333333333333334
0 0.83046875 0.3784722222222222 0.0171875 0.04861111111111111
0 0.508984375 0.6152777777777778 0.03359375 0.10833333333333334
0 0.8375 0.45208333333333334 0.021875 0.0625
0 0.353515625 0.6861111111111111 0.04296875 0.12222222222222222
0 0.71484375 0.3951388888888889 0.01875 0.04583333333333333
0 0.753125 0.4041666666666667 0.0171875 0.05277777777777778
0 0.81640625 0.6291666666666667 0.0328125 0.1
0 0.735546875 0.6194444444444445 0.03203125 0.1
0 0.574609375 0.6006944444444444 0.03515625 0.10416666666666667
0 0.331640625 0.8270833333333333 0.05859375 0.1486111111111111
0 0.66484375 0.5486111111111112 0.028125 0.08055555555555556
0 0.681640625 0.5013888888888889 0.02421875 0.06666666666666667
0 0.786328125 0.46319444444444446 0.02109375 0.06527777777777778
0 0.77734375 0.4076388888888889 0.015625 0.04861111111111111
0 0.78984375 0.9201388888888888 0.05 0.12638888888888888
0 0.775390625 0.3645833333333333 0.01328125 0.0375
0 0.767578125 0.34097222222222223 0.01171875 0.0375
1 0.59765625 0.37916666666666665 0.0453125 0.06388888888888888
1 0.3875 0.5895833333333333 0.0859375 0.11527777777777778
2 0.54921875 0.45069444444444445 0.08125 0.12083333333333333
2 0.61484375 0.3277777777777778 0.0328125 0.07222222222222222
