0 0.228515625 0.4625 0.02890625 0.12222222222222222
0 0.784765625 0.5340277777777778 0.02734375 0.11805555555555555
0 0.727734375 0.5472222222222223 0.02890625 0.12222222222222222
0 0.620703125 0.2923611111111111 0.01484375 0.06805555555555555
0 0.598828125 0.21180555555555555 0.01171875 0.04861111111111111
1 0.426953125 0.21041666666666667 0.02890625 0.059722222222222225
3 0.55703125 0.32222222222222224 0.046875 0.1111111111111111
3 0.603515625 0.5020833333333333 0.06953125 0.1625
3 0.533203125 0.21388888888888888 0.03515625 0.08055555555555556
3 0.88203125 0.3111111111111111 0.15 0.1361111111111111
