5 0.58671875 0.5576388888888889 0.1015625 0.18715277777777778
5 0.687109375 0.4131944444444444 0.07109375 0.14166666666666666
7 0.56484375 0.34097222222222223 0.079296875 0.1795138888888889
5 0.638671875 0.8833333333333333 0.1400390625 0.22152777777777777
5 0.886328125 0.8569444444444444 0.22578125 0.2833333333333333
4 0.65234375 0.2826388888888889 0.0263671875 0.0625
4 0.670703125 0.31527777777777777 0.01796875 0.05277777777777778
4 0.685546875 0.3111111111111111 0.0171875 0.058680555555555555
4 0.75 0.34444444444444444 0.034765625 0.08298611111111111
5 0.428125 0.3111111111111111 0.0439453125 0.1111111111111111
4 0.081640625 0.40208333333333335 0.06328125 0.060069444444444446
4 0.20625 0.2833333333333333 0.034765625 0.03923611111111111
4 0.25625 0.4395833333333333 0.034765625 0.13784722222222223
4 0.383984375 0.21666666666666667 0.01875 0.05590277777777778
