1 0.89921875 0.9409722222222222 0.1828125 0.11527777777777778
3 0.703125 0.5416666666666666 0.140625 0.2833333333333333
3 0.53828125 0.23680555555555555 0.0625 0.11527777777777778
1 0.604296875 0.3368055555555556 0.04453125 0.0763888888888889
1 0.619921875 0.2763888888888889 0.04296875 0.05277777777777778
2 0.4375 0.2152777777777778 0.1328125 0.08333333333333333
0 0.30703125 0.21736111111111112 0.025 0.04027777777777778
0 0.34296875 0.21805555555555556 0.0171875 0.030555555555555555
1 0.590234375 0.22291666666666668 0.04453125 0.043055555555555555
0 0.699609375 0.2798611111111111 0.01328125 0.04861111111111111
0 0.64296875 0.21666666666666667 0.0171875 0.041666666666666664
2 0.537890625 0.34930555555555554 0.05859375 0.12638888888888888
