1 0.591796875 0.2625 0.04765625 0.05
1 0.602734375 0.33125 0.04921875 0.06805555555555555
1 0.72109375 0.22013888888888888 0.0421875 0.034722222222222224
3 0.2125 0.4201388888888889 0.1234375 0.2375
3 0.241796875 0.2826388888888889 0.05546875 0.07083333333333333
0 0.125 0.24513888888888888 0.0203125 0.05416666666666667
0 0.183984375 0.20347222222222222 0.01953125 0.034722222222222224
0 0.2203125 0.2152777777777778 0.021875 0.03333333333333333
0 0.27734375 0.20833333333333334 0.0171875 0.03611111111111111
0 0.516015625 0.23541666666666666 0.02265625 0.04027777777777778
0 0.58046875 0.22291666666666668 0.0203125 0.029166666666666667
2 0.36953125 0.2048611111111111 0.1359375 0.07916666666666666
